CNA-SMN-CG-GMC-SMAA-CLIMATOLOGIA
BASE DE DATOS CLIMATOLOGICA
DATOS DISPONIBLES EN LA BASE DE DATOS A AGOSTO 2022

ESTACION  : 3021
NOMBRE    : LA AGUJA
ESTADO    : BAJA CALIFORNIA SUR
MUNICIPIO : LA PAZ
SITUACION : SUSPENDIDA
ORGANISMO : CONAGUA-DGE
CVE-OMM   : Nulo
LATITUD   : 023.983°
LONGITUD  : -110.883°
ALTITUD   : 27 msnm

EMISIÓN   : 16/08/2022

            PRECIP  EVAP   TMAX   TMIN   
  Fecha     (MM)    (MM)   (°C)   (°C)   
19/01/1961  0       2.7    23     11     
20/01/1961  0       1.7    18     12     
21/01/1961  0       3.6    16     10     
22/01/1961  0       2.8    14     11     
23/01/1961  0       2.2    15     10     
24/01/1961  0       2      21     10     
25/01/1961  0       4.8    17     11     
26/01/1961  0       2.3    15     10     
27/01/1961  0       2.7    14     11     
28/01/1961  0       3.4    21     11     
29/01/1961  0       4.1    21     10     
30/01/1961  0       3.6    23     10     
31/01/1961  0       3.4    19     9      
01/01/1962  0       3.2    18     10     
02/01/1962  0       2.1    23     12     
03/01/1962  0       2.4    21     7      
04/01/1962  0       2.1    22     9      
05/01/1962  0       2.3    23     12     
06/01/1962  0       3.9    18     7      
07/01/1962  0       4.4    21     10     
08/01/1962  0       4.6    24     10     
09/01/1962  0       4.1    26     8      
10/01/1962  0       3.2    25     9      
11/01/1962  0       3.7    23     12     
12/01/1962  0       4.1    20     13     
13/01/1962  0       3.6    22     10     
14/01/1962  0       3      22     11     
15/01/1962  0       4      21     12     
16/01/1962  0       4.1    24     13     
17/01/1962  0       3.2    26     13     
18/01/1962  0       3.1    21     9      
19/01/1962  0       3.8    18     7      
20/01/1962  0       2.7    21     8      
21/01/1962  0       2.4    23     9      
22/01/1962  0       2      24     10     
23/01/1962  0       3.5    24     12     
24/01/1962  0       1.8    21     13     
25/01/1962  0       3.2    20     14     
26/01/1962  0       2.2    21     11     
27/01/1962  0       2.6    22     11     
28/01/1962  0       3.3    25     8      
29/01/1962  0       3      21     9      
30/01/1962  0       2.6    18     10     
31/01/1962  0       2.5    19     12     
01/02/1962  0       3      23     9      
02/02/1962  0       2.7    19     10     
03/02/1962  0       2.8    18     11     
04/02/1962  0       3.9    17     9      
05/02/1962  0       3.1    21     12     
06/02/1962  0       2.3    22     13     
07/02/1962  0       2.2    26     13     
08/02/1962  0       2.4    24     11     
09/02/1962  0       3.2    22     14     
10/02/1962  0       3.2    26     12     
11/02/1962  0       2.8    23     11     
12/02/1962  0       3.1    22     11     
13/02/1962  0       3.7    24     12     
14/02/1962  0       4.2    25     11     
15/02/1962  0       2.3    24     10     
16/02/1962  0       4.7    24     10     
17/02/1962  0       4.3    21     12     
18/02/1962  0       4.8    21     10     
19/02/1962  0       3.3    24     10     
20/02/1962  0       3.5    22     12     
21/02/1962  0       3.7    26     13     
22/02/1962  0       4.1    23     14     
23/02/1962  0       4.7    22     7      
24/02/1962  0       5      23     14     
25/02/1962  0       5.1    19     13     
26/02/1962  0       5      20     12     
27/02/1962  0       5.2    22     10     
28/02/1962  0       4.8    20     9      
01/03/1962  0       3.4    24     11     
02/03/1962  0       4.2    24     9      
03/03/1962  0       4.3    27     10     
04/03/1962  0       3.9    25     9      
05/03/1962  0       3      24     7      
06/03/1962  0       4.8    19     8      
07/03/1962  0       4.3    24     10     
08/03/1962  0       3.3    19     9      
09/03/1962  0       3.7    23     10     
10/03/1962  0       4.7    24     11     
11/03/1962  0       5.1    24     9      
12/03/1962  0       4.7    25     8      
13/03/1962  0       3.8    27     7      
14/03/1962  0       4.1    23     10     
15/03/1962  0       5.5    24     11     
16/03/1962  0       4.9    24     9      
17/03/1962  0       4.3    20     9      
18/03/1962  0       3      19     8      
19/03/1962  0       3.6    22     10     
20/03/1962  0       4      19     12     
21/03/1962  0       3.8    19     10     
22/03/1962  0       3.3    24     11     
23/03/1962  0       4      22     12     
24/03/1962  0       4.4    25     11     
25/03/1962  0       4.1    23     11     
26/03/1962  0       4      22     14     
27/03/1962  0       4.1    24     12     
28/03/1962  0       4.2    25     10     
29/03/1962  0       4.2    23     8      
30/03/1962  0       4.8    19     12     
31/03/1962  0       4.3    21     12     
01/04/1962  0       4.4    18     13     
02/04/1962  0       4      19     14     
03/04/1962  0       4.6    19     13     
04/04/1962  0       4.3    22     16     
05/04/1962  0       4.6    21     11     
06/04/1962  0       3.2    25     14     
07/04/1962  0       3.6    21     12     
08/04/1962  0       4.3    20     13     
09/04/1962  0       2.8    18     10     
10/04/1962  0       3.5    25     12     
11/04/1962  0       5      17     14     
12/04/1962  0       4.8    20     12     
13/04/1962  0       4.3    25     10     
14/04/1962  0       5.7    26     14     
15/04/1962  0       4.1    23     15     
16/04/1962  0       4.2    20     15     
17/04/1962  0       3.9    22     12     
18/04/1962  0       4.2    21     11     
19/04/1962  0       4      18     13     
20/04/1962  0       4.1    20     12     
21/04/1962  0       3.7    21     10     
22/04/1962  0       4.8    22     14     
23/04/1962  0       3.5    20     11     
24/04/1962  0       3.5    25     10     
25/04/1962  0       3.8    22     14     
26/04/1962  0       3.8    21     9      
27/04/1962  0       4      26     13     
28/04/1962  0       4      25     12     
29/04/1962  0       4      21     14     
30/04/1962  0       4      20     13     
01/05/1962  0       5.1    25     10     
02/05/1962  0       6.3    21     14     
03/05/1962  0       4.3    20     15     
04/05/1962  0       3.2    24     10     
05/05/1962  0       3.8    16     14     
06/05/1962  0       4.1    17     13     
07/05/1962  0       3.4    19     14     
08/05/1962  0       4.5    16     14     
09/05/1962  0       4.2    20     13     
10/05/1962  0       4.5    25     14     
11/05/1962  0       4.9    21     11     
12/05/1962  0       5.5    18     11     
13/05/1962  0       5.1    15     12     
14/05/1962  0       5      21     13     
15/05/1962  0       5      17     12     
16/05/1962  0       5      18     13     
17/05/1962  0       4.8    24     12     
18/05/1962  0       5.9    21     15     
19/05/1962  0       4.7    26     14     
20/05/1962  0       5.9    24     15     
21/05/1962  0       7.6    24     14     
22/05/1962  0       5.2    21     16     
23/05/1962  0       7.2    22     14     
24/05/1962  0       5.7    27     13     
25/05/1962  0       5.4    25     17     
26/05/1962  0       7.3    24     18     
27/05/1962  0       5.5    21     17     
28/05/1962  0       7.2    23     15     
29/05/1962  0       7      24     14     
30/05/1962  0       5.4    20     10     
31/05/1962  0       6.5    21     11     
01/06/1962  0       8.6    24     17     
02/06/1962  0       9.2    21     11     
03/06/1962  0       4.9    19     16     
04/06/1962  0       5.6    22     15     
05/06/1962  0       6.7    24     12     
06/06/1962  0       6.9    27     14     
07/06/1962  0       6.1    25     17     
08/06/1962  0       6.3    24     14     
09/06/1962  0       5.3    24     17     
10/06/1962  0       5.7    25     14     
11/06/1962  0       7.2    22     15     
12/06/1962  0       6.6    24     18     
13/06/1962  0       5.4    24     12     
14/06/1962  0       5.8    23     14     
15/06/1962  0       7.9    29     18     
16/06/1962  0       5.8    24     16     
17/06/1962  0       5.9    22     17     
18/06/1962  0       5.4    23     18     
19/06/1962  0       5.1    27     18     
20/06/1962  0       5.9    25     20     
21/06/1962  0       6      26     17     
22/06/1962  0       4.5    26     17     
23/06/1962  0       4.9    22     15     
24/06/1962  0       4.6    24     14     
25/06/1962  0       5.8    26     16     
26/06/1962  0       6.2    26     15     
27/06/1962  0       5.6    28     18     
28/06/1962  0       7.4    31     16     
29/06/1962  0       8      29     20     
30/06/1962  0       7      28     18     
01/09/1963  0       8.2    35     30     
02/09/1963  0       8      34     30     
03/09/1963  0       8.3    35     30     
04/09/1963  0       8.2    36     30     
05/09/1963  0       8.1    36     31     
06/09/1963  0       8      33     31     
07/09/1963  0       8.1    35     29     
08/09/1963  0       8.3    35     30     
09/09/1963  0       8.2    36     30     
10/09/1963  0       7.1    35     30     
11/09/1963  0       8.1    35     31     
12/09/1963  0       8.4    36     32     
13/09/1963  0       8.3    36     32     
14/09/1963  0       8.3    33     29     
15/09/1963  0       8.1    36     28     
16/09/1963  0       8.3    35     30     
17/09/1963  0       8.6    33     31     
18/09/1963  0       8.2    34     30     
19/09/1963  0       8.1    34     30     
20/09/1963  0       8.2    35     30     
21/09/1963  0       8.2    33     30     
22/09/1963  0       8.2    32     29     
23/09/1963  0       8.3    35     30     
24/09/1963  0       8.3    34     30     
25/09/1963  0       8.1    34     30     
26/09/1963  0       8.2    35     31     
27/09/1963  0       8.3    36     32     
28/09/1963  0       8.2    36     31     
29/09/1963  0       7.9    37     32     
30/09/1963  0       7.9    35     32     
01/10/1963  0       8.3    35     31     
02/10/1963  0       8.3    33     31     
03/10/1963  0       8.4    36     30     
04/10/1963  0       8.1    36     31     
05/10/1963  0       8.2    38     29     
06/10/1963  0       8.4    36     30     
07/10/1963  0       8.3    35     28     
08/10/1963  0       8.5    38     31     
09/10/1963  0       8.3    37     30     
10/10/1963  0       7.6    36     30     
11/10/1963  0       8.7    36     28     
12/10/1963  0       8.1    36     29     
13/10/1963  0       8.3    37     20     
14/10/1963  0       8.2    35     22     
15/10/1963  0       8.3    36     25     
16/10/1963  0       8.6    36     22     
17/10/1963  0       8.2    35     22     
18/10/1963  0       8.2    34     23     
19/10/1963  0       8.3    33     21     
20/10/1963  0       8.2    35     22     
21/10/1963  0       6.4    34     23     
22/10/1963  0       8.4    34     24     
23/10/1963  0       9.1    35     26     
24/10/1963  0       7.6    35     25     
25/10/1963  0       8.3    36     24     
26/10/1963  0       8.3    34     22     
27/10/1963  0       7.8    34     20     
28/10/1963  0       8.4    35     21     
29/10/1963  0       8      34     21     
30/10/1963  0       8.1    35     23     
31/10/1963  0       8      34     22     
01/11/1963  0       5.9    35     31     
02/11/1963  0       6.8    36     31     
03/11/1963  0       7.1    35     29     
04/11/1963  0       7      35     29     
05/11/1963  0       6.1    36     30     
06/11/1963  0       7.3    35     31     
07/11/1963  0       6.9    35     30     
08/11/1963  0       6.2    36     30     
09/11/1963  0       8.2    36     30     
10/11/1963  0       8.1    35     30     
11/11/1963  0       7.9    36     30     
12/11/1963  0       8.2    36     32     
13/11/1963  0       8.2    34     32     
14/11/1963  0       8.3    35     30     
15/11/1963  0       8.1    35     30     
16/11/1963  0       8      36     32     
17/11/1963  0       7.9    37     32     
18/11/1963  0       8.2    34     32     
19/11/1963  0       8.3    35     30     
20/11/1963  0       8      34     30     
21/11/1963  0       8.3    35     29     
22/11/1963  0       8.4    35     30     
23/11/1963  0       8.1    35     30     
24/11/1963  0       8.2    36     31     
25/11/1963  0       8.4    34     32     
26/11/1963  0       7.9    36     31     
27/11/1963  0       8.2    35     32     
28/11/1963  0       8      35     31     
29/11/1963  0       8.2    34     30     
30/11/1963  0       8.1    35     30     
01/12/1963  0       8.4    30     17     
02/12/1963  0       7.7    30     19     
03/12/1963  0       7.3    31     18     
04/12/1963  0       7.2    32     17     
05/12/1963  0       6.4    30     18     
06/12/1963  0       7.4    31     17     
07/12/1963  0       7.1    29     18     
08/12/1963  0       7      30     18     
09/12/1963  0       7.2    28     16     
10/12/1963  0       6.9    30     19     
11/12/1963  0       6.7    27     17     
12/12/1963  0       7.2    28     15     
13/12/1963  0       7.2    31     18     
14/12/1963  0       6.8    29     17     
15/12/1963  0       7.5    31     17     
16/12/1963  0       7.4    28     16     
17/12/1963  0       7.4    27     18     
18/12/1963  0       6.7    30     15     
19/12/1963  0       6.9    31     17     
20/12/1963  0       6.5    31     16     
21/12/1963  0       6.8    30     16     
22/12/1963  0       6.6    29     17     
23/12/1963  0       7.7    30     17     
24/12/1963  0       7.1    29     15     
25/12/1963  0       6.8    30     16     
26/12/1963  0       6.9    28     15     
27/12/1963  0       6.1    29     15     
28/12/1963  0       6.3    28     14     
29/12/1963  0       6.3    25     13     
30/12/1963  0       6.2    27     11     
31/12/1963  0       6.3    25     11     
01/01/1964  0       5.1    30     21     
02/01/1964  0       6.6    30     22     
03/01/1964  0       6.3    30     20     
04/01/1964  0       6.1    29     20     
05/01/1964  0       6.3    28     21     
06/01/1964  0       7.8    29     22     
07/01/1964  0       6.3    28     23     
08/01/1964  0       6.3    28     20     
09/01/1964  0       6.1    29     18     
10/01/1964  0       6.2    30     20     
11/01/1964  0       6.2    28     18     
12/01/1964  0       6.6    27     23     
13/01/1964  0       6.2    26     21     
14/01/1964  0       6      27     22     
15/01/1964  0       6.3    30     20     
16/01/1964  0       6.3    29     21     
17/01/1964  0       6.2    30     21     
18/01/1964  0       6.3    28     20     
19/01/1964  0       6.5    30     22     
20/01/1964  0       6.1    29     21     
21/01/1964  0       6.2    30     23     
22/01/1964  0       6.2    31     21     
23/01/1964  0       7      30     20     
24/01/1964  0       6.9    31     21     
25/01/1964  0       6.8    25     18     
26/01/1964  0       7      24     19     
27/01/1964  0       6.8    30     16     
28/01/1964  0       7.4    30     18     
29/01/1964  0       8.9    31     18     
30/01/1964  0       7      29     16     
31/01/1964  0       7.6    30     16     
01/02/1964  0       4.2    28     16     
02/02/1964  0       4.3    29     14     
03/02/1964  0       6.1    28     14     
04/02/1964  0       5.9    26     15     
05/02/1964  0       6.9    26     13     
06/02/1964  0       5.3    28     14     
07/02/1964  0       7.4    29     13     
08/02/1964  0       5.8    26     14     
09/02/1964  0       6.4    28     15     
10/02/1964  0       4.9    26     14     
11/02/1964  0       6.5    28     16     
12/02/1964  0       5.7    25     14     
13/02/1964  0       5.8    25     15     
14/02/1964  0       7      24     16     
15/02/1964  0       5.2    25     15     
16/02/1964  0       5.5    24     13     
17/02/1964  0       6.2    24     14     
18/02/1964  0       5.5    25     13     
19/02/1964  0       6.2    26     14     
20/02/1964  0       6.8    25     15     
21/02/1964  0       6.5    26     13     
22/02/1964  0       6.4    24     14     
23/02/1964  0       7.3    24     15     
24/02/1964  0       6.3    25     14     
25/02/1964  0       6.1    24     13     
26/02/1964  0       6.9    26     14     
27/02/1964  0       6.3    28     15     
28/02/1964  0       6.2    26     14     
29/02/1964  0       5.9    24     16     
01/03/1964  0       5.9    24     10     
02/03/1964  0       3.7    24     11     
03/03/1964  0       3.9    22     12     
04/03/1964  0       3.6    22     10     
05/03/1964  0       5.9    22     13     
06/03/1964  0       4.1    24     12     
07/03/1964  0       5.7    26     10     
08/03/1964  0       5.1    22     12     
09/03/1964  0       4.7    23     14     
10/03/1964  0       4.8    22     13     
11/03/1964  0       5.8    25     13     
12/03/1964  0       5.3    26     12     
13/03/1964  0       4.4    25     10     
14/03/1964  0       3.7    26     11     
15/03/1964  0       5.3    25     13     
16/03/1964  0       5.3    26     12     
17/03/1964  0       5.2    29     11     
18/03/1964  0       4.3    26     10     
19/03/1964  0       5.5    26     13     
20/03/1964  0       5.6    25     12     
21/03/1964  0       5.4    22     14     
22/03/1964  0       5.5    24     13     
23/03/1964  0       4.8    24     10     
24/03/1964  0       5.7    25     14     
25/03/1964  0       4.4    23     13     
26/03/1964  0       3.8    24     12     
27/03/1964  0       4.1    24     10     
28/03/1964  0       3.6    22     10     
29/03/1964  0       4.8    24     14     
30/03/1964  0       4.6    24     10     
31/03/1964  0       3.3    25     14     
01/04/1964  0       3.6    22     14     
02/04/1964  0       6.2    25     13     
03/04/1964  0       8.5    24     17     
04/04/1964  0       8.2    22     16     
05/04/1964  0       8.2    25     16     
06/04/1964  0       7.9    22     14     
07/04/1964  0       8      27     13     
08/04/1964  0       8.1    29     14     
09/04/1964  0       8      29     13     
10/04/1964  0       8.2    27     16     
11/04/1964  0       8      25     15     
12/04/1964  0       7.8    30     16     
13/04/1964  0       8      28     16     
14/04/1964  0       7.9    29     17     
15/04/1964  0       8.1    30     16     
16/04/1964  0       8.1    29     15     
17/04/1964  0       7.9    29     15     
18/04/1964  0       7.8    29     14     
19/04/1964  0       8.3    29     12     
20/04/1964  0       8      25     16     
21/04/1964  0       8.2    30     15     
22/04/1964  0       8.3    28     16     
23/04/1964  0       8.1    29     14     
24/04/1964  0       8      29     16     
25/04/1964  0       8      29     17     
26/04/1964  0       8.2    27     14     
27/04/1964  0       8.2    28     15     
28/04/1964  0       8.1    29     12     
29/04/1964  0       8.1    22     10     
30/04/1964  0       8.3    30     14     
01/06/1964  0       8.8    24     20     
02/06/1964  0       9.4    25     20     
03/06/1964  0       8.5    28     22     
04/06/1964  0       8.4    26     20     
05/06/1964  0       9.1    28     22     
06/06/1964  0       8.3    27     21     
07/06/1964  0       8.6    28     22     
08/06/1964  0       9.1    26     20     
09/06/1964  0       8.9    28     22     
10/06/1964  0       8.5    28     20     
11/06/1964  0       8.6    28     22     
12/06/1964  0       9.1    30     23     
13/06/1964  0       8.4    28     22     
14/06/1964  0       8.5    28     23     
15/06/1964  0       9      27     21     
16/06/1964  0       8.6    28     20     
17/06/1964  0       9.1    29     23     
18/06/1964  0       8.5    28     20     
19/06/1964  0       9.2    30     21     
20/06/1964  0       8.5    35     22     
21/06/1964  0       8.4    31     22     
22/06/1964  0       9.1    34     20     
23/06/1964  0       8.4    37     24     
24/06/1964  0       8.7    35     22     
25/06/1964  0       8.4    32     20     
26/06/1964  0       9.1    30     22     
27/06/1964  0       8.8    32     25     
28/06/1964  0       8.8    36     24     
29/06/1964  0       9.1    37     20     
30/06/1964  0       8.8    38     21     
01/07/1964  0       8.1    27     22     
02/07/1964  0       8.2    27     20     
03/07/1964  0       8.5    29     19     
04/07/1964  0       8.3    29     18     
05/07/1964  0       8.6    28     19     
06/07/1964  0       8.4    30     18     
07/07/1964  0       8.2    31     20     
08/07/1964  0       9.1    32     20     
09/07/1964  0       8.9    30     22     
10/07/1964  0       8.4    29     19     
11/07/1964  0       9      29     19     
12/07/1964  0       8.2    28     18     
13/07/1964  0       8.9    31     21     
14/07/1964  0       8.6    31     20     
15/07/1964  0       8.4    29     21     
16/07/1964  0       8.5    30     19     
17/07/1964  0       8.4    30     19     
18/07/1964  0       8.7    29     19     
19/07/1964  0       8.4    30     18     
20/07/1964  0       8.6    29     20     
21/07/1964  0       8.5    30     20     
22/07/1964  0       8.5    30     19     
23/07/1964  0       8.6    31     18     
24/07/1964  0       8.5    30     21     
25/07/1964  0       8.3    29     20     
26/07/1964  0       8.5    31     18     
27/07/1964  0       8.4    30     21     
28/07/1964  0       9.4    31     20     
29/07/1964  0       8.7    31     20     
30/07/1964  0       8.3    30     20     
31/07/1964  0       8.6    30     20     
01/08/1964  0       8.4    31     19     
02/08/1964  0       8.6    34     21     
03/08/1964  0       7.6    32     18     
04/08/1964  0       8.1    30     17     
05/08/1964  0       7.7    30     18     
06/08/1964  0       7.1    31     20     
07/08/1964  0       8.6    32     21     
08/08/1964  0       8.6    31     18     
09/08/1964  0       9.2    29     22     
10/08/1964  0       8.7    30     17     
11/08/1964  0       8.7    31     18     
12/08/1964  0       6.5    32     18     
13/08/1964  0       9.8    34     20     
14/08/1964  0       7.8    33     18     
15/08/1964  0       6.4    31     17     
16/08/1964  0       6.7    32     19     
17/08/1964  0       7.4    31     18     
18/08/1964  0       7.2    31     17     
19/08/1964  0       7.8    30     18     
20/08/1964  0       8.6    32     17     
21/08/1964  0       7.4    29     22     
22/08/1964  0       6.2    32     18     
23/08/1964  0       8.7    30     20     
24/08/1964  0       5.7    31     16     
25/08/1964  0       5.7    32     17     
26/08/1964  0       5.8    33     19     
27/08/1964  0       7.6    32     18     
28/08/1964  0       8.3    33     19     
29/08/1964  0       9.2    30     18     
30/08/1964  0       7.4    30     17     
31/08/1964  0       6.9    32     17     
01/09/1964  0       6.1    24     19     
02/09/1964  0       7.8    29     17     
03/09/1964  0       6.6    30     17     
04/09/1964  0       6.8    31     19     
05/09/1964  0       8.7    31     17     
06/09/1964  0       7.5    31     17     
07/09/1964  0       7.5    30     18     
08/09/1964  0       7.6    32     16     
09/09/1964  0       8.1    31     18     
10/09/1964  0       6.1    32     19     
11/09/1964  0       8.1    31     17     
12/09/1964  0       8.3    32     17     
13/09/1964  0       7.8    34     18     
14/09/1964  0       9.8    31     19     
15/09/1964  0       8.7    31     17     
16/09/1964  0       8.7    31     18     
17/09/1964  0       8.4    30     18     
18/09/1964  0       6.2    30     17     
19/09/1964  0       7.7    32     16     
20/09/1964  0       6.5    31     17     
21/09/1964  0       6.8    32     16     
22/09/1964  0       7.3    32     17     
23/09/1964  0       8.7    31     16     
24/09/1964  0       7.9    34     17     
25/09/1964  0       7.3    33     19     
26/09/1964  0       8.5    32     18     
27/09/1964  0       6.8    32     18     
28/09/1964  0       7.4    30     17     
29/09/1964  0       8.2    32     16     
30/09/1964  0       9      30     17     
01/10/1964  0       6.8    31     17     
02/10/1964  0       5.8    32     18     
03/10/1964  0       7.7    30     20     
04/10/1964  0       7.2    29     22     
05/10/1964  0       6.6    32     19     
06/10/1964  0       7.4    28     22     
07/10/1964  0       6.2    29     19     
08/10/1964  0       6.7    30     20     
09/10/1964  0       7.3    31     21     
10/10/1964  0       7      32     22     
11/10/1964  0       6.3    29     23     
12/10/1964  0       7.5    29     20     
13/10/1964  0       6.1    28     19     
14/10/1964  0       5.4    29     18     
15/10/1964  0       5.4    26     18     
16/10/1964  0       7.2    28     17     
17/10/1964  0       6.5    28     20     
18/10/1964  0       5.3    30     20     
19/10/1964  0       5.3    29     20     
20/10/1964  0       7.2    25     19     
21/10/1964  0       5.2    24     18     
22/10/1964  0       5.1    29     18     
23/10/1964  0       4.7    27     20     
24/10/1964  0       5.1    29     16     
25/10/1964  0       4.8    28     17     
26/10/1964  0       6.1    28     19     
27/10/1964  0       5.5    29     20     
28/10/1964  0       6.1    28     20     
29/10/1964  0       6.9    29     19     
30/10/1964  0       5.6    27     21     
31/10/1964  0       6.3    28     18     
01/11/1964  0       4.5    29     16     
02/11/1964  0       4.9    31     18     
03/11/1964  0       4.8    28     16     
04/11/1964  0       5.8    30     17     
05/11/1964  0       4.3    29     18     
06/11/1964  0       4.4    28     16     
07/11/1964  0       4.7    30     19     
08/11/1964  0       4.8    27     17     
09/11/1964  0       5.1    30     18     
10/11/1964  0       6      31     19     
11/11/1964  0       5.2    30     18     
12/11/1964  0       4.2    28     16     
13/11/1964  0       4.4    29     18     
14/11/1964  0       3.9    29     19     
15/11/1964  0       3.9    30     18     
16/11/1964  0       2.9    27     16     
17/11/1964  0       3.9    29     17     
18/11/1964  0       4.4    28     19     
19/11/1964  0       3.9    31     16     
20/11/1964  0       3.8    29     18     
21/11/1964  0       3.7    28     16     
22/11/1964  0       4.1    29     17     
23/11/1964  0       3.5    30     16     
24/11/1964  0       3.1    27     16     
25/11/1964  0       3.4    28     15     
26/11/1964  0       3.8    26     15     
27/11/1964  0       3      27     16     
28/11/1964  0       3.3    26     15     
29/11/1964  0       3.2    28     14     
30/11/1964  0       3.5    25     15     
01/12/1964  0       4.2    23     16     
02/12/1964  0       4      25     15     
03/12/1964  0       3.3    24     16     
04/12/1964  0       3.2    21     14     
05/12/1964  0       3.4    23     15     
06/12/1964  0       3.2    21     13     
07/12/1964  0       3      22     13     
08/12/1964  0       3.1    24     15     
09/12/1964  0       2.2    23     13     
10/12/1964  0       2.1    21     11     
11/12/1964  0       2.7    20     11     
12/12/1964  0       3.7    23     12     
13/12/1964  0       2.3    21     11     
14/12/1964  0       3      22     10     
15/12/1964  0       3.2    20     8      
16/12/1964  0       3      21     10     
17/12/1964  0       2.1    21     9      
18/12/1964  0       2.9    20     10     
19/12/1964  0       3.4    20     8      
20/12/1964  0       4      23     6      
21/12/1964  0       3.1    22     9      
22/12/1964  0       4      24     11     
23/12/1964  0       3.4    23     10     
24/12/1964  0       3      21     8      
25/12/1964  0       2.2    24     11     
26/12/1964  0       2.7    22     9      
27/12/1964  0       2.4    20     6      
28/12/1964  0       2.5    18     4      
29/12/1964  0       3.4    20     6      
30/12/1964  0       2.9    19     7      
31/12/1964  0       3      21     4      
01/01/1965  0       3.8    20     6      
02/01/1965  0       2.4    22     8      
03/01/1965  0       2.3    20     10     
04/01/1965  0.1     1.9    18     9      
05/01/1965  0       2.1    19     11     
06/01/1965  0       1.3    19     8      
07/01/1965  0       2.6    21     10     
08/01/1965  0.3     2.2    23     7      
09/01/1965  0       2.8    20     9      
10/01/1965  0       2.9    21     10     
11/01/1965  0       3.3    20     11     
12/01/1965  0       2.9    22     9      
13/01/1965  0       2.2    21     7      
14/01/1965  0       2.9    20     5      
15/01/1965  0       1.2    18     3      
16/01/1965  0.6     2.2    19     3      
17/01/1965  0       2.2    20     5      
18/01/1965  0       2.8    19     7      
19/01/1965  0       2      17     4      
20/01/1965  0.1     2.3    19     6      
21/01/1965  0       2.7    16     2      
22/01/1965  0       3.2    18     5      
23/01/1965  0       3.2    16     3      
24/01/1965  0       2.5    19     6      
25/01/1965  0       3.8    21     8      
26/01/1965  0       5.1    24     10     
27/01/1965  0       4.6    22     9      
28/01/1965  0.1     2.7    20     7      
29/01/1965  0       3.8    19     9      
30/01/1965  0       2.3    21     10     
31/01/1965  0       3.2    18     7      
11/02/1965  0       3.8    23     8      
12/02/1965  0       5.1    21.5   9.5    
13/02/1965  0       4.3    23     5.5    
14/02/1965  0       4.5    22     1.5    
15/02/1965  0       4.6    22.5   1.5    
16/02/1965  0       4.5    21     2      
17/02/1965  0       4.9    18.5   1.5    
18/02/1965  0       4.2    20     2      
19/02/1965  0       4.1    22.5   1.5    
20/02/1965  0       3.4    21.5   1.5    
21/02/1965  0       3      19     7      
22/02/1965  0       3.1    21     7      
23/02/1965  0       3.6    20     7      
24/02/1965  0       3.8    21     7      
25/02/1965  0       2.9    21     6      
26/02/1965  0       2.9    21     5      
27/02/1965  0       4.2    20     5.5    
28/02/1965  0       3.7    21     6      
01/03/1965  0       8.2    31     5      
02/03/1965  0       5.7    31.5   5.5    
03/03/1965  0       4.8    31.5   5      
04/03/1965  0       4.9    31.5   5.5    
05/03/1965  0       5.2    31     2.5    
06/03/1965  0       1.8    30     2.5    
07/03/1965  0       2.9    Nulo   4      
08/03/1965  0       1.8    Nulo   4      
09/03/1965  0       4.7    Nulo   3.5    
10/03/1965  0       2      Nulo   5      
11/03/1965  0       4.1    Nulo   5      
12/03/1965  0       7.2    Nulo   5      
13/03/1965  0       5.3    Nulo   10     
14/03/1965  0       4.3    Nulo   6.5    
15/03/1965  0       6.2    Nulo   7      
16/03/1965  0       6.1    30.5   6.5    
17/03/1965  0       4.1    30     3.5    
18/03/1965  0       4.2    30     3      
19/03/1965  0       5.2    30     3.5    
20/03/1965  0       4.2    30     4      
21/03/1965  0       5.5    30     3.5    
22/03/1965  0       2.9    30.5   10     
23/03/1965  0       3.9    30     10.5   
24/03/1965  0       8.2    30     10     
25/03/1965  0       5      30     10     
26/03/1965  0       4.2    30     9      
27/03/1965  0       4      30.5   6.5    
28/03/1965  0       5.5    31     7      
29/03/1965  0       4.7    31.5   11     
30/03/1965  0       4.3    31     7      
31/03/1965  0       4.2    31     7      
01/04/1965  0       3.8    31.5   7      
02/04/1965  0       4.8    31     7      
03/04/1965  0       3.8    31.5   4.5    
04/04/1965  0       5.4    30     6      
05/04/1965  0       6.2    30     7      
06/04/1965  0       5.2    29     7      
07/04/1965  0       5.3    30     6      
08/04/1965  0       6.1    28     6      
09/04/1965  0       6.7    26     12.5   
10/04/1965  0       5.2    29     11.5   
11/04/1965  0       4      30     12     
12/04/1965  0       4      31     10     
13/04/1965  0       5.6    27     10     
14/04/1965  0       5.3    30     8      
15/04/1965  0       4.5    30     8      
16/04/1965  0       5.5    25     4.5    
17/04/1965  0       3.7    26     5      
18/04/1965  0       4.7    28     5      
19/04/1965  0       6.3    27     8      
20/04/1965  0       4.8    30     7.5    
21/04/1965  0       6.7    28     8      
22/04/1965  0       3.4    25     8      
23/04/1965  0       4.8    27     7.5    
24/04/1965  0       4.1    29     9      
25/04/1965  0       5.3    30     8      
26/04/1965  0       5.6    26     9.5    
27/04/1965  0       4.8    25     9      
28/04/1965  0       3.9    30     8      
29/04/1965  0       5.9    28     10     
30/04/1965  0       4.9    31     9      
01/05/1965  0       6.4    30     10     
02/05/1965  0       5.8    33     9.5    
03/05/1965  0       5.1    31     4.5    
04/05/1965  0       5.2    28     4.5    
05/05/1965  0       5.9    27     4.5    
06/05/1965  0       5      30     10     
07/05/1965  0       4.8    34     14     
08/05/1965  0       5.8    30     10     
09/05/1965  0       4.7    26     4.5    
10/05/1965  0       4.9    28     7      
11/05/1965  0       6.7    30     6.5    
12/05/1965  0       4.5    26     7      
13/05/1965  0       6.3    31     7.5    
14/05/1965  0       5.8    32     7      
15/05/1965  0       6.2    29     5      
16/05/1965  0       5.9    30     6      
17/05/1965  0       5.4    34     5      
18/05/1965  0       5.6    32     10     
19/05/1965  0       5.4    30.5   9      
20/05/1965  0       4.1    32     9      
21/05/1965  0       5.3    30     7.5    
22/05/1965  0       7.6    32.5   9      
23/05/1965  0       7.4    30     9.5    
24/05/1965  0       6.9    28     9      
25/05/1965  0       7      32.5   9.5    
26/05/1965  0       6.1    26     6.5    
27/05/1965  0       6.2    27.5   8.5    
28/05/1965  0       6.5    26.5   6.5    
29/05/1965  0       4      30     7      
30/05/1965  0       5.1    28     9      
31/05/1965  0       6      31     7      
01/06/1965  0       7      31     11     
02/06/1965  0       6.6    29     13.5   
03/06/1965  0       5.4    31     13.5   
04/06/1965  0       8.8    28     6.5    
05/06/1965  0       5.6    31     6.5    
06/06/1965  0       8.3    30.5   6.5    
07/06/1965  0       5.9    31     2.5    
08/06/1965  0       6.1    33     3      
09/06/1965  0       4.1    31     4      
10/06/1965  0       5.8    30     3      
11/06/1965  0       5.2    30     3.5    
12/06/1965  0       4.7    31     4      
13/06/1965  0       5.3    33     4      
14/06/1965  0       7.1    34     5      
15/06/1965  0       5.9    31     5      
16/06/1965  0       4.8    28     4      
17/06/1965  0       4.6    30     5      
18/06/1965  0       4.7    32     8      
19/06/1965  0       5      29     4      
20/06/1965  0       6.9    27     5      
21/06/1965  0       4.7    28     9      
22/06/1965  0       8.7    30     6      
23/06/1965  0       4.4    27     7      
24/06/1965  0       5.8    29.5   8      
25/06/1965  0       6.2    28.5   6      
26/06/1965  0       7.6    30.5   7      
27/06/1965  0       5      30     8      
28/06/1965  0       7.8    31     7      
29/06/1965  0       8.3    31.5   8      
30/06/1965  0       8.2    32.5   9      
01/07/1965  0       5.4    32     18     
02/07/1965  0       5.9    31.5   16     
03/07/1965  0       8.6    32     14     
04/07/1965  0       5.6    31.5   10     
05/07/1965  0       6.5    32     10     
06/07/1965  0       5.5    32     12     
07/07/1965  0       4      31.5   14     
08/07/1965  0       5.5    33     10.5   
09/07/1965  0       8.4    33     12     
10/07/1965  0       9.4    33     13     
11/07/1965  0       7.1    32.5   15     
12/07/1965  0       6.7    31     11     
13/07/1965  0       6.9    32     10     
14/07/1965  0       6.3    32     13     
15/07/1965  0       5.7    32     12     
16/07/1965  0       5      31     12     
17/07/1965  0       6.5    32     10     
18/07/1965  0       7.3    32     8      
19/07/1965  0       10.6   32     8      
20/07/1965  0       4.5    30     9.5    
21/07/1965  0       5.2    31     8      
22/07/1965  0       8.2    32     10     
23/07/1965  0       6.7    31     8.5    
24/07/1965  0       7.4    34     11     
25/07/1965  0       9.2    37.5   10.5   
26/07/1965  0       10.6   35.5   9      
27/07/1965  0       6.6    34.5   8      
28/07/1965  0       8.8    35     8.5    
29/07/1965  0       9.9    36     12.5   
30/07/1965  0       8.4    35     8      
31/07/1965  0       5.9    34.5   11     
01/02/1966  0       Nulo   32.5   18.5   
02/02/1966  0       Nulo   34     16     
03/02/1966  0       Nulo   32     14     
04/02/1966  0       Nulo   30     10     
05/02/1966  0       Nulo   34.5   10     
06/02/1966  0       Nulo   32     12     
07/02/1966  0.7     Nulo   31     14     
08/02/1966  0.6     Nulo   30     10     
09/02/1966  0       Nulo   30     12     
10/02/1966  0       Nulo   31     13     
11/02/1966  0       Nulo   30     15     
12/02/1966  0       Nulo   31     11     
13/02/1966  0       Nulo   30     10     
14/02/1966  0       1.9    31     13     
15/02/1966  0       3.2    37     12     
16/02/1966  0       4      31.5   12     
17/02/1966  0       6.7    35.5   10     
18/02/1966  0       5.2    31     8      
19/02/1966  0       4      34.5   8      
20/02/1966  0       4.9    34.5   9      
21/02/1966  0       5      32     8      
22/02/1966  0       4.7    30     10     
23/02/1966  0       5.2    31.5   8.5    
24/02/1966  0       2.9    32     11     
25/02/1966  0       2      34     10.5   
26/02/1966  0       4.6    30     9      
27/02/1966  0       5.6    29     8      
28/02/1966  0       3.1    29     7      
01/03/1966  0       3.9    30.5   10     
02/03/1966  0       5.2    31.5   11     
03/03/1966  0       4.8    27.5   13.5   
04/03/1966  0       6.2    30     13     
05/03/1966  0       4.6    28     6.5    
06/03/1966  0       5.3    26.5   6.5    
07/03/1966  0       4.4    25     6      
08/03/1966  0       3.8    30     2.5    
09/03/1966  0       3.8    27     3      
10/03/1966  0       2.2    28     4      
11/03/1966  0       2.7    25     4      
12/03/1966  0       4.7    28     5      
13/03/1966  0       3      29.5   5      
14/03/1966  0       5.6    27.5   4      
15/03/1966  0       4      30.5   9      
16/03/1966  0       5.4    28     4      
17/03/1966  0       3.7    30     5      
18/03/1966  0       4.8    24     8      
19/03/1966  0       4.8    22     4      
20/03/1966  0       6.6    24     5      
21/03/1966  0       5.6    22.5   8      
22/03/1966  0       4.8    21     4      
23/03/1966  0       5.4    20.5   5      
24/03/1966  0       4.5    20     9      
25/03/1966  0       4.9    22     6      
26/03/1966  0       4.9    24     7      
27/03/1966  0       2.6    21     3      
28/03/1966  0       3.6    23     8      
29/03/1966  0       3.6    29     1      
30/03/1966  0       4.3    27     4      
31/03/1966  0       5.6    28.5   5      
01/04/1966  0       5.2    29     17     
02/04/1966  0       6.4    30.5   18     
03/04/1966  0       3.6    31.5   16     
04/04/1966  0       5.1    30     14     
05/04/1966  0       4.7    29     10     
06/04/1966  0       5.8    29     10     
07/04/1966  0       5.2    32     11     
08/04/1966  0       5.4    30     13     
09/04/1966  0       2.3    28.5   12     
10/04/1966  0       2.7    29.5   13     
11/04/1966  0       4.7    28.5   12     
12/04/1966  0       4.8    30.5   14     
13/04/1966  0       7.3    31.5   17     
14/04/1966  0       5.7    31.5   13     
15/04/1966  0       7.1    32     11     
16/04/1966  0       6.1    29     11     
17/04/1966  0       5      28.5   13     
18/04/1966  0       6.7    29     11     
19/04/1966  0       2.7    29.5   13     
20/04/1966  0       3.1    32     11     
21/04/1966  0       2.2    31     10     
22/04/1966  0       3.7    27.5   12     
23/04/1966  0       3.9    27.5   13     
24/04/1966  0       5.9    29.5   11     
25/04/1966  0       5.2    26     11     
26/04/1966  0       6      31     12     
27/04/1966  0       4.3    28.5   11     
28/04/1966  0       5.8    28.5   8      
29/04/1966  0       4.8    24.5   9      
30/04/1966  0       7      26.5   10     
01/05/1966  0       7.2    29     12     
02/05/1966  0       4.5    25     10     
03/05/1966  0       4.2    28     12     
04/05/1966  0       3.4    26     12     
05/05/1966  0       5.8    27     8      
06/05/1966  0       4.8    28     11     
07/05/1966  0       4.4    27.5   11     
08/05/1966  0       7.4    27.5   10     
09/05/1966  0       7.5    25.5   11     
10/05/1966  0       6.4    25.5   7      
11/05/1966  0       6.5    28     4      
12/05/1966  0       6.4    28.5   7      
13/05/1966  0       6.5    28     10     
14/05/1966  0       6.6    29     11     
15/05/1966  0       6.7    25     10     
16/05/1966  0       Nulo   27.5   9      
17/05/1966  0       Nulo   32     12     
18/05/1966  0       Nulo   26.5   13.5   
19/05/1966  0       Nulo   31     13     
20/05/1966  0       Nulo   28     11     
21/05/1966  0       Nulo   30     12     
22/05/1966  0       5.9    31     15     
23/05/1966  0       5.4    30     15     
24/05/1966  0       6.4    31     12     
25/05/1966  0       4.3    29     14     
26/05/1966  0       4.5    28     12     
27/05/1966  0       4.6    31     12     
28/05/1966  0       4.7    29     13.5   
29/05/1966  0       6.1    27     11.5   
30/05/1966  0       4.5    31.5   14.5   
31/05/1966  0       5.2    31     15     
01/06/1966  0       8.5    28.5   13     
02/06/1966  0       10.5   27     12     
03/06/1966  0       9.3    28     13.5   
04/06/1966  0       9.4    29.5   14.5   
05/06/1966  0       7.1    30.5   14.5   
06/06/1966  0       6.2    29.5   16.5   
07/06/1966  0       6.4    32     14     
08/06/1966  0       7.2    34     15     
09/06/1966  0       8.1    34     15     
10/06/1966  0       7.5    32     13     
11/06/1966  0       7.7    31     13.5   
12/06/1966  0       7.2    29     12     
13/06/1966  0       6.3    32     11     
14/06/1966  0       7.8    28     11.5   
15/06/1966  0       8.4    29     15     
16/06/1966  0       7.9    28.5   12     
17/06/1966  0       9.3    32     15     
18/06/1966  0       7.8    30.5   15     
19/06/1966  0       7.3    29     16     
20/06/1966  0       9.2    28     15     
21/06/1966  0       8.1    30.5   14     
22/06/1966  0       6.7    28     16.5   
23/06/1966  0       5.1    31     13     
24/06/1966  0       4.8    32     15     
25/06/1966  0       5.3    28     15     
26/06/1966  0       5.6    29.5   15     
27/06/1966  0       6.9    27     13     
28/06/1966  0       5.4    28     14     
29/06/1966  0       5.9    28     15     
30/06/1966  0       6      30     14.5   
01/07/1966  0       7.8    28     15     
02/07/1966  0       5.6    31     17     
03/07/1966  0       6.8    30     15     
04/07/1966  0       7.2    34     18     
05/07/1966  0       6.9    38     20     
06/07/1966  0       5.9    35     21     
07/07/1966  0       6.7    37     20.5   
08/07/1966  0       6.4    34     21     
09/07/1966  0       6.5    37.5   23     
10/07/1966  0       7.8    35     21.5   
11/07/1966  0       5.6    36     23     
12/07/1966  0       7.7    37     21.5   
13/07/1966  0       6.8    33     20     
14/07/1966  0       5.2    35     22     
15/07/1966  0       5.7    33     21     
16/07/1966  0       5.6    36.5   22     
17/07/1966  2       Nulo   33.5   24     
18/07/1966  0       7.9    39     23     
19/07/1966  0       6.8    38     22     
20/07/1966  0       5.2    35     21     
21/07/1966  0       6.6    36     20     
22/07/1966  0       6.6    34     21     
23/07/1966  0       5.9    37.5   22     
24/07/1966  0       7.4    36     20     
25/07/1966  0       8.4    33     20     
26/07/1966  0       5.3    32     20.5   
27/07/1966  0       6      34.5   22     
28/07/1966  0       7.8    35     21     
29/07/1966  0       7.2    33     20     
30/07/1966  0       6.1    34.5   21     
31/07/1966  0       7.2    31     19     
01/08/1966  0       4.3    35     23     
02/08/1966  0       6.3    33     25     
03/08/1966  0       5.6    31.5   23     
04/08/1966  0       5.9    32     20     
05/08/1966  0       6.1    34     21     
06/08/1966  0       5.3    36     20     
07/08/1966  0       4.4    34     21     
08/08/1966  0       6.3    32     20     
09/08/1966  0       7.2    31     21     
10/08/1966  0       4.4    31     20     
11/08/1966  0       4.9    30.5   22     
12/08/1966  0       6.4    31     21     
13/08/1966  0       7.1    37     20     
14/08/1966  0       6.7    38.5   21.5   
15/08/1966  0       6.9    35     23     
16/08/1966  0       7.7    34     25     
17/08/1966  0       5.5    36     23     
18/08/1966  0       6.7    32     25.5   
19/08/1966  0       6      34     26     
20/08/1966  0       8.6    35     25     
21/08/1966  0       9      36     24.5   
22/08/1966  0       6.8    33     24     
23/08/1966  0       5.7    34     22     
24/08/1966  0       7      36     21     
25/08/1966  0       7.2    33.5   20     
26/08/1966  0       4.9    35     20.5   
27/08/1966  0       6.6    36     23     
28/08/1966  0       8.5    35     22     
29/08/1966  0       6.8    37     20     
30/08/1966  0       7.4    34     21     
31/08/1966  0       5.9    36.5   20     
01/09/1966  0       8.9    29     19     
02/09/1966  0       8.2    29     20     
03/09/1966  0       6.9    29     20     
04/09/1966  0       5.2    29     20     
05/09/1966  0       4.9    30     18.5   
06/09/1966  0       5.7    29     19     
07/09/1966  0       4.4    30     19     
08/09/1966  0       4.7    29     19     
09/09/1966  0       4.9    30     20     
10/09/1966  0       7.3    31     20     
11/09/1966  0       4      33     22.5   
12/09/1966  0       5.3    31     23     
13/09/1966  0       4.7    31     25     
14/09/1966  0       4.7    31     25     
15/09/1966  0       6.8    29     23     
16/09/1966  0       4.6    31     24     
17/09/1966  0       6.4    31     23     
18/09/1966  0       5.2    30     20     
19/09/1966  0       6.5    29     21     
20/09/1966  0       6.2    30     19     
21/09/1966  0       7.8    31     20.5   
22/09/1966  0       8      30.5   20.5   
23/09/1966  0       6      31     21     
24/09/1966  0       7.2    31     21     
25/09/1966  0       5.4    31     22     
26/09/1966  0       6.7    31     20     
27/09/1966  4.7     6.1    34     22     
28/09/1966  0       8.2    32     22     
29/09/1966  0       7.6    29     22     
30/09/1966  0       7.8    31     19     
01/10/1966  0       6.9    28     17     
02/10/1966  0       6.1    27.5   18     
03/10/1966  0       4.6    28     18     
04/10/1966  0       5.2    30     19     
05/10/1966  0       4.9    31     18     
06/10/1966  0       4.1    28     19     
07/10/1966  0       5.2    29.5   18     
08/10/1966  0       5.9    30     19     
09/10/1966  0       8.3    29     15     
10/10/1966  0       8.4    29     17     
11/10/1966  0       5.6    28     17     
12/10/1966  0       6.5    30     15     
13/10/1966  0       5.2    28.5   15     
14/10/1966  0       4.6    28     14     
15/10/1966  0       5      28     14     
16/10/1966  0       5.5    26     13     
17/10/1966  0       6.1    32     15     
18/10/1966  0       4.5    30.5   16     
19/10/1966  0       6.5    32     12     
20/10/1966  0       5      29     11.5   
21/10/1966  0       2.9    29     13     
22/10/1966  0       2.4    31     14     
23/10/1966  0       4.5    33     15     
24/10/1966  0       6      34     16     
25/10/1966  0       5.9    31     16     
26/10/1966  0       5.5    35.5   17     
27/10/1966  0       4.9    32     14     
28/10/1966  0       4.7    30.5   14     
29/10/1966  0       6.1    30     15     
30/10/1966  0       4.3    32     13     
31/10/1966  0       7.3    30     13     
01/11/1966  0       3.5    30.5   11.5   
02/11/1966  0       1.3    30     13.5   
03/11/1966  0       5      29     13     
04/11/1966  0       2.9    29     13     
05/11/1966  0       2.8    27     13     
06/11/1966  0       2.2    29     14     
07/11/1966  0       2      31     16     
08/11/1966  0       1.9    30     18     
09/11/1966  0       2.3    29     12     
10/11/1966  0       5.9    28.5   13     
11/11/1966  0       5.7    29     14     
12/11/1966  0       7.1    27     12     
13/11/1966  0       3.6    30     13     
14/11/1966  0       5      29     11     
15/11/1966  0       3.1    28     12     
16/11/1966  0       3.3    26     11     
17/11/1966  0       1.8    27     11     
18/11/1966  0       3.3    28     12     
19/11/1966  0       2.5    28     12     
20/11/1966  0       5.5    28.5   12     
21/11/1966  0       4.3    28     10     
22/11/1966  0       2.1    27     10     
23/11/1966  0       3      26     11     
24/11/1966  0       4.1    29.5   15     
25/11/1966  0       4      29     15     
26/11/1966  0       3.6    28     16     
27/11/1966  0       4.2    28     8.5    
28/11/1966  0       5.8    28     10     
29/11/1966  0       2.9    28     10     
30/11/1966  0       3.9    29     11     
01/12/1966  0       2.5    27     5      
02/12/1966  0       3      25     8      
03/12/1966  0       3      25     11     
04/12/1966  0       1.7    24     Nulo   
05/12/1966  0       1.5    25     Nulo   
06/12/1966  0       4      26     Nulo   
07/12/1966  0       5.8    24     Nulo   
08/12/1966  0       5.9    25     Nulo   
09/12/1966  0       3.1    25     Nulo   
10/12/1966  0       1.2    24     Nulo   
11/12/1966  0       4.6    26     10     
12/12/1966  0       2.4    25     6      
13/12/1966  0       2.6    27     9      
14/12/1966  0       3.2    27     9      
15/12/1966  0       5      25     9      
16/12/1966  0       3.6    24     9      
17/12/1966  0       3.5    27     8      
18/12/1966  0       2.5    28     11     
19/12/1966  0       1.8    26     11     
20/12/1966  2.9     3.5    21     15     
21/12/1966  0       2.9    26     14     
22/12/1966  0       1.3    25     16     
23/12/1966  0       1.7    26     12.5   
24/12/1966  0       2      22     14     
25/12/1966  0       1.3    22     12     
26/12/1966  0       3.7    20.5   13     
27/12/1966  0       2      21     13     
28/12/1966  0       3.2    20.5   9.5    
29/12/1966  0       4      21     5      
30/12/1966  0       2.6    21     6      
31/12/1966  0       2      22     10.5   
01/01/1967  0       2.9    22.5   8      
02/01/1967  0       2.9    21     6      
03/01/1967  0       3.7    23     7      
04/01/1967  0       2.9    25     10     
05/01/1967  0       3.5    27     15     
06/01/1967  0       2.5    26     3.5    
07/01/1967  0       2.9    21     9      
08/01/1967  0       3.6    23     5      
09/01/1967  0       4.1    23     4      
10/01/1967  0       4.5    24     5      
11/01/1967  0       4      21     4      
12/01/1967  0       4.5    24     5      
13/01/1967  0       3.2    23     6      
14/01/1967  0       4.5    24.5   7.5    
15/01/1967  0       3.2    27     5      
16/01/1967  0       4.5    25     7      
17/01/1967  0       2.8    24.5   6      
18/01/1967  0       3.1    25     7      
19/01/1967  0       2.7    24     6      
20/01/1967  0       2.8    23     7      
21/01/1967  0       2.7    23     4.5    
22/01/1967  0       2.8    22     5      
23/01/1967  0       3.1    23     7      
24/01/1967  0       2.8    26     5      
25/01/1967  0       2.3    26     6      
26/01/1967  0       4      26     7      
27/01/1967  0       2.9    24     7      
28/01/1967  0       3.5    23     6.5    
29/01/1967  0       3.6    26     4      
30/01/1967  0       2.4    25     6      
31/01/1967  0       2.3    22     8      
01/02/1967  0       5.8    23     8      
02/02/1967  0       5.2    20     6      
03/02/1967  0       4      21     7      
04/02/1967  0       3      24     10     
05/02/1967  0       2      20     9      
06/02/1967  0       3.1    21     8      
07/02/1967  0       3.9    20     13     
08/02/1967  0       3.2    22     7      
09/02/1967  0       1.9    24     10     
10/02/1967  0       5.1    20     9      
11/02/1967  0       2.9    22     5      
12/02/1967  0       2.1    22     6      
13/02/1967  0       2.7    24     8      
14/02/1967  0       2      23     9      
15/02/1967  0       3.1    25     10     
16/02/1967  0       1.8    24     11     
17/02/1967  0       3.4    25     11     
18/02/1967  0       1.9    23     11     
19/02/1967  0       2.8    22     10     
20/02/1967  0       1.6    21     9      
21/02/1967  0       1.7    20     7      
22/02/1967  0       1.8    21     6      
23/02/1967  0       3.1    20     5      
24/02/1967  0       2.1    21     4      
25/02/1967  0       1.4    23     3      
26/02/1967  0       1.6    20     9      
27/02/1967  0       1.9    24     10     
28/02/1967  0       1.4    23     9      
01/03/1967  0       2      20     6      
02/03/1967  0       4.1    23     7      
03/03/1967  0       2.2    22     5      
04/03/1967  0       3.4    20     4      
05/03/1967  0       3.7    19     10     
06/03/1967  0       3.8    23     4      
07/03/1967  0       4.2    21     8      
08/03/1967  0       4.2    23     7      
09/03/1967  0       4.4    22     8      
10/03/1967  0       3.9    23     9      
11/03/1967  0       4.1    23     8      
12/03/1967  0       2.9    20     8      
13/03/1967  0       2.9    23     7      
14/03/1967  0       2.2    20     9      
15/03/1967  0       2.1    21     7      
16/03/1967  0       1      20     8      
17/03/1967  0       2.8    20     10     
18/03/1967  0       2.6    20     10     
19/03/1967  0       4.8    20     7      
20/03/1967  0       4.3    20     8      
21/03/1967  0       5.1    20     7      
22/03/1967  0       4.7    21     8      
23/03/1967  0       5.9    23     10     
24/03/1967  0       4.6    21     9      
25/03/1967  0       6.2    23     10     
26/03/1967  0       4.6    21     7      
27/03/1967  0       5.3    24     7      
28/03/1967  0       4.1    23     5      
29/03/1967  0       4.9    22     7      
30/03/1967  0       4.9    24     8      
31/03/1967  0       5.5    24     9      
01/04/1967  0       7.8    20     10     
02/04/1967  0       5.7    21     11     
03/04/1967  0       6.2    24     10     
04/04/1967  0       4.5    26     9      
05/04/1967  0       3.3    28     10     
06/04/1967  0       3.4    29     7      
07/04/1967  0       3.3    28     9      
08/04/1967  0       4.6    24     7      
09/04/1967  0       4.2    25     10     
10/04/1967  0       4.4    27     10     
11/04/1967  0       5.5    23     9      
12/04/1967  0       5.2    24     12     
13/04/1967  0       4.3    22     9      
14/04/1967  0       5.2    21     10     
15/04/1967  0       4.2    24     6      
16/04/1967  0       4.8    20     7      
17/04/1967  0       5.2    20     9      
18/04/1967  0       5.5    21     9      
19/04/1967  0       4.2    21     10     
20/04/1967  0       3.5    24     7      
21/04/1967  0       3.4    24     9      
22/04/1967  0       4.3    23     8      
23/04/1967  0       4.5    21     6      
24/04/1967  0       4.9    20     7      
25/04/1967  0       6.3    22     9      
26/04/1967  0       5.7    23     8      
27/04/1967  0       5.2    20     7      
28/04/1967  0       5      22     5      
29/04/1967  0       4.1    22     10     
30/04/1967  0       5.5    24     9      
01/05/1967  0       2.2    24     8      
02/05/1967  0       4.4    27     6      
03/05/1967  0       5.6    23     4      
04/05/1967  0       4.5    24     6      
05/05/1967  0       7.3    30     10     
06/05/1967  0       5.3    30     9      
07/05/1967  0       5.6    33     9      
08/05/1967  0       5.2    30     12     
09/05/1967  0       6.4    30     13     
10/05/1967  0       4.4    32     11     
11/05/1967  0       4.2    31     17     
12/05/1967  0       4.5    26     13     
13/05/1967  0       6.7    23     10     
14/05/1967  0       5.5    25     8      
15/05/1967  0       3.3    27     10     
16/05/1967  0       3.4    27     12     
17/05/1967  0       3      28     10     
18/05/1967  0       7.2    26     12     
19/05/1967  0       3.1    24     10     
20/05/1967  0       4.3    25     9      
21/05/1967  0       8.2    24     11     
22/05/1967  0       7.5    24     15     
23/05/1967  0       6.1    24     13     
24/05/1967  0       7.8    23     15     
25/05/1967  0       5.2    24     12     
26/05/1967  0       6.1    24     10     
27/05/1967  0       7.1    27     13     
28/05/1967  0       6.1    21     12     
29/05/1967  0       4.8    21     13     
30/05/1967  0       4.7    20     14     
31/05/1967  0       4      22     11     
01/06/1967  0       6.3    26     11     
02/06/1967  0       4.5    30     10     
03/06/1967  0       5.4    32     16     
04/06/1967  0       5.9    27     15     
05/06/1967  0       5.7    27     16     
06/06/1967  0       5.3    24     16     
07/06/1967  0       8.3    24     10     
08/06/1967  0       7.5    27     12     
09/06/1967  0       7.4    30     10     
10/06/1967  0       5.2    28     10     
11/06/1967  0       6.8    26     14     
12/06/1967  0       4.5    22     10     
13/06/1967  0       6.3    25     9      
14/06/1967  0       4.1    24     11     
15/06/1967  0       5.8    26     13     
16/06/1967  0       4.3    27     13     
17/06/1967  0       4.6    30     13     
18/06/1967  0       5.6    24     13     
19/06/1967  0       6.3    22     10     
20/06/1967  0       4.8    22     13     
21/06/1967  0       6.3    23     15     
22/06/1967  0       5.4    23     14     
23/06/1967  0       5.2    23     10     
24/06/1967  0       5.6    24     12     
25/06/1967  0       5.7    30     18     
26/06/1967  0       4.7    30     19     
27/06/1967  0       3.3    30     19     
28/06/1967  0       5.6    26     17     
29/06/1967  0       5.8    24     15     
30/06/1967  0       5.5    25     14     
01/07/1967  0       8.6    27     11     
02/07/1967  0       7.1    28     10     
03/07/1967  0       7.3    26     15     
04/07/1967  0       5.2    28     16     
05/07/1967  0       5.2    28     16     
06/07/1967  0       9.3    27     17     
07/07/1967  0       5.3    28     15.5   
08/07/1967  0       5.1    30     17.5   
09/07/1967  0       5.8    28     17     
10/07/1967  0       5.3    30.5   18     
11/07/1967  0       3.8    27     18     
12/07/1967  0       4.2    29     17     
13/07/1967  0       6.1    32.5   17     
14/07/1967  0       7.3    28     16.5   
15/07/1967  0       7.6    29     17     
16/07/1967  0       4.1    28     16     
17/07/1967  0       5.2    27     17     
18/07/1967  0       6.6    29     18     
19/07/1967  0       7      30     17     
20/07/1967  0.2     3.3    31     19     
21/07/1967  0       4.3    30     18     
22/07/1967  0       5.9    29     16     
23/07/1967  0       7.6    30     19     
24/07/1967  0       6.1    28     15     
25/07/1967  0       6.6    31     18     
26/07/1967  0       5.9    33     20.5   
27/07/1967  0       7.5    31     21.5   
28/07/1967  0       8.3    30     20     
29/07/1967  0       6.5    30     21     
30/07/1967  0       6.6    32     19     
31/07/1967  0       4.8    33     20     
01/08/1967  0       6.3    26     20     
02/08/1967  0       4.1    25     19     
03/08/1967  0       5.6    28     20     
04/08/1967  0       6.2    26     19     
05/08/1967  0       5.2    26     19     
06/08/1967  0       6.3    26     18     
07/08/1967  0       5.1    25.5   18     
08/08/1967  0       7.2    30     18     
09/08/1967  0       6.3    28     15     
10/08/1967  0       6.2    30     18     
11/08/1967  0       4.7    28     18     
12/08/1967  0       7.3    29     19     
13/08/1967  0       6.8    31     20     
14/08/1967  0       8.6    30.5   22     
15/08/1967  5.5     5.6    29     22     
16/08/1967  0       5.8    27     22     
17/08/1967  0       3.4    31     23     
18/08/1967  0       5.5    31.5   22.5   
19/08/1967  0       7.5    31     23     
20/08/1967  0       7.4    32     22.5   
21/08/1967  0       4.1    30     21     
22/08/1967  0       5.6    29     20     
23/08/1967  0       4.9    29     21     
24/08/1967  0       6.6    30     22     
25/08/1967  0       7.9    29     22     
26/08/1967  0       7.3    28     21     
27/08/1967  0       7.4    29     22     
28/08/1967  0       7.9    32     21     
29/08/1967  40      5.6    34.5   24.5   
30/08/1967  28      5.4    31     23     
31/08/1967  8       5.2    32     24     
01/09/1967  0       7.5    28     21     
02/09/1967  0       5.1    29     22.5   
03/09/1967  0       4.2    29     22     
04/09/1967  0       5.7    28.5   22     
05/09/1967  0       5.7    29     21     
06/09/1967  0       3.3    31     21     
07/09/1967  0       3.2    31     22     
08/09/1967  0       2.3    30     21     
09/09/1967  0       4.2    29     21.5   
10/09/1967  0       3.5    29     21     
11/09/1967  0       2.3    31     21     
12/09/1967  0       4.2    30     21     
13/09/1967  0       4.3    29     22     
14/09/1967  0       3.1    29.5   21     
15/09/1967  0       2.3    30     20.5   
16/09/1967  0       6.4    29     21     
17/09/1967  0       5.3    30     19     
18/09/1967  0       6.1    28     20     
19/09/1967  0       6.9    28     18     
20/09/1967  0       4.7    28     18.5   
21/09/1967  0       5.8    29     19     
22/09/1967  0       5.8    29.5   18     
23/09/1967  0       5.4    27     18     
24/09/1967  0       6      28     18     
25/09/1967  0       4.7    28     20     
26/09/1967  0       7.5    27     18     
27/09/1967  0       6.1    28     19     
28/09/1967  0       6.4    27     18.5   
29/09/1967  0       6.2    28     19     
30/09/1967  0       6.2    28.5   20     
01/10/1967  0       5.3    28.5   14     
02/10/1967  0       7.4    28     18     
03/10/1967  0       6.9    29     15     
04/10/1967  0       5.2    29     20     
05/10/1967  0       6.9    27.5   15     
06/10/1967  0       4.4    30     18.5   
07/10/1967  0       6.1    31     17     
08/10/1967  0       5.3    32     18     
09/10/1967  0       5.9    29.5   16.5   
10/10/1967  0       4.4    27     12     
11/10/1967  0       4.4    29     16.5   
12/10/1967  15.5    3.6    28     20     
13/10/1967  0       4.3    27     18.5   
14/10/1967  0       2.9    30     20     
15/10/1967  0       2.8    30     21     
16/10/1967  0       2.9    32     21     
17/10/1967  0       4.3    33     15     
18/10/1967  0       4.6    30     20     
19/10/1967  0       5      33     15     
20/10/1967  0       5.8    31     13     
21/10/1967  0       3.7    29     15     
22/10/1967  0       4.5    29     13     
23/10/1967  0       6.3    28     15     
24/10/1967  0       4.2    30     14     
25/10/1967  0       5.6    29.5   16     
26/10/1967  0       5.1    28.5   14     
27/10/1967  0       5      27     17     
28/10/1967  0       4.9    28     15     
29/10/1967  0       5.7    26     15     
30/10/1967  0       5.9    30     17     
31/10/1967  0       3.7    31     15     
01/12/1967  0       3.8    25     12.5   
02/12/1967  0       5.2    28     15     
03/12/1967  5       3.1    23     16     
04/12/1967  0       2.3    27     13     
05/12/1967  0       2.6    26     13     
06/12/1967  0       4.9    27     11     
07/12/1967  0       4.4    26     9      
08/12/1967  0       4.1    24     9.5    
09/12/1967  0       5.1    25     13     
10/12/1967  0       4.6    25     14     
11/12/1967  0       3.1    24     5      
12/12/1967  0       4.8    24     9      
13/12/1967  0       2.7    24     10     
14/12/1967  7       3.5    25     12     
15/12/1967  0.1     3.8    25     14     
16/12/1967  0       2.6    23     12     
17/12/1967  0       3.7    20     10.5   
18/12/1967  0       2.6    22     7.5    
19/12/1967  0       3.8    23     10     
20/12/1967  0       4.8    23     13     
21/12/1967  0       4.1    23.5   12     
22/12/1967  0       4      24.5   15.5   
23/12/1967  0       2.1    24     13.5   
24/12/1967  0       3.8    24     14     
25/12/1967  0       2.3    25     14     
26/12/1967  0       4.8    25     12.5   
27/12/1967  0       2.9    24.5   10     
28/12/1967  0       2.8    25     10     
29/12/1967  0       1.8    22.5   10.5   
30/12/1967  0       2.5    23.5   13     
31/12/1967  0       3.6    24.5   14     
01/01/1968  6.5     3.3    28.5   10     
02/01/1968  0       3.2    27     13     
03/01/1968  0       4      24     14     
04/01/1968  0       3.8    21     10     
05/01/1968  0       4.7    22     10     
06/01/1968  0       3.9    24     10     
07/01/1968  0       3.5    24     10     
08/01/1968  0       4.7    24     10     
09/01/1968  0       4.2    23.5   12     
10/01/1968  0       2.3    21     10.5   
11/01/1968  0       3.2    23     12     
12/01/1968  0       3.2    22     9      
13/01/1968  0       3.2    25     8      
14/01/1968  0       3.5    26     10     
15/01/1968  0       4.2    23     8      
16/01/1968  0       2.4    23     10     
17/01/1968  0       2.8    23     11     
18/01/1968  0       3.2    25     12     
19/01/1968  0       2.5    23     5      
20/01/1968  0       3.9    22.5   6      
21/01/1968  0       3.9    23     6      
22/01/1968  0       3.9    23     6      
23/01/1968  0       3.5    25     6      
24/01/1968  0       4.6    24     7      
25/01/1968  0       4.3    24.5   7      
26/01/1968  3.5     3.2    21     10     
27/01/1968  2.5     3.7    23     10     
28/01/1968  0       2.9    24     13     
29/01/1968  0       2.8    24     10     
30/01/1968  0       2.8    25     11.5   
31/01/1968  0       2.2    25     10     
01/02/1968  0       7.2    27.5   7      
02/02/1968  0       4.4    24.5   8      
03/02/1968  0       3.5    24     7      
04/02/1968  0       6.5    25     7      
05/02/1968  0       4.3    28.5   10     
06/02/1968  0       3.1    25     11     
07/02/1968  0       6.3    27     14     
08/02/1968  0       4.7    27.5   7      
09/02/1968  40      3.6    28     15     
10/02/1968  0       3.6    25.5   11     
11/02/1968  0       5.9    26     10     
12/02/1968  0       4.4    21     12     
13/02/1968  19      2.7    23     12     
14/02/1968  0       4.1    22     13.5   
15/02/1968  0       2.8    22     13     
16/02/1968  0       4.9    22     9      
17/02/1968  0       3.8    21.5   9      
18/02/1968  0       2.1    22     10     
19/02/1968  0       3.4    21     8      
20/02/1968  0       5.4    20     9      
21/02/1968  0       3.4    24     10     
22/02/1968  0       4.3    20     6      
23/02/1968  0       3.3    23     8      
24/02/1968  0       4.8    23     10     
25/02/1968  0       4      24     10.5   
26/02/1968  0       4.5    25     10     
27/02/1968  0       4.5    20     9      
28/02/1968  0       4.1    20     11     
29/02/1968  0       4.6    25     8      
01/03/1968  0       4.3    22.5   10.5   
02/03/1968  5.5     4      22     12     
03/03/1968  0       4.8    23     15     
04/03/1968  0       5.9    20     10     
05/03/1968  0       5.2    22     10     
06/03/1968  0       3.6    23     13     
07/03/1968  0       4.6    24     11.5   
08/03/1968  0       4.3    23     12     
09/03/1968  0       4.4    25     12.5   
10/03/1968  0       4.5    26.5   9.5    
11/03/1968  0       4.3    19     5      
12/03/1968  0       3.4    20     6      
13/03/1968  0       3.2    20     4      
14/03/1968  0       2.7    19     4      
15/03/1968  0       3.2    20     4      
16/03/1968  0       3.6    20     4      
17/03/1968  0       4.4    20.5   13     
18/03/1968  0       4.7    25     9      
19/03/1968  0       3.6    19     7      
20/03/1968  0       4.7    21     4      
21/03/1968  0       3.1    26     10.5   
22/03/1968  0       3.2    25     3      
23/03/1968  0       3.2    24     7      
24/03/1968  0       3.6    25     6      
25/03/1968  0       3.5    20     5      
26/03/1968  0       4      21     7      
27/03/1968  0       3.8    20.5   8.5    
28/03/1968  0       4.5    23     10.5   
29/03/1968  0       4.6    21     10     
30/03/1968  0       5.7    24     10     
31/03/1968  0       4.2    22.5   10.5   
01/04/1968  0       4.9    23     9      
02/04/1968  0       4.6    22     10     
03/04/1968  0       4.6    22     10     
04/04/1968  0       5.5    20     10     
05/04/1968  0       5.3    23     10.5   
06/04/1968  0       6.1    21     7      
07/04/1968  0       4      23     12.5   
08/04/1968  0       3.5    22     11     
09/04/1968  0       5.7    20.5   11     
10/04/1968  0       5.8    21     12     
11/04/1968  0       5.3    22     13     
12/04/1968  0       4.7    21.5   7      
13/04/1968  0       3.8    25     5      
14/04/1968  0       5.2    22     10     
15/04/1968  0       4.3    22     10     
16/04/1968  0       4.7    23     10     
17/04/1968  0       4.5    21     10     
18/04/1968  0       3      21     12     
19/04/1968  0       6.3    21.5   12     
20/04/1968  0       3.4    19     11     
21/04/1968  0       5.5    19.5   10     
22/04/1968  0       3.2    20     8      
23/04/1968  0       3.4    29     9      
24/04/1968  0       4.5    24     7      
25/04/1968  0       3.9    23     6      
26/04/1968  0       4.2    24     10     
27/04/1968  0       4.3    22     9      
28/04/1968  0       4.2    24     10     
29/04/1968  0       4.1    25     9      
30/04/1968  0       4.5    23     10     
01/05/1968  0       6.1    25     12     
02/05/1968  0       5.9    28     10     
03/05/1968  0       4.3    24     14     
04/05/1968  0       7.9    26     14     
05/05/1968  0       6.9    27.5   10     
06/05/1968  0       5.8    29     11     
07/05/1968  0       6.2    30     10     
08/05/1968  0       5.8    27.5   5      
09/05/1968  0       5.8    25     9      
10/05/1968  0       6.2    30     12     
11/05/1968  0       6.9    28     10     
12/05/1968  0       6.2    30     10     
13/05/1968  0       6      30     6      
14/05/1968  0       5.1    31     4      
15/05/1968  0       3.5    32     5      
16/05/1968  0       3.7    30     7      
17/05/1968  0       6.4    31.5   10     
18/05/1968  0       4.7    28     6      
19/05/1968  0       4.4    26     8      
20/05/1968  0       6.4    27     10     
21/05/1968  0       5.7    25     11     
22/05/1968  0       4.1    26     10     
23/05/1968  0       6.7    30     11     
24/05/1968  0       7.5    31.5   10     
25/05/1968  0       5.3    29     6      
26/05/1968  0       6.1    30     10     
27/05/1968  0       4.7    32     12     
28/05/1968  0       6.4    31     14     
29/05/1968  0       4      30     15     
30/05/1968  0       6.3    28     14.5   
31/05/1968  0       4.7    28     10     
01/06/1968  0       5.5    20     9      
02/06/1968  0       4.4    19     10.5   
03/06/1968  0       5.1    20     9      
04/06/1968  0       5.3    20     12     
05/06/1968  0       4.8    23     9      
06/06/1968  0       5.2    22     11     
07/06/1968  0       6.9    22.5   16     
08/06/1968  0       6.8    21.5   15.5   
09/06/1968  0       6.1    20.5   13     
10/06/1968  0       6.5    20     14     
11/06/1968  0       6.3    20     9.5    
12/06/1968  0       5.3    19     10     
13/06/1968  0       5      20     10     
14/06/1968  0       3      22.5   10     
15/06/1968  0       4.2    21     13     
16/06/1968  0       4.6    23     15     
17/06/1968  0       6      22     13.5   
18/06/1968  0       5.1    20     15.5   
19/06/1968  0       4.8    18     13     
20/06/1968  0       5      24     12     
21/06/1968  0       5.7    24.5   13     
22/06/1968  0       4.2    24     10.5   
23/06/1968  0       7.4    21     15     
24/06/1968  0       7.6    21     14     
25/06/1968  0       6.3    26.5   13     
26/06/1968  0       6.2    25     15     
27/06/1968  0       5.7    25     16     
28/06/1968  0       4.8    26     19     
29/06/1968  0       5.8    22     17     
30/06/1968  0       6.1    22     16.5   
01/07/1968  0       5.7    27     15     
02/07/1968  0       6.2    26     16     
03/07/1968  0       5.9    25     12     
04/07/1968  0       7.5    24     16     
05/07/1968  0       6.2    30     16     
06/07/1968  0       5.4    31     17     
07/07/1968  0       6.8    31     14.5   
08/07/1968  0       5.9    29     16     
09/07/1968  0       7.9    27     21     
10/07/1968  0       6.2    28     20     
11/07/1968  0       5.4    28     17     
12/07/1968  0       7.2    30     18     
13/07/1968  0       6      25     18     
14/07/1968  0       6.1    27     12     
15/07/1968  0       6.7    29     14     
16/07/1968  0       7.1    30     20     
17/07/1968  0       6.9    29     20     
18/07/1968  0       4.9    28     15     
19/07/1968  0       4.5    28     18     
20/07/1968  0       7.1    29     14     
21/07/1968  0       4.2    29     19     
22/07/1968  0       6.2    28     19     
23/07/1968  0       6.9    29     14     
24/07/1968  0       7.2    30     20     
25/07/1968  0       4.3    29     20     
26/07/1968  0       5.7    26     19     
27/07/1968  0       6.6    28     15     
28/07/1968  0       5.5    28     15     
29/07/1968  0       4.2    30     17     
30/07/1968  0       6.4    27     20     
31/07/1968  0       5.4    26     18     
01/08/1968  0       2.5    26     19     
02/08/1968  0       5.2    27     15     
03/08/1968  0       5.2    26     15     
04/08/1968  0       3.1    25     17     
05/08/1968  0       4.6    25     15.5   
06/08/1968  0       6.5    33     16     
07/08/1968  0       5.9    31     20     
08/08/1968  0       5.3    31     19     
09/08/1968  0       4.1    29     22     
10/08/1968  0       5.8    28     18.5   
11/08/1968  0       3.7    28     15     
12/08/1968  0       2.4    28     17     
13/08/1968  0       3.8    25     16     
14/08/1968  0       4.9    26     14     
15/08/1968  0       4.8    25     16     
16/08/1968  0       3.7    25     14     
17/08/1968  0       5.2    25     15     
18/08/1968  0       4.7    26     13     
19/08/1968  0       4.4    25     15     
20/08/1968  0       4.9    26.5   16     
21/08/1968  0       4.5    25     15     
22/08/1968  0       4.8    26     16     
23/08/1968  0       5.8    32     15     
24/08/1968  0       5.9    31     14     
25/08/1968  0       5      30     20     
26/08/1968  0       4.6    31     17     
27/08/1968  0       6.2    30     19     
28/08/1968  0       3.9    30     20     
29/08/1968  0       5.4    31     22     
30/08/1968  0       4.3    29     15     
31/08/1968  0       5.2    30     14     
01/09/1968  0       7.6    35     16     
02/09/1968  0       8.4    37     15     
03/09/1968  0       5.8    38     17     
04/09/1968  0       8.6    38     19     
05/09/1968  0       9.2    35     18     
06/09/1968  0       8.1    39     15     
07/09/1968  0       8.5    34     17     
08/09/1968  0       6.8    35     15     
09/09/1968  0       6.9    32     20     
10/09/1968  0       6.2    34     21     
11/09/1968  0       6.1    32     20     
12/09/1968  0       5.6    31     22     
13/09/1968  0       6.9    36     21     
14/09/1968  0       5.9    39     20     
15/09/1968  0       6.4    37     18     
16/09/1968  0       4.6    35     16     
17/09/1968  0       5.7    36     18     
18/09/1968  0       8.5    35     16     
19/09/1968  0       5.5    34     15     
20/09/1968  0       6.4    37     19     
21/09/1968  0       6.6    32     18     
22/09/1968  0       6.7    33     16     
23/09/1968  0       5.6    34     18     
24/09/1968  0       7.7    31     17     
25/09/1968  0       7.2    30     17     
26/09/1968  0       5.7    30     16     
27/09/1968  0       5.6    32     17     
28/09/1968  0       7.2    34     16.5   
29/09/1968  0       5.3    32     14     
30/09/1968  0       6.5    30     15     
01/10/1968  32.2    Nulo   30     19     
02/10/1968  0       5.6    28     20.5   
03/10/1968  0       6.1    31     18     
04/10/1968  0       5.7    30     15     
05/10/1968  0       5.5    28     14     
06/10/1968  0       5.8    26     16     
07/10/1968  0       7      27     18     
08/10/1968  0       7.2    26     15     
09/10/1968  0       5.9    30     13     
10/10/1968  0       4.9    31     15     
11/10/1968  0       5.9    29     14     
12/10/1968  0       3.3    27     17     
13/10/1968  0       5.2    28     20     
14/10/1968  0       5.2    27     20     
15/10/1968  0       5.1    28     19     
16/10/1968  0       4.5    29     17     
17/10/1968  0       6.2    33     16     
18/10/1968  0       5.2    30     18     
19/10/1968  0       4      32     20     
20/10/1968  0       5.2    29     16.5   
21/10/1968  0       4.6    30     12     
22/10/1968  0       5.5    28     14     
23/10/1968  0       5.8    29     11     
24/10/1968  0       5.3    31     12     
25/10/1968  0       5.2    29     14.5   
26/10/1968  0       4.8    30     12     
27/10/1968  0       4.9    32     15.5   
28/10/1968  0       5.5    33     13     
29/10/1968  0       5.1    31     13     
30/10/1968  0       4.6    31     15     
31/10/1968  0       6.3    30     11     
01/11/1968  0       5.2    30     11     
02/11/1968  0       5.8    26     8      
03/11/1968  0       6.1    25.5   5      
04/11/1968  0       4.9    28     10     
05/11/1968  0       4.2    26     12     
06/11/1968  0       3.8    27     10     
07/11/1968  0       3.5    24     11     
08/11/1968  0       4.4    27     13.5   
09/11/1968  0       4.7    25     12.5   
10/11/1968  0       6.1    29     8      
11/11/1968  0       5.3    26     10     
12/11/1968  0       4.9    25     10     
13/11/1968  0       4.6    27     12     
14/11/1968  0       3.8    29.5   11     
15/11/1968  0       4.3    26     9      
16/11/1968  0       4.3    25     12     
17/11/1968  0       4.8    29     10     
18/11/1968  0       3.6    26     11     
19/11/1968  0       4.1    27     7      
20/11/1968  0       4.3    26.5   9      
21/11/1968  0       3.9    25     12.5   
22/11/1968  0       4.1    28     14     
23/11/1968  0       3.7    30     10.5   
24/11/1968  0       3.8    27     11.5   
25/11/1968  0       4.1    28.5   14     
26/11/1968  0       4.7    26.5   10.5   
27/11/1968  0       5      27.5   8.5    
28/11/1968  0       6.2    28     10     
29/11/1968  0       5.8    24     7      
30/11/1968  0       4.8    25     4      
01/12/1968  0       6.2    25     4      
02/12/1968  0       5.5    27     7      
03/12/1968  0       5.8    26     18     
04/12/1968  0       3.2    28     5      
05/12/1968  0       1.7    26     10     
06/12/1968  0       3.2    27     13     
07/12/1968  0       4.4    29     13     
08/12/1968  0       5.5    31     12     
09/12/1968  0       3.6    28     13     
10/12/1968  0       4.2    26     15.5   
11/12/1968  0       5      29     8      
12/12/1968  0       5.7    25     10     
13/12/1968  0       5.6    28     10     
14/12/1968  0       3.7    28     5      
15/12/1968  0       4.4    25     8      
16/12/1968  0       4.4    28     5      
17/12/1968  0       5.4    23.5   5      
18/12/1968  0       6.3    25.5   12     
19/12/1968  0       3.3    24     15     
20/12/1968  0       5.1    26     13.5   
21/12/1968  0       5.5    23     10     
22/12/1968  0       5.1    26     15     
23/12/1968  0       3.8    25     15.5   
24/12/1968  0       6.1    29     12     
25/12/1968  0       3.1    24     15.5   
26/12/1968  0       2.9    23     16.5   
27/12/1968  0       5.4    23     10     
28/12/1968  0       4.9    24     11     
29/12/1968  0       3.1    25     5      
30/12/1968  0       6.6    27     12     
31/12/1968  0       5.7    28     10     
01/02/1969  0       6.3    24     15.5   
02/02/1969  0       4.2    26.5   10.5   
03/02/1969  0       4.5    22     9.5    
04/02/1969  0       4.7    24     8      
05/02/1969  0       5.1    24.5   8      
06/02/1969  0       5.4    28     10.5   
07/02/1969  0       3.4    24     9      
08/02/1969  0       4.3    27     11.5   
09/02/1969  0       3.2    25     11     
10/02/1969  0       2.5    22.5   10     
11/02/1969  0       3.3    22     15     
12/02/1969  0       4.1    24     14     
13/02/1969  0       3.6    23.5   14.5   
14/02/1969  0       4.5    26.5   11.5   
15/02/1969  0       2.7    24     10     
16/02/1969  0       2.7    22.5   9.5    
17/02/1969  0       4.6    24.5   8.5    
18/02/1969  0       4.3    23     9      
19/02/1969  0       3.3    26.5   8      
20/02/1969  0       3.3    25.5   11     
21/02/1969  0       4.3    27.5   12.5   
22/02/1969  0       6.2    26.5   13.5   
23/02/1969  0       2.6    23.5   11.5   
24/02/1969  0       5.5    22     12.5   
25/02/1969  0       4.7    23     14     
26/02/1969  0       5.3    22     11     
27/02/1969  0       6      26.5   13     
28/02/1969  0       4.9    24.5   15     
01/03/1969  0       Nulo   22     12     
02/03/1969  0       Nulo   24     10.5   
03/03/1969  0       Nulo   21.5   13     
04/03/1969  0       Nulo   20     11     
05/03/1969  0       Nulo   23     9      
06/03/1969  0       Nulo   24     7      
07/03/1969  0       Nulo   Nulo   10     
08/03/1969  0       Nulo   21     9      
09/03/1969  0       Nulo   19     8      
10/03/1969  0       Nulo   24     6      
11/03/1969  0       Nulo   20     10     
12/03/1969  0       Nulo   18     8      
13/03/1969  0       Nulo   21     6      
14/03/1969  0       Nulo   23     11     
15/03/1969  0       Nulo   19     9      
16/03/1969  0       Nulo   20     7      
17/03/1969  0       Nulo   22     12     
18/03/1969  0       Nulo   21     8      
19/03/1969  0       Nulo   18     11     
20/03/1969  0       Nulo   24     9      
21/03/1969  0       Nulo   22     12     
22/03/1969  0       Nulo   19     11     
23/03/1969  0       Nulo   22     9      
24/03/1969  0       Nulo   20     12     
25/03/1969  0       Nulo   18     11     
26/03/1969  0       Nulo   21     8      
27/03/1969  0       Nulo   19     10     
28/03/1969  0       Nulo   23     9      
29/03/1969  0       Nulo   20     12     
30/03/1969  0       Nulo   18     10     
31/03/1969  0       Nulo   21     7      
01/04/1969  0       Nulo   22     8      
02/04/1969  0       Nulo   20     7      
03/04/1969  0       Nulo   23     10     
04/04/1969  0       Nulo   21     7.5    
05/04/1969  0       Nulo   22     11     
06/04/1969  0       Nulo   25     9      
07/04/1969  0       Nulo   23     13     
08/04/1969  0       Nulo   21     11     
09/04/1969  0       Nulo   24     9      
10/04/1969  0       Nulo   22     13     
11/04/1969  0       Nulo   20.5   10     
12/04/1969  0       Nulo   23     7      
13/04/1969  0       Nulo   Nulo   10     
14/04/1969  0       Nulo   19.5   9      
15/04/1969  0       Nulo   21.5   8      
16/04/1969  0       Nulo   23     6      
17/04/1969  0       Nulo   21     10     
18/04/1969  0       Nulo   24     11     
19/04/1969  0       Nulo   22     13     
20/04/1969  0       Nulo   20     9      
21/04/1969  0       Nulo   23     7      
22/04/1969  0       Nulo   24     10     
23/04/1969  0       Nulo   22     7      
24/04/1969  0       Nulo   23     10     
25/04/1969  0       Nulo   19     10     
26/04/1969  0       Nulo   19.5   8      
27/04/1969  0       Nulo   24     6      
28/04/1969  0       Nulo   22     9      
29/04/1969  0       Nulo   22     10     
30/04/1969  0       Nulo   23     9      
01/05/1969  0       Nulo   27     14     
02/05/1969  0       Nulo   25     11     
03/05/1969  0       Nulo   27     13     
04/05/1969  0       Nulo   30     11     
05/05/1969  0       Nulo   28     13.5   
06/05/1969  0       Nulo   26     15     
07/05/1969  0       Nulo   30     12     
08/05/1969  0       Nulo   29.5   10     
09/05/1969  0       Nulo   27.5   13     
10/05/1969  0       Nulo   25     9.5    
11/05/1969  0       Nulo   26.5   7      
12/05/1969  0       Nulo   29     8      
13/05/1969  0       Nulo   32     9.5    
14/05/1969  0       Nulo   28.5   11.5   
15/05/1969  0       Nulo   30     13     
16/05/1969  0       Nulo   29     14     
17/05/1969  0       Nulo   30.5   12     
18/05/1969  0       Nulo   33     10     
19/05/1969  0       Nulo   31.5   12.5   
20/05/1969  0       Nulo   29     14     
21/05/1969  0       Nulo   31     12     
22/05/1969  0       Nulo   30     9      
23/05/1969  0       Nulo   28.5   11     
24/05/1969  0       Nulo   27     14     
25/05/1969  0       Nulo   30     13.5   
26/05/1969  0       Nulo   27.5   11.5   
27/05/1969  0       Nulo   29     15     
28/05/1969  0       Nulo   33     12     
29/05/1969  0       Nulo   31.5   10.5   
30/05/1969  0       Nulo   32     15.5   
31/05/1969  0       Nulo   30     14     
01/07/1969  0       Nulo   28     10     
02/07/1969  0       Nulo   27     13     
03/07/1969  0       Nulo   30     11     
04/07/1969  0       Nulo   28     15     
05/07/1969  0       Nulo   31     12     
06/07/1969  0       Nulo   29     16     
07/07/1969  0       Nulo   30     14     
08/07/1969  0       Nulo   27.5   12     
09/07/1969  0       Nulo   32.5   17     
10/07/1969  0       Nulo   33     16.5   
11/07/1969  0       Nulo   30     19     
12/07/1969  0       Nulo   32     17     
13/07/1969  0       Nulo   31     20     
14/07/1969  0       Nulo   33     18     
15/07/1969  0       Nulo   31     16     
16/07/1969  0       Nulo   28     19     
17/07/1969  0       Nulo   30     16     
18/07/1969  0       Nulo   29     18     
19/07/1969  0       Nulo   31     15     
20/07/1969  0       Nulo   32     17     
21/07/1969  0       Nulo   29     14     
22/07/1969  0       Nulo   31     16     
23/07/1969  0       Nulo   29.5   17     
24/07/1969  0       Nulo   30     14     
25/07/1969  0       Nulo   28     18     
26/07/1969  0       Nulo   29     15     
27/07/1969  0       Nulo   30     16     
28/07/1969  0       Nulo   30.5   16     
29/07/1969  0       Nulo   28.5   14     
30/07/1969  0       Nulo   31     13     
31/07/1969  0       Nulo   33     17     
01/08/1969  0       Nulo   34     19     
02/08/1969  0       Nulo   32     23     
03/08/1969  0       Nulo   35     21     
04/08/1969  0       Nulo   34     21     
05/08/1969  0       Nulo   35     19     
06/08/1969  0       Nulo   32     22     
07/08/1969  0       Nulo   34     20     
08/08/1969  0       Nulo   36     22     
09/08/1969  0       Nulo   38     21.5   
10/08/1969  0       Nulo   35     20     
11/08/1969  0       Nulo   34     23     
12/08/1969  0       Nulo   37     21     
13/08/1969  0       Nulo   35.5   24     
14/08/1969  0       Nulo   34     20     
15/08/1969  0       Nulo   33     23     
16/08/1969  0       Nulo   35     21.5   
17/08/1969  0       Nulo   33.5   23     
18/08/1969  0       Nulo   31.5   22     
19/08/1969  0       Nulo   38     19     
20/08/1969  0       Nulo   38.5   24     
21/08/1969  0       Nulo   36     25.5   
22/08/1969  0       Nulo   34     23.5   
23/08/1969  0       Nulo   31.5   22     
24/08/1969  0       Nulo   33.5   19.5   
25/08/1969  0       Nulo   34     21     
26/08/1969  0       Nulo   33     23     
27/08/1969  0       Nulo   36.5   22.5   
28/08/1969  0       Nulo   37     25     
29/08/1969  0       Nulo   34.5   26.5   
30/08/1969  0       Nulo   32     24     
31/08/1969  0       Nulo   36     23     
--------------------------------------
