CNA-SMN-CG-GMC-SMAA-CLIMATOLOGIA
BASE DE DATOS CLIMATOLOGICA
DATOS DISPONIBLES EN LA BASE DE DATOS A DICIEMBRE 2022

ESTACION  : 7353
NOMBRE    : SAN JOSE
ESTADO    : CHIAPAS
MUNICIPIO : OCOZOCOAUTLA DE ESPINOSA
SITUACION : SUSPENDIDA
ORGANISMO : CONAGUA-DGE
CVE-OMM   : Nulo
LATITUD   : 016.786°
LONGITUD  : -93.347°
ALTITUD   : 1052 msnm

EMISIÓN   : 29/12/2022

            PRECIP  EVAP   TMAX   TMIN   
  Fecha     (MM)    (MM)   (°C)   (°C)   
01/05/1981  4.2     1      28.5   19     
02/05/1981  5.2     2.5    25     20.5   
03/05/1981  0       4      28.5   20.5   
04/05/1981  0       1      28.5   19.5   
05/05/1981  29.4    8.4    32.5   19     
06/05/1981  0       2.7    35     18     
07/05/1981  0       5.3    33.5   17     
08/05/1981  0       4      33.5   18     
09/05/1981  0       4.3    33     18     
10/05/1981  0       4      33.5   14     
11/05/1981  0       2.4    33     13.5   
12/05/1981  0       2.3    30.5   17     
13/05/1981  0       1.7    30     16     
14/05/1981  0       3      35     16     
15/05/1981  0       2.5    36     17     
16/05/1981  0       3.8    35.5   18.5   
17/05/1981  0       2.8    34     17.5   
18/05/1981  0       1.4    31     19.5   
19/05/1981  0       3.5    35.5   19     
20/05/1981  0       2.5    33.5   20     
21/05/1981  5       7.2    32.5   17.5   
22/05/1981  0       8.8    31     18     
23/05/1981  0       0.9    29.5   19     
24/05/1981  0       1.1    31.5   21.5   
25/05/1981  40.7    5      35     17     
26/05/1981  0       3.1    31     17.5   
27/05/1981  0       2.9    36     15     
28/05/1981  10.5    2.4    31     17     
29/05/1981  0       7.4    30     19.5   
30/05/1981  0       2.6    30     19     
31/05/1981  0       3      30.5   17     
01/06/1981  0       3.4    29.5   23.5   
02/06/1981  0       5.7    29.5   24     
03/06/1981  0       2.3    30.5   20.5   
04/06/1981  0       2.3    30.5   19.5   
05/06/1981  1.5     1      31.5   18     
06/06/1981  0       2.2    30     18.5   
07/06/1981  0       5      29     18.5   
08/06/1981  0       6.4    30     24.5   
09/06/1981  2.1     6.3    28.5   25.5   
10/06/1981  0       5.3    29     18     
11/06/1981  0       3.8    29.5   18.5   
12/06/1981  0       1.5    30.5   18     
13/06/1981  0       0.6    28     20     
14/06/1981  0       3.1    29.5   20.5   
15/06/1981  10.7    0.2    27.5   20.5   
16/06/1981  2.1     1.7    25.5   20     
17/06/1981  0       2.3    25.5   19.5   
18/06/1981  1       6      23.5   19     
19/06/1981  20      2.6    29.5   20     
20/06/1981  2       1.5    29     19     
21/06/1981  3       3.8    25.5   20     
22/06/1981  0       2.7    25.5   21     
23/06/1981  8       2.7    22.5   19.5   
24/06/1981  9.2     4.7    27.5   20     
25/06/1981  5.4     0.3    26.5   19.5   
26/06/1981  5       0.5    25.5   18.5   
27/06/1981  5       1.7    24.5   20     
28/06/1981  0       0.8    23.5   19     
29/06/1981  3       5.2    24     20     
30/06/1981  4       1.1    Nulo   21.5   
01/07/1981  18      3.1    27     20     
02/07/1981  0       1.7    26.5   22     
03/07/1981  10.5    2.4    25.5   20.5   
04/07/1981  5       4.1    29.5   19     
05/07/1981  0       1.1    25     19.5   
06/07/1981  2.1     3.1    29     18     
07/07/1981  5       2      29.5   20     
08/07/1981  8.1     4.3    27.5   18.5   
09/07/1981  4.3     3.1    25.5   20     
10/07/1981  0       3      24.5   19     
11/07/1981  0       2.2    26.5   20.5   
12/07/1981  0       1.9    26     20     
13/07/1981  20.4    2.5    25     20     
14/07/1981  20      4.3    26.5   19     
15/07/1981  20.5    1.4    24.5   19.5   
16/07/1981  0       6.6    25     20.5   
17/07/1981  0       1.9    26     19.5   
18/07/1981  0       3      25     20     
19/07/1981  0       5.1    27     19     
20/07/1981  18      6.2    23     18     
21/07/1981  10.2    6.1    24.5   18     
22/07/1981  0       4.2    21     19     
23/07/1981  10.6    3.2    28.5   20     
24/07/1981  10.1    2.4    26     19     
25/07/1981  20.1    3.3    27.5   20     
26/07/1981  10.4    3      26     19     
27/07/1981  0       4      24     18.5   
28/07/1981  0       1.8    24.5   20     
29/07/1981  0.2     1.2    23     18     
30/07/1981  0       2.4    28     19     
31/07/1981  0       4.6    27.5   18     
01/08/1981  0       4.1    22.5   18     
02/08/1981  0       5.4    23     19     
03/08/1981  0       3.2    22     19     
04/08/1981  0       2.6    23     18     
05/08/1981  0       3.8    28     18     
06/08/1981  4       1.9    24     19     
07/08/1981  3       1.3    22     19     
08/08/1981  10      6.2    23.5   18     
09/08/1981  11.5    4.4    28     18     
10/08/1981  0       3      28.5   19     
11/08/1981  0       2.6    25     19.5   
12/08/1981  0       2.2    24.5   18     
13/08/1981  31      4.1    27     19     
14/08/1981  0       1.6    28.5   19     
15/08/1981  0       3.9    26     19     
16/08/1981  23      2.8    28     18.5   
17/08/1981  10.5    2.1    23.5   17     
18/08/1981  0       9.3    24     18     
19/08/1981  0       1.8    26     19     
20/08/1981  2       1.8    26     19.5   
21/08/1981  0       3.4    24.5   19     
22/08/1981  3.6     7.6    26     18     
23/08/1981  2.1     6      25     19     
24/08/1981  3.4     6.5    27     19.5   
25/08/1981  10.5    6.2    27     19     
26/08/1981  5.2     2.3    26     19.5   
27/08/1981  5       2.5    27.5   20.5   
28/08/1981  8       1.5    27     19     
29/08/1981  0       2.2    27     18.5   
30/08/1981  0       3.6    26     19     
31/08/1981  0       2.1    29     19.5   
01/09/1981  0       7.2    26     20     
02/09/1981  0       7.7    27     19     
03/09/1981  0       1.7    28     19     
04/09/1981  10.4    1.8    29     18     
05/09/1981  0       4.9    27     19     
06/09/1981  0       1.9    27     18     
07/09/1981  0       9.2    26.5   19     
08/09/1981  0       3.2    26     20     
09/09/1981  0       1.7    27     19     
10/09/1981  0       2.5    28     18     
11/09/1981  0       2.8    26     18     
12/09/1981  0       1.8    28     20     
13/09/1981  0       4      26     19     
14/09/1981  0       2.2    26     20     
15/09/1981  0       6.2    27     19     
16/09/1981  40      6.1    26     20     
17/09/1981  40      3.4    25     19     
18/09/1981  3.2     8.4    26     20     
19/09/1981  0       6.8    27     19     
20/09/1981  0       7.7    25     19     
21/09/1981  10.2    7.2    27     19     
22/09/1981  0       1.6    28     19     
23/09/1981  0       2.7    26     19     
24/09/1981  0       4.4    27     20     
25/09/1981  0       6      26     18     
26/09/1981  0       7.7    26     19     
27/09/1981  0       2.4    27     18     
28/09/1981  0       5.8    26     19     
29/09/1981  0       4.1    26     19     
30/09/1981  48.5    5.6    Nulo   19     
01/10/1981  0       5.1    27.5   20.5   
02/10/1981  0       2      23.5   20     
03/10/1981  2       2.4    26.5   19.5   
04/10/1981  0       2.2    29     20     
05/10/1981  0       5.8    28.5   21     
06/10/1981  8       2.4    27     20     
07/10/1981  0       1.9    28.5   19     
08/10/1981  4.7     2.8    27     20     
09/10/1981  0       2      27.5   19     
10/10/1981  10.2    3.9    28     20     
11/10/1981  4.2     5.7    26     19     
12/10/1981  10.5    3.8    27.5   19.5   
13/10/1981  0       3.1    27     20     
14/10/1981  0       2.1    28     17     
15/10/1981  0       1.2    26     20     
16/10/1981  0       3.8    25     19.5   
17/10/1981  0       2.7    26     19     
18/10/1981  0       1.1    27     19     
19/10/1981  0       2.5    28.5   18.5   
20/10/1981  0       6.9    27     19     
21/10/1981  0       3.4    28.5   20     
22/10/1981  0       1.6    27     20     
23/10/1981  0       2      26     19.5   
24/10/1981  40.2    1.7    25.5   18     
25/10/1981  0       2.1    26     19.5   
26/10/1981  0       1.2    26.5   19     
27/10/1981  0       1.8    28     20     
28/10/1981  0       1.7    27     19     
29/10/1981  0       2      28     18.5   
30/10/1981  20.5    1.6    29.5   19     
31/10/1981  0       4.4    27     20     
01/11/1981  0       3.4    27.5   19.5   
02/11/1981  2       3.6    26     18     
03/11/1981  0       3.1    27.5   19     
04/11/1981  0       1.2    26     19.5   
05/11/1981  0       2.1    27     18     
06/11/1981  0       2.1    28     18     
07/11/1981  0       5      26     19.5   
08/11/1981  0       4.1    27.5   19     
09/11/1981  0       2.5    27     18     
10/11/1981  0       2.5    26.5   17.5   
11/11/1981  0       1.1    27     18     
12/11/1981  0       1      26     18     
13/11/1981  0       1      28     19.5   
14/11/1981  0       2      26     19     
15/11/1981  2       4.1    27.5   17     
16/11/1981  0       1      28     18.5   
17/11/1981  0       2.5    27     18     
18/11/1981  0       2.2    27     19     
19/11/1981  0       2.3    26     18.5   
20/11/1981  0       1.5    26.5   17.5   
21/11/1981  0       1.9    28     19     
22/11/1981  0       3.2    25.5   19     
23/11/1981  0       2.7    26     18.5   
24/11/1981  0       3.2    26     19     
25/11/1981  0       6.7    28.5   18.5   
26/11/1981  0       4.3    26     19     
27/11/1981  0       5.3    28     18.5   
28/11/1981  0       2.1    28     19     
29/11/1981  0       2      28     19     
30/11/1981  0       2      23     19     
01/12/1981  0       2.3    27     19     
02/12/1981  0       3.1    26.5   18.5   
03/12/1981  0       5.1    26     19     
04/12/1981  0       3      27     19     
05/12/1981  12.1    2      27.5   13.5   
06/12/1981  0       2.5    26     19     
07/12/1981  0       5.3    30     18     
08/12/1981  0       6      27.5   19     
09/12/1981  0       4.9    30.5   18.5   
10/12/1981  0       4.8    28     19     
11/12/1981  0       0.2    29     19.5   
12/12/1981  0       2.4    28.5   19     
13/12/1981  0       5.3    27     19     
14/12/1981  0       1      30.5   19.5   
15/12/1981  0       3      25.5   20     
16/12/1981  0       5.9    28     20.5   
17/12/1981  0       4.2    29     19     
18/12/1981  0       1.9    29     20     
19/12/1981  0       1.6    29.5   20     
20/12/1981  0       1.4    30     19.5   
21/12/1981  0       2      29     20     
22/12/1981  0       8.2    30.5   20.5   
23/12/1981  0       6.5    31     21     
24/12/1981  0       2.1    28     19     
25/12/1981  0       2.2    30     19     
26/12/1981  0       0.8    30.5   20.5   
27/12/1981  0       2.2    27     15     
28/12/1981  0       1      28.5   19     
29/12/1981  9       6.1    26     20     
30/12/1981  0       1.6    28     19.5   
31/12/1981  0       1.1    29.5   19     
01/01/1982  0       1.2    30.5   20.5   
02/01/1982  0       2.2    30     18     
03/01/1982  0       1.7    30     18.5   
04/01/1982  0       1.5    28.5   19     
05/01/1982  0       6.9    28     20     
06/01/1982  0       0.6    30     19.5   
07/01/1982  0       0.6    32     12     
08/01/1982  0       5.5    30     19     
09/01/1982  0       2.8    31     20     
10/01/1982  0       2.6    30.5   19     
11/01/1982  0       3.5    30     19.5   
12/01/1982  0       3.9    30     19     
13/01/1982  0       2.2    31.5   19     
14/01/1982  0       3.1    30     19.5   
15/01/1982  0       2.2    29     19     
16/01/1982  0       1.7    27.5   18     
17/01/1982  0       2.2    30     20     
18/01/1982  0       3      28     19     
19/01/1982  0       3.2    30.5   18     
20/01/1982  0       1.9    30     14.5   
21/01/1982  0       1.7    31     19     
22/01/1982  0       2      30.5   18.5   
23/01/1982  0       5.7    29     19     
24/01/1982  0       3      31     18     
25/01/1982  0       5.9    30     20     
26/01/1982  0       9.8    30.5   19.5   
27/01/1982  0       4.3    23.1   19     
28/01/1982  0       2.4    27.5   14     
29/01/1982  0       3.4    28.5   14.5   
30/01/1982  0       3.5    27     18     
31/01/1982  0       2.4    29.5   17     
01/02/1982  0       4.3    28     18     
02/02/1982  0       7.7    30.5   19     
03/02/1982  0       2      29     17.5   
04/02/1982  0       2.7    30.5   18     
05/02/1982  0       2.6    29     19     
06/02/1982  0       3.7    30     19.5   
07/02/1982  0       0.8    29.5   18     
08/02/1982  0       0.8    29     18     
09/02/1982  0       5.2    30     13     
10/02/1982  0       2.8    29.5   19     
11/02/1982  0       6.8    27.5   18     
12/02/1982  0       2.3    27.5   19.5   
13/02/1982  0       8.6    27     19     
14/02/1982  0       4.1    29     19.5   
15/02/1982  0       8.4    30     18     
16/02/1982  0       3.3    29.5   18.5   
17/02/1982  0       3.3    29     19     
18/02/1982  0       5      27.5   18     
19/02/1982  0       4.4    27     19     
20/02/1982  0       2.3    26     19.5   
21/02/1982  0       3      28     18     
22/02/1982  0       3.2    26     18     
23/02/1982  0       8.5    29     19     
24/02/1982  0       4.3    30     18     
25/02/1982  0       1.9    29.5   19.5   
26/02/1982  0       2.2    28     18     
27/02/1982  0       1.7    29     17     
28/02/1982  0       4.5    27     16.5   
01/03/1982  0       3.4    26.5   18.5   
02/03/1982  0       7.4    28     17     
03/03/1982  0       3.3    27     18.5   
04/03/1982  0       0.9    26     18     
05/03/1982  0       3      29.5   18     
06/03/1982  0       6.3    27     17.5   
07/03/1982  0       4.1    28     18     
08/03/1982  0       3.9    27     17     
09/03/1982  0       3.6    26     18.5   
10/03/1982  0       3.6    27.5   17     
11/03/1982  0       4.7    28     18     
12/03/1982  0       2.3    27     17     
13/03/1982  0       4      28     17     
14/03/1982  0       7.5    27     18     
15/03/1982  0       2      27     18.5   
16/03/1982  0       1.8    24     17     
17/03/1982  0       3.2    27.5   16     
18/03/1982  0       2.6    28     17     
19/03/1982  0       0.6    27.5   17.5   
20/03/1982  0       3.9    29     19     
21/03/1982  0       6.4    26     18     
22/03/1982  0       4      27.5   17     
23/03/1982  0       4      27     18     
24/03/1982  0       4      26     17.5   
25/03/1982  0       4      28     17     
26/03/1982  0       3      25     19     
27/03/1982  0       3      26     16     
28/03/1982  0       2.8    28     17.5   
29/03/1982  0       3.2    26     17     
30/03/1982  0       2      27     18     
31/03/1982  0       1      27.5   18     
01/04/1982  0       2.7    27     17     
02/04/1982  0       1.5    25.5   19     
03/04/1982  0       4.9    26     18     
04/04/1982  0       4.1    27     17     
05/04/1982  0       4.8    30.5   19     
06/04/1982  0       4.2    27     19     
07/04/1982  0       4.1    26     18     
08/04/1982  0       4      29     19     
09/04/1982  0       6.1    27     18     
10/04/1982  0       1.1    26     17.5   
11/04/1982  0       1.8    29     19     
12/04/1982  0       3      27     18     
13/04/1982  0       3      29.5   17     
14/04/1982  0       1.4    26.5   17.5   
15/04/1982  0       5.1    26     18.5   
16/04/1982  0       5      29     19     
17/04/1982  0       3      27     18     
18/04/1982  0       4.1    28     17.5   
19/04/1982  0       4      27.5   19     
20/04/1982  0       5.1    29     19     
21/04/1982  0       4      28.5   18.5   
22/04/1982  0       3.1    30.5   19     
23/04/1982  0       7.1    28     17     
24/04/1982  0       3      27     17     
25/04/1982  0       3      29     19     
26/04/1982  0       2.9    28     19     
27/04/1982  0       5.1    29.5   17     
28/04/1982  0       5      27.5   19     
29/04/1982  0       3.1    29.5   19     
30/04/1982  0       5      Nulo   18     
01/05/1982  0       5.2    29.5   16.5   
02/05/1982  0       3.7    27     14     
03/05/1982  0       3      26.5   13.5   
04/05/1982  0       2      28.5   18     
05/05/1982  0       2      32     16.5   
06/05/1982  0       4.1    31     17     
07/05/1982  0       3      30     19.5   
08/05/1982  0       2.6    27.5   17     
09/05/1982  0       4      28     18.5   
10/05/1982  0       5      27.5   18     
11/05/1982  0       6      28     20.5   
12/05/1982  0       4      31     19     
13/05/1982  0       4.1    32     19.5   
14/05/1982  0       3.7    31.5   20     
15/05/1982  0       4.2    36     19.5   
16/05/1982  0       4.9    32     18     
17/05/1982  0       4.1    31     17     
18/05/1982  0       6.1    30.5   18     
19/05/1982  0       9.1    29.5   17.5   
20/05/1982  0       4.1    31.5   18     
21/05/1982  0       3.1    30     14.5   
22/05/1982  0       5.1    32.5   17.5   
23/05/1982  0       2      31     18.5   
24/05/1982  0       2.5    31.5   17.5   
25/05/1982  0       3.1    29.5   19.5   
26/05/1982  0       4.1    33.5   16.5   
27/05/1982  0       4      32.5   15.5   
28/05/1982  0       4      36     17.5   
29/05/1982  0       3      31     18.5   
30/05/1982  0       5      32     19.5   
31/05/1982  0       4.4    31.5   17     
01/06/1982  4.3     1.5    30     18     
02/06/1982  0       1.4    31     18     
03/06/1982  0       4.1    29.5   18.5   
04/06/1982  0       3      28.5   18.5   
05/06/1982  0       4      29.5   19     
06/06/1982  0       3      29     17     
07/06/1982  0       3      29     18     
08/06/1982  0       1      30     18     
09/06/1982  0       4      31     17.5   
10/06/1982  0       3      30.5   19.5   
11/06/1982  0       3      32     18.5   
12/06/1982  0       3      30.5   16.5   
13/06/1982  0       3      31.5   17     
14/06/1982  0       5      30     18     
15/06/1982  0       2.1    29.5   16     
16/06/1982  6.1     1.9    30     16.5   
17/06/1982  9.3     1.6    29.5   16     
18/06/1982  15.9    2.8    29     15.5   
19/06/1982  9.2     3.7    29.5   16     
20/06/1982  38      5.9    30     18     
21/06/1982  0       2.3    30     19.5   
22/06/1982  0       4      29.5   20     
23/06/1982  0       5.4    28.5   18     
24/06/1982  0       3.8    31.5   19     
25/06/1982  0       2.9    29.5   20.5   
26/06/1982  0       3.1    31.5   19.5   
27/06/1982  0       3.1    29.5   18.5   
28/06/1982  0       1.7    29.5   18.5   
29/06/1982  0       5.1    29.5   17     
30/06/1982  0       4.2    30     17     
01/07/1982  0       4.8    30     17.5   
02/07/1982  0       1.1    31     18.5   
03/07/1982  0       1      30     20     
04/07/1982  0       4.9    29.5   18.5   
05/07/1982  0       8.1    29     18     
06/07/1982  0       5      29.5   17     
07/07/1982  0       4.1    32.5   18     
08/07/1982  0       5      31.5   17.5   
09/07/1982  0       4.1    29.5   19     
10/07/1982  0       3      30.5   18.5   
11/07/1982  0       2.3    30     17.5   
12/07/1982  0       8      29.5   17     
13/07/1982  0       3.1    31     18     
14/07/1982  0       4      30.5   19.5   
15/07/1982  0       4.1    31.5   18.5   
16/07/1982  0       5      32     19     
17/07/1982  0       6      31.5   19.5   
18/07/1982  0       4      30.5   18     
19/07/1982  0       5.1    29.5   17     
20/07/1982  0       4      30.5   18.5   
21/07/1982  0       7.1    29.5   19.5   
22/07/1982  0       5      30.5   18.5   
23/07/1982  0       5      31.5   17.5   
24/07/1982  0       5.1    29.5   19     
25/07/1982  0       5      30.5   18     
26/07/1982  10.4    3.3    30     17     
27/07/1982  0       4.1    29.5   18     
28/07/1982  0       4      29     19     
29/07/1982  0       2.1    30.5   20     
30/07/1982  0       4.1    29     19     
31/07/1982  0       4      30     18     
01/08/1982  0       5.4    31     17     
02/08/1982  0       4.7    29     19.5   
03/08/1982  0       4      30.5   19     
04/08/1982  0       4.1    31     18     
05/08/1982  0       4.1    31     17.5   
06/08/1982  0       5      30.5   20     
07/08/1982  0       6      29.5   18     
08/08/1982  0       5.2    30.5   18     
09/08/1982  0       5.1    30     19     
10/08/1982  10.5    3.3    31.5   18     
11/08/1982  0       1.3    30     17     
12/08/1982  0       3.9    29.5   19     
13/08/1982  0       6.2    30.5   19     
14/08/1982  0       4      31.5   20     
15/08/1982  0       5      32     20.5   
16/08/1982  0       4      31.5   19.5   
17/08/1982  0       4.9    31     18.5   
18/08/1982  0       5      29.5   19     
19/08/1982  0       5.1    30     18.5   
20/08/1982  0       4.1    30.5   19     
21/08/1982  0       3.7    29.5   18.5   
22/08/1982  0       4.5    30.5   18     
23/08/1982  0       5.6    29.5   17     
24/08/1982  0       5.1    30.5   18     
25/08/1982  0       5.1    31.5   19     
26/08/1982  0       3.6    31     17.5   
27/08/1982  4.3     3.3    30.5   18     
28/08/1982  0       6.1    29.5   18.5   
29/08/1982  0       6      30.5   17.5   
30/08/1982  0       6      30.5   18     
31/08/1982  0       6      29.5   19     
01/09/1982  0       6.2    30     16     
02/09/1982  0       7.1    28.5   18     
03/09/1982  0       6.8    31     19.5   
04/09/1982  0       4.2    29     17.5   
05/09/1982  0       4.1    31.5   18     
06/09/1982  0       5      30.5   19.5   
07/09/1982  0       5.1    31     18     
08/09/1982  0       6      29.5   17     
09/09/1982  0       4.1    30.5   18.5   
10/09/1982  0       3      29.5   19.5   
11/09/1982  0       5      31     18     
12/09/1982  0       5.1    30.5   20     
13/09/1982  0       3      28.5   18.5   
14/09/1982  0       5      30.5   19     
15/09/1982  0       6.9    28     17.5   
16/09/1982  0       6.1    27     19.5   
17/09/1982  0       4.1    30.5   18     
18/09/1982  0       4      29     19.5   
19/09/1982  0       4      30.5   17.5   
20/09/1982  10.5    3.2    26     18.5   
21/09/1982  15.5    3.4    31     19     
22/09/1982  0       3.6    31.5   20.5   
23/09/1982  0       4.4    30.5   20     
24/09/1982  0       4.9    30     17.5   
25/09/1982  0       3.2    30.5   18     
26/09/1982  5.6     2.3    29.5   17.5   
27/09/1982  7.4     3.7    29     17     
28/09/1982  5.4     2.5    30.5   16     
29/09/1982  10.4    3.1    31.5   18.5   
30/09/1982  5.9     5      29.5   20     
01/10/1982  14      3      31.5   19.5   
02/10/1982  0       2      29.5   17     
03/10/1982  33.1    3      30.5   18.5   
04/10/1982  2.5     4.5    31.5   16.5   
05/10/1982  0       3.1    30.5   18     
06/10/1982  0       4      29     19     
07/10/1982  18      2.9    28.5   20     
08/10/1982  40.5    3.7    30     17.5   
09/10/1982  0       1.7    29     18.5   
10/10/1982  0       3      30     19     
11/10/1982  0       3      29.5   17     
12/10/1982  0       3.1    31     16     
13/10/1982  0       3.1    30.5   19.5   
14/10/1982  0       2.9    28     17.5   
15/10/1982  0       3      30     18.5   
16/10/1982  0       3      31     16     
17/10/1982  0       4.1    29     18     
18/10/1982  0       3      28.5   19.5   
19/10/1982  0       4.8    30.5   17     
20/10/1982  0       3.9    31     18.5   
21/10/1982  0       3      30.5   19.5   
22/10/1982  0       4      28.5   17     
23/10/1982  0       3      29.5   16.5   
24/10/1982  0       3.6    31     18.5   
25/10/1982  0       2.5    30     19     
26/10/1982  0       3      27.5   20.5   
27/10/1982  0       2.7    30     17     
28/10/1982  0       3.4    29.5   19     
29/10/1982  0       3.5    31     20     
30/10/1982  0       2.6    30     17     
31/10/1982  0       4      31     18.5   
01/11/1982  0       4.1    30     20     
02/11/1982  0       4      28.5   18     
03/11/1982  0       4.2    27.5   16.5   
04/11/1982  0       4.8    30     17.5   
05/11/1982  0       6      31.5   19     
06/11/1982  0       4.3    30     17     
07/11/1982  0       4.1    30.5   19     
08/11/1982  0       3      29.5   20     
09/11/1982  0       4      30     18.5   
10/11/1982  0       3.1    29.5   17     
11/11/1982  0       4      31     16     
12/11/1982  0       3.4    30     17     
13/11/1982  0       2.6    32.5   20     
14/11/1982  0       2.8    32     17     
15/11/1982  0       3.2    30     20     
16/11/1982  0       3.5    31     19.5   
17/11/1982  0       2.6    32     15     
18/11/1982  0       2.5    31     17.5   
19/11/1982  0       4.6    33     18     
20/11/1982  0       4.1    32     19     
21/11/1982  0       3      30     17.5   
22/11/1982  0       2.9    33.5   18     
23/11/1982  0       3.1    32     16     
24/11/1982  0       4      33.5   17.5   
25/11/1982  0       3.2    31     19     
26/11/1982  0       3.8    30     17     
27/11/1982  0       4.8    31.5   20     
28/11/1982  0       3.2    32.5   18.5   
29/11/1982  0       2.9    30     16     
30/11/1982  0       4      33     19     
01/12/1982  0       3      30     19     
02/12/1982  0       3.6    28     20     
03/12/1982  0       2.4    31.5   18     
04/12/1982  0       3.5    32     19.5   
05/12/1982  0       3.5    30     20     
06/12/1982  0       3      29.5   20     
07/12/1982  0       4      31     18.5   
08/12/1982  0       3.4    29     19     
09/12/1982  0       2.6    32     19.5   
10/12/1982  0       3.1    33     17.5   
11/12/1982  0       4.8    30.5   20     
12/12/1982  0       3      31     19     
13/12/1982  0       3.1    32.5   18.5   
14/12/1982  0       3      32     17     
15/12/1982  0       3.1    30     20     
16/12/1982  0       4.5    28.5   17     
17/12/1982  0       2.6    31.5   16     
18/12/1982  0       4.1    30     20.5   
19/12/1982  0       2.9    28.5   18     
20/12/1982  0       3.1    32     16     
21/12/1982  0       3.1    33     18.5   
22/12/1982  0       2.2    33.5   17     
23/12/1982  0       2.3    32.5   17.5   
24/12/1982  0       3.6    29     18     
25/12/1982  0       3.2    28     16.5   
26/12/1982  0       3.2    32     15     
27/12/1982  0       3.4    31.5   14.5   
28/12/1982  0       2.2    30     17     
29/12/1982  0       2.5    32     16.5   
30/12/1982  0       2.9    30     17     
31/12/1982  0       4.1    30.5   17     
01/01/1983  0       12     28     16     
02/01/1983  0       11     26.5   15.5   
03/01/1983  0       11.5   30     18.5   
04/01/1983  0       11     30     19     
05/01/1983  0       12     29.5   17.5   
06/01/1983  0       9      28     19     
07/01/1983  0       11.5   29.5   18     
08/01/1983  0       10.5   28     17.5   
09/01/1983  0       11.5   30     18.5   
10/01/1983  0       12.5   31.5   19     
11/01/1983  0       12.5   30.5   18     
12/01/1983  0       14.5   31     16.5   
13/01/1983  0       11     30     19     
14/01/1983  0       14.5   29.5   15     
15/01/1983  0       9      27.5   18.5   
16/01/1983  0       10.5   28.5   18     
17/01/1983  0       10.5   29.5   19     
18/01/1983  0       10.5   29     18.5   
19/01/1983  0       12.5   28.5   16     
20/01/1983  0       12.5   30     17.5   
21/01/1983  0       13.5   30.5   17     
22/01/1983  0       16     32.5   16.5   
23/01/1983  0       14     30     16     
24/01/1983  0       11.5   27.5   16     
25/01/1983  0       11     28     17     
26/01/1983  0       15.5   30     14.5   
27/01/1983  0       16.5   30.5   14     
28/01/1983  0       13.5   29.5   16     
29/01/1983  0       15.5   30     14.5   
30/01/1983  0       14     30     16     
31/01/1983  0       14     29     15     
01/02/1983  0       12     27.5   15.5   
02/02/1983  0       16.5   30.5   14     
03/02/1983  0       13.5   31     17.5   
04/02/1983  0       12     30     18     
05/02/1983  0       14     30.5   16.5   
06/02/1983  0       14     32     18     
07/02/1983  0       15.5   33     17.5   
08/02/1983  0       14     30     16     
09/02/1983  0       14.5   31.5   17     
10/02/1983  0       12     32     20     
11/02/1983  0       15.5   32.5   17     
12/02/1983  0       14     29.5   15.5   
13/02/1983  0       12     30     18     
14/02/1983  0       12.5   28.5   16     
15/02/1983  0       13.5   31     17.5   
16/02/1983  0       13.5   29.5   16     
17/02/1983  0       11     31     20     
18/02/1983  0       12     29     17     
19/02/1983  0       11.5   29.5   18     
20/02/1983  0       15.5   32     16.5   
21/02/1983  0       13     31     18     
22/02/1983  0       15.5   32.5   17     
23/02/1983  0       12.5   33     20.5   
24/02/1983  0       14     30     16     
25/02/1983  0       13.5   32     18.5   
26/02/1983  0       14     30     16     
27/02/1983  0       11.5   30.5   19     
28/02/1983  0       12     32     20     
01/05/1983  0       5.7    28     16.5   
02/05/1983  0       4.5    26.5   15     
03/05/1983  0       4.5    28.5   14.5   
04/05/1983  0       5.4    30     19.5   
05/05/1983  0       6      30.5   16.5   
06/05/1983  0       5.1    32     17     
07/05/1983  0       3.8    29.5   18.5   
08/05/1983  0       5.2    28     17     
09/05/1983  0       2      29.5   18.5   
10/05/1983  0       4      28     19     
11/05/1983  0       2.8    32     20.5   
12/05/1983  0       4.1    32     19     
13/05/1983  0       4      31.5   18.5   
14/05/1983  0       4.7    36     22     
15/05/1983  0       3.8    34.5   23.5   
16/05/1983  0       5.4    33     19     
17/05/1983  0       5.2    32.5   17.5   
18/05/1983  0       4.7    30     18     
19/05/1983  0       3.9    30.5   18.5   
20/05/1983  0       6.3    30.5   19     
21/05/1983  0       3.1    32     16     
22/05/1983  0       3.6    33.5   14.5   
23/05/1983  0       8      32.5   22     
24/05/1983  0       8.3    29.5   16     
25/05/1983  0       3      29.5   17.5   
26/05/1983  0       5.5    28.5   15     
27/05/1983  0       1.2    27.5   15.5   
28/05/1983  0       7.9    30     16.5   
29/05/1983  0       6.1    31     17.5   
30/05/1983  0       9.2    29     19     
31/05/1983  0       8.9    30.5   17     
01/06/1983  0       5.2    31.5   18.5   
02/06/1983  0       3.2    32.5   20     
03/06/1983  19.1    8.4    29.5   19.5   
04/06/1983  0       4.1    31     16     
05/06/1983  18      4      31.5   18.5   
06/06/1983  0       4.1    29.1   20.5   
07/06/1983  0       6      30.5   17     
08/06/1983  0       5      31.5   18.5   
09/06/1983  0       3.5    28.6   17.5   
10/06/1983  0       3.6    30.5   20     
11/06/1983  0       3.1    29.5   18.5   
12/06/1983  0       4      30.5   19.5   
13/06/1983  0       2      28.1   18.5   
14/06/1983  0       5      29.5   17.5   
15/06/1983  0       2.5    30.5   16     
16/06/1983  0       3.6    29     17.5   
17/06/1983  20.5    3.7    31.5   18     
18/06/1983  0       3.4    30.5   19.5   
19/06/1983  0       2.8    29     17     
20/06/1983  0       4.3    29.5   16     
21/06/1983  0       3      30.5   18.5   
22/06/1983  0       4      31     17     
23/06/1983  0       4.4    32.5   19.5   
24/06/1983  0       3.1    33     18.5   
25/06/1983  0       3.5    32.5   17     
26/06/1983  0       5.8    33     21     
27/06/1983  0       4.1    32     22.5   
28/06/1983  0       2.9    32.5   23     
29/06/1983  0       4.1    30.1   19.5   
30/06/1983  0       3.5    31.5   21     
01/07/1983  0       2.7    31     17     
02/07/1983  0       3      32     18     
03/07/1983  10.8    1.2    31.5   20     
04/07/1983  0       1.7    32.5   19.5   
05/07/1983  0       3      31.5   18     
06/07/1983  0       3.1    30     16     
07/07/1983  0       2.9    31.5   17     
08/07/1983  0       4      30.5   16.5   
09/07/1983  0       3.1    29.5   15     
10/07/1983  0       3      30.5   14     
11/07/1983  0       5      31.5   17     
12/07/1983  0       6.2    30     16     
13/07/1983  5.1     2.1    31.5   20     
14/07/1983  0       3.9    32.5   19     
15/07/1983  0       3.5    31.5   18.5   
16/07/1983  15.1    1.5    30     17     
17/07/1983  0       4      31     16     
18/07/1983  0       4      32     17     
19/07/1983  0       4      29     15     
20/07/1983  0       2      31.5   14     
21/07/1983  15.1    4.1    30.5   17     
22/07/1983  0       4      31.5   18.5   
23/07/1983  0       4.5    32     19.5   
24/07/1983  0       4.9    30     20     
25/07/1983  0       3.7    31.5   19     
26/07/1983  0       4.1    30     20     
27/07/1983  0       4.4    30     18     
28/07/1983  0       1.5    29.5   17     
29/07/1983  0       3.5    30.5   16.5   
30/07/1983  0       4.4    30     18     
31/07/1983  0       4.5    31     20     
01/08/1983  0       3      30.5   19     
02/08/1983  0       3.2    30     18.5   
03/08/1983  0       3.7    30.5   18     
04/08/1983  0       2.2    31     19     
05/08/1983  0       4.2    30     19.5   
06/08/1983  0       4      28     18     
07/08/1983  0       6      30     17     
08/08/1983  0       3      30     18     
09/08/1983  0       5      29     20     
10/08/1983  5.5     3.3    31     19     
11/08/1983  10.1    2.7    28     18     
12/08/1983  0       3.1    30     17     
13/08/1983  0       3      31.5   20     
14/08/1983  0       4      28     19.5   
15/08/1983  0       3      30     17     
16/08/1983  0       4      31     19     
17/08/1983  0       5      29     17     
18/08/1983  0       3      30     16     
19/08/1983  0       4      27.1   18     
20/08/1983  0       3      28     19     
21/08/1983  10.5    2.8    29     17     
22/08/1983  0       1.5    31.5   16     
23/08/1983  0       3      30.5   20     
24/08/1983  0       2.8    29     18     
25/08/1983  0       3.5    31.5   16     
26/08/1983  8.5     2.7    32     19     
27/08/1983  0       4.1    30     18     
28/08/1983  0       4      28     17     
29/08/1983  0       3      30     15     
30/08/1983  0       5.1    31.5   16     
31/08/1983  0       2.8    30.5   18     
01/09/1983  0       5      29.5   19     
02/09/1983  0       4.1    31     16     
03/09/1983  0       7.1    29.5   15     
04/09/1983  0       2.5    31.5   17     
05/09/1983  0       5      28.5   16.5   
06/09/1983  0       8      31.5   15.5   
07/09/1983  0       4.1    30.5   17     
08/09/1983  0       4      31.5   26     
09/09/1983  0       4      32.5   17     
10/09/1983  0       4.1    30.5   19     
11/09/1983  0       5.1    29.5   16.5   
12/09/1983  0       4      30     17     
13/09/1983  0       4.1    32     18     
14/09/1983  0       7.1    30.5   20     
15/09/1983  0       6      31     17.5   
16/09/1983  0       6.1    32.5   16     
17/09/1983  0       3.1    29.5   18     
18/09/1983  0       5.1    31.5   19     
19/09/1983  0       4      31.5   20     
20/09/1983  0       5      33.5   19     
21/09/1983  0       4.1    31.5   20.5   
22/09/1983  0       3.8    29.5   18.5   
23/09/1983  0       4.3    30.5   16.5   
24/09/1983  0       5.1    33     17.5   
25/09/1983  0       4.1    30     20     
26/09/1983  0       3      32     17     
27/09/1983  0       4      30.5   19     
28/09/1983  0       4.1    32.5   20.5   
29/09/1983  0       5.1    29     18.5   
30/09/1983  0       3      30     19     
01/10/1983  0       3      33.5   20     
02/10/1983  0       4      31     18.5   
03/10/1983  0       4      29     15     
04/10/1983  0       2.9    30     17     
05/10/1983  0       4.1    32     20     
06/10/1983  0       4.1    31.5   16.5   
07/10/1983  0       3      33.5   17     
08/10/1983  0       5.1    30.5   19     
09/10/1983  0       3.5    38.5   17     
10/10/1983  0       5      31.5   15     
11/10/1983  0       2.6    32.5   17     
12/10/1983  0       1      29.5   19     
13/10/1983  1       2.6    29     18     
14/10/1983  0       1.1    27.5   18     
15/10/1983  0       1.8    30     17     
16/10/1983  0       5.1    31.5   18.5   
17/10/1983  0       4      32.5   17.5   
18/10/1983  0       3      30     19     
19/10/1983  8.4     3      31.5   17     
20/10/1983  17.1    5.5    29.5   18     
21/10/1983  0       4.5    29     16.5   
22/10/1983  0       5      32     19     
23/10/1983  0       3.5    30.5   18     
24/10/1983  10.6    2      28.5   16.5   
25/10/1983  0       4      30     15.5   
26/10/1983  7.5     1.5    32.5   17.5   
27/10/1983  0       2      27.5   15     
28/10/1983  0       3      31     17     
29/10/1983  0       3      33     15     
30/10/1983  0       3      31     18     
31/10/1983  0       3.2    32     16     
01/11/1983  0       2.3    32     18     
02/11/1983  0       2.2    30     17.5   
03/11/1983  0       3      31.5   16     
04/11/1983  0       3      30.5   15     
05/11/1983  0       3      32.5   17     
06/11/1983  0       2      Nulo   18.5   
07/11/1983  0       3      31.5   16.5   
08/11/1983  0       3      30     16.5   
09/11/1983  0       3      32.5   17     
10/11/1983  0       4      30     18     
11/11/1983  0       4.1    31.5   14     
12/11/1983  0       2.6    32.5   15     
13/11/1983  0       3      30.5   18     
14/11/1983  0       3      29.5   16.5   
15/11/1983  0       3      31.5   14     
16/11/1983  0       4      32.5   17     
17/11/1983  0       4      30     15     
18/11/1983  0       3      31     17     
19/11/1983  0       3      29     15     
20/11/1983  0       4      32     15     
21/11/1983  0       3      33     20     
22/11/1983  0       Nulo   Nulo   Nulo   
01/12/1984  0       Nulo   30.5   12     
02/12/1984  0       Nulo   30.5   15     
03/12/1984  0       Nulo   27     19     
04/12/1984  0       Nulo   30     20     
05/12/1984  2       Nulo   27     15     
06/12/1984  0.5     Nulo   26.5   13     
07/12/1984  6.6     Nulo   30     13     
08/12/1984  0       Nulo   29.5   10     
09/12/1984  0.9     Nulo   26.5   15     
10/12/1984  0       Nulo   25     14     
11/12/1984  1       Nulo   25     10.5   
12/12/1984  0       Nulo   Nulo   11.5   
01/07/1988  5.4     Nulo   26     20     
02/07/1988  10.2    Nulo   27     21     
03/07/1988  20      Nulo   28     20.5   
04/07/1988  8.5     Nulo   26     20.5   
05/07/1988  8       Nulo   27     19     
06/07/1988  18.5    Nulo   26     20     
07/07/1988  13.5    Nulo   27     19.5   
08/07/1988  5       Nulo   26     19.5   
09/07/1988  0       Nulo   26     19     
10/07/1988  0       Nulo   27.5   18     
11/07/1988  0       Nulo   26     20     
12/07/1988  3.5     Nulo   27     19     
13/07/1988  19      Nulo   26     20.5   
14/07/1988  5.3     Nulo   25     19.5   
15/07/1988  11      Nulo   26     19     
16/07/1988  10      Nulo   25     19.5   
17/07/1988  0       Nulo   27     19     
18/07/1988  3.5     Nulo   26     19.5   
19/07/1988  12      Nulo   27     20     
20/07/1988  0       Nulo   25     20.5   
21/07/1988  0       Nulo   25.5   19     
22/07/1988  0       Nulo   26     19.5   
23/07/1988  5       Nulo   25     16     
24/07/1988  0       Nulo   22.5   19     
25/07/1988  0       Nulo   24     18     
26/07/1988  0       Nulo   26     18.5   
27/07/1988  0       Nulo   24     19     
28/07/1988  5.5     Nulo   25     20     
29/07/1988  0       Nulo   23.5   20.5   
30/07/1988  0       Nulo   22     20     
31/07/1988  20      Nulo   22.5   20     
09/08/1988  Nulo    Nulo   29     Nulo   
10/08/1988  33.5    3.4    28     18     
11/08/1988  9.5     2.4    26.5   21     
12/08/1988  38      4.9    27     21     
13/08/1988  31      2.4    26     21     
14/08/1988  7       3.1    26.5   21     
15/08/1988  5.4     4.4    27     21.5   
16/08/1988  0       6      27     19.5   
17/08/1988  72.5    5      28     21     
18/08/1988  25.5    2      29     20.5   
19/08/1988  0       7      28     19.5   
20/08/1988  1.5     6.5    28.5   20     
21/08/1988  0       6.3    28     20     
22/08/1988  3.5     0.4    29     22     
23/08/1988  0       5.9    28     21     
24/08/1988  0       7.2    27.5   21     
25/08/1988  0       7.2    25     20.5   
26/08/1988  8       4.7    25     21     
27/08/1988  0       8.1    26     21     
28/08/1988  40.5    2.9    27     20     
29/08/1988  0       5.8    27     21     
30/08/1988  2.5     8.5    27     20     
31/08/1988  9.5     8      25     20.5   
01/09/1988  14.5    1      27     20     
02/09/1988  0.3     1      26     21     
03/09/1988  0.6     8.5    24     21     
04/09/1988  14      3.3    24     20     
05/09/1988  0.3     2.2    25     20     
06/09/1988  0       2.8    24     20     
07/09/1988  0       2.8    24     19     
08/09/1988  0       2.9    26     18     
09/09/1988  0.5     3      24     17     
10/09/1988  0       2.8    23     18     
11/09/1988  9       3.2    23     20     
12/09/1988  0       3.2    26     21     
13/09/1988  6       5      24     20     
14/09/1988  0       3.4    25     20     
15/09/1988  0       2.4    26     19     
16/09/1988  0       5.1    27     20     
17/09/1988  0       1      29     18     
18/09/1988  0       4.3    29     20     
19/09/1988  70      5.8    29     18     
20/09/1988  12      1.3    28     19     
21/09/1988  0       8.4    27     19     
22/09/1988  5       4.6    28     20     
23/09/1988  5       8.2    28     20     
24/09/1988  0       6.2    27     21     
25/09/1988  2.5     1.1    26     21     
26/09/1988  1.5     2      25     19     
27/09/1988  19.3    2.4    27     20     
28/09/1988  19.3    2.2    27     20     
29/09/1988  23.5    2.2    25.5   20     
30/09/1988  9.5     6.3    Nulo   20     
01/10/1988  4.5     3.9    25     18.5   
02/10/1988  37.9    2.7    27.5   19.5   
03/10/1988  6.9     1.6    25.5   20     
04/10/1988  1       1.6    24     20     
05/10/1988  3       0.8    21.5   18     
06/10/1988  0.5     0.4    20     17.5   
07/10/1988  0.4     0.5    20     18     
08/10/1988  0.6     1.6    20.5   18     
09/10/1988  0       1.9    24     18.5   
10/10/1988  0       1      21     19     
11/10/1988  0       0.7    22     17.5   
12/10/1988  0       3.1    23     17     
13/10/1988  0       3.3    23     17     
14/10/1988  0       5.1    24     17     
15/10/1988  0       4.3    24     17.5   
16/10/1988  0       2.1    23.5   18.5   
17/10/1988  0       3.1    25     18     
18/10/1988  0       4.6    23.5   15     
19/10/1988  0       1.8    24.5   18     
20/10/1988  0       4.7    26.5   16     
21/10/1988  0       4.5    27     14     
22/10/1988  0       2.9    25.5   17     
23/10/1988  0       4      29     17     
24/10/1988  0       0.8    25     20     
25/10/1988  2       1.1    22     19.5   
26/10/1988  0       1.7    25     18     
27/10/1988  3.5     2.6    28     20     
28/10/1988  1.8     3.8    27     20     
29/10/1988  0.5     0.2    26     20     
30/10/1988  15.7    1      24.5   19.5   
31/10/1988  0       1.2    25     19.5   
01/11/1988  0       2.7    26     17.5   
02/11/1988  4.5     0.6    23     18     
03/11/1988  0       2      22.5   17     
04/11/1988  0       3.4    28     12.5   
05/11/1988  0       4.8    27     14     
06/11/1988  0       3      29     13     
07/11/1988  0       4.2    25     15.5   
08/11/1988  0       4.1    29     18     
09/11/1988  0       4.1    27     18     
10/11/1988  0       0.2    27     20     
11/11/1988  0       5      27     19     
12/11/1988  0       3.7    28     19     
13/11/1988  0       2.8    26.5   20     
14/11/1988  0       5      29     19     
15/11/1988  0       3.1    26     20     
16/11/1988  0       4.3    26     20.5   
17/11/1988  0       4.2    28.5   18     
18/11/1988  0       4.4    29     15     
19/11/1988  0       3.2    25     18     
20/11/1988  0       3.2    28.5   20     
21/11/1988  0       3.8    29     17     
22/11/1988  1       4      26.5   18     
23/11/1988  0       4.5    20.5   17.5   
24/11/1988  0       5.7    23.5   18     
25/11/1988  0       5.2    23.5   15     
26/11/1988  0       3.5    27     14.5   
27/11/1988  0       3      27.5   14     
28/11/1988  0       2.1    29     14     
29/11/1988  1       2.1    29     12     
30/11/1988  6       0.9    Nulo   15     
01/12/1988  0       0.6    21.5   17     
02/12/1988  0       2.9    23     18     
03/12/1988  0       3.3    23     18     
04/12/1988  0       5.2    19     18.5   
05/12/1988  0       1.8    19.5   15     
06/12/1988  0       1.2    19     15     
07/12/1988  0       1.9    17     14.5   
08/12/1988  0       3.4    17     14.5   
09/12/1988  0       3      19     14     
10/12/1988  0       3.7    29     13     
11/12/1988  0       3.5    24.5   16     
12/12/1988  0       2.9    26     16     
13/12/1988  0       2.8    27     18     
14/12/1988  3.5     0.2    23     16     
15/12/1988  0       3.6    22     15.5   
16/12/1988  0       3      26     15     
17/12/1988  0       3.4    29     11     
18/12/1988  0       3.9    24     14     
19/12/1988  0       4      23     16     
20/12/1988  0       3.6    23     13     
21/12/1988  0       3.2    21     11.5   
22/12/1988  0       3.3    28     Nulo   
23/12/1988  0       3      24     12     
24/12/1988  0       4.2    26     16.5   
25/12/1988  0       2.4    28.5   14.5   
26/12/1988  0       1.6    27     16.5   
27/12/1988  0       8.4    25     15     
28/12/1988  0       3.6    28     15.5   
29/12/1988  0       8.9    30     13     
30/12/1988  0       1.4    27     11     
31/12/1988  0       4.4    30     15.5   
--------------------------------------
