CNA-SMN-CG-GMC-SMAA-CLIMATOLOGIA
BASE DE DATOS CLIMATOLOGICA
DATOS DISPONIBLES EN LA BASE DE DATOS A DICIEMBRE 2022

ESTACION  : 2087
NOMBRE    : EJIDO DOCTOR OVIEDO MOTA
ESTADO    : BAJA CALIFORNIA
MUNICIPIO : MEXICALI
SITUACION : SUSPENDIDA
ORGANISMO : CONAGUA-DGE
CVE-OMM   : Nulo
LATITUD   : 032.229°
LONGITUD  : -115.169°
ALTITUD   : 8 msnm

EMISIÓN   : 29/12/2022

            PRECIP  EVAP   TMAX   TMIN   
  Fecha     (MM)    (MM)   (°C)   (°C)   
10/10/1974  0       Nulo   33     10     
11/10/1974  0       Nulo   33     12     
12/10/1974  0       Nulo   31     15     
13/10/1974  0       Nulo   32.5   14.5   
14/10/1974  0       7.2    34     12     
15/10/1974  0       8.2    35     13     
16/10/1974  0       7.9    35     14     
17/10/1974  0       6.4    35     14     
18/10/1974  0       8.4    31     11     
19/10/1974  0       6.1    31.5   14     
20/10/1974  0       4.5    33     11     
21/10/1974  0       6.3    32     16     
22/10/1974  25      2.3    28     18.5   
23/10/1974  0       6.5    21     15     
24/10/1974  0       3.2    22     14     
25/10/1974  0       4      29     15     
26/10/1974  0       4.5    21     14.5   
27/10/1974  0       4.5    27     11     
28/10/1974  0       6.6    26.5   11     
29/10/1974  0.3     1.5    20.5   8.5    
30/10/1974  0       2.2    21     10.5   
31/10/1974  0       4.5    24     8      
01/11/1974  0       3.8    23     10.5   
02/11/1974  0       3.3    22     8      
03/11/1974  0       4.6    23     7      
04/11/1974  0       1.6    24     7      
05/11/1974  0       3.2    24     11     
06/11/1974  0       2.6    25     10     
07/11/1974  0       5.6    26     7      
08/11/1974  0       5.4    26     6      
09/11/1974  0       7.3    25.5   6      
10/11/1974  0       4.7    26.5   7      
11/11/1974  0       6.3    27     6      
12/11/1974  0       6.8    29     9      
13/11/1974  0       7.2    30     9      
14/11/1974  0       6.2    29     6      
15/11/1974  0       5.8    27     5      
16/11/1974  0       3.2    27     8.5    
17/11/1974  0       1.9    26     11     
18/11/1974  0       4.4    26     9      
19/11/1974  0       2.1    24     9      
20/11/1974  0       4.3    26     10     
21/11/1974  0       2.4    26     9      
22/11/1974  0       6.4    24     8      
23/11/1974  0       5.4    22     10     
24/11/1974  0       5.2    24     4      
25/11/1974  0       5.1    25     5      
26/11/1974  0       2.6    24     5      
27/11/1974  0       3.9    25     3.5    
28/11/1974  0       5.4    22.5   4      
29/11/1974  0       3.8    20.5   5      
30/11/1974  0       4.4    19     3.5    
01/12/1974  0       2.6    21.5   6      
02/12/1974  0       2.1    22.5   2      
03/12/1974  7       1.5    21.5   3      
04/12/1974  5       1.5    18     5      
05/12/1974  0       3.7    20     4      
06/12/1974  0       4      20.5   4      
07/12/1974  0       4.9    21     1.5    
08/12/1974  0       7.2    19     2      
09/12/1974  0       3.7    19.5   7      
10/12/1974  0       0.8    20.5   0      
11/12/1974  0       2.1    19     -0.5   
12/12/1974  0       1.7    17.5   -0.5   
13/12/1974  0       4      20     0.5    
14/12/1974  0       4.2    18     2.5    
15/12/1974  0       2.9    20     2      
16/12/1974  0       2.8    23     3      
17/12/1974  0       3.6    23.5   4      
18/12/1974  0       3.9    21     3.5    
19/12/1974  0       2.6    21     1      
20/12/1974  0       2.7    22.5   1      
21/12/1974  0       2.7    24     2.5    
22/12/1974  0       4.8    21     1.5    
23/12/1974  0       5      12     7      
24/12/1974  0       0.4    11.5   -0.5   
25/12/1974  0       5.3    13     -2.5   
26/12/1974  0       3.7    14     -3     
27/12/1974  0       0.7    14.5   -2     
28/12/1974  0       1.3    10     -2.5   
29/12/1974  0       1.5    13     -3     
30/12/1974  4.3     1.6    15.5   1.5    
31/12/1974  0       4.6    13.5   4.5    
01/01/1975  0       4.6    14     3      
02/01/1975  0       5.1    14.5   3      
03/01/1975  0       2.4    14.5   2      
04/01/1975  0       3.4    16.5   0      
05/01/1975  0       1.2    19     0      
06/01/1975  0       4      20     1      
07/01/1975  0       2.2    21     3      
08/01/1975  0       1      20     2      
09/01/1975  0       3.8    17     2      
10/01/1975  0       2.6    18     0      
11/01/1975  0       2.5    18     2      
12/01/1975  0       3.8    16     4      
13/01/1975  0       5.5    19     0      
14/01/1975  0       3.6    24     2      
15/01/1975  0       4.2    25     2      
16/01/1975  0       2.8    24     2      
17/01/1975  0       5.9    25     4      
18/01/1975  0       2.6    26     5      
19/01/1975  0       7.2    26     5      
20/01/1975  0       4.9    26     4      
21/01/1975  0       6.4    21     3      
22/01/1975  0       4.7    19     4      
23/01/1975  0       3.8    20     3      
24/01/1975  0       3.5    23     1.5    
25/01/1975  0       2.8    25     3      
26/01/1975  0       6      25     5      
27/01/1975  0       3.5    23     7      
28/01/1975  0       4.1    15     5      
29/01/1975  0       3      17     -1     
30/01/1975  0       3.2    16     0      
31/01/1975  0       2.1    16     0      
01/02/1975  0       2.9    17     0      
02/02/1975  0       1.5    19     0      
03/02/1975  0       3.4    18     1      
04/02/1975  0       3.1    20     2      
05/02/1975  0       3.3    21     4      
06/02/1975  0       5      21     6      
07/02/1975  0       4.2    22     6      
08/02/1975  0       4.2    25     4      
09/02/1975  0       2.8    24     5      
10/02/1975  0       6.2    23     6      
11/02/1975  0       4.4    22.5   4      
12/02/1975  0       3.4    24     4      
13/02/1975  1       2.1    21     4      
14/02/1975  0       5.3    23.5   5.5    
15/02/1975  0       6.3    23     9      
16/02/1975  0       7.1    22     2      
17/02/1975  0       5.1    17     7      
18/02/1975  0       4.6    19     1      
19/02/1975  0       2      20     -1     
20/02/1975  0       3.4    23     1      
21/02/1975  0       10.7   17     5      
22/02/1975  0       6.9    15     2      
23/02/1975  0       3      20     -1     
24/02/1975  0       5.4    24     2      
25/02/1975  0       5.4    24     2.5    
26/02/1975  0       3      26.5   2.5    
27/02/1975  0       7.3    29     4      
28/02/1975  0       2.4    30     5.5    
01/03/1975  0       5.9    29     7      
02/03/1975  0       9      29     6      
03/03/1975  0       7.6    29     9      
04/03/1975  0       5.6    31     9      
05/03/1975  0       9.6    26     8      
06/03/1975  0       5.9    26     10     
07/03/1975  0       5      22.5   7      
08/03/1975  0.5     4.1    25     7.5    
09/03/1975  0       5      24     4      
10/03/1975  0.7     2.7    20     4      
11/03/1975  0       4.5    18     3      
12/03/1975  0       3.6    20     2      
13/03/1975  0       5.5    21     4      
14/03/1975  0       5.7    18     6.5    
15/03/1975  0       6.3    23     2      
16/03/1975  0       4.9    21.5   4      
17/03/1975  0       2.2    21     4      
18/03/1975  0       7.3    21     4      
19/03/1975  0       5      31     4      
20/03/1975  0       7.6    30     4      
21/03/1975  0       6.8    29     10     
22/03/1975  0       4.5    30     5      
23/03/1975  0       6.8    22     6      
24/03/1975  0       9.4    27     5      
25/03/1975  0       5.3    27     7      
26/03/1975  0       8.9    17     7      
27/03/1975  0       5.1    18     4      
28/03/1975  0       9.1    21     6      
29/03/1975  0       10.1   20     4      
30/03/1975  0       7.4    22     6      
31/03/1975  0       7.8    21     5      
01/04/1975  0       6.7    21     5      
02/04/1975  0       5.6    22     3      
03/04/1975  0       6.3    24     3.5    
04/04/1975  0       6.5    25     4      
05/04/1975  0       4.9    20     5      
06/04/1975  0       5      19     4      
07/04/1975  0       5.6    19     4      
08/04/1975  2       6.3    21     2      
09/04/1975  0       3      22     3      
10/04/1975  0       5.3    21     3      
11/04/1975  0       6.2    20     8      
12/04/1975  0       3.7    23     5      
13/04/1975  0       8.2    28     7      
14/04/1975  0       7.7    27.5   8      
15/04/1975  0       6.3    26     8      
16/04/1975  0       6.3    24     8.5    
17/04/1975  0       4.8    19     9      
18/04/1975  0       5.6    24     5      
19/04/1975  0       6      24     6.5    
20/04/1975  0       8.2    29     9      
21/04/1975  0       9.9    31     10     
22/04/1975  0       9.9    27     9      
23/04/1975  0       5.8    28     7      
24/04/1975  0       7.7    30     9      
25/04/1975  0       9.1    29     10     
26/04/1975  0       7.2    32     9      
27/04/1975  0       5.6    25     10     
28/04/1975  0       9.5    28     7      
29/04/1975  0       10.2   27.5   9      
30/04/1975  0       10.8   28     9.5    
01/05/1975  0       9.3    28     12     
02/05/1975  0       9.9    32     10     
03/05/1975  0       9.5    33     11     
04/05/1975  0       9.2    28     10     
05/05/1975  0       10.8   23     10     
06/05/1975  0       8.1    27     6      
07/05/1975  0       9.8    29     7      
08/05/1975  0       9.4    31     9      
09/05/1975  0       9.2    28     10     
10/05/1975  0       9.6    29     9      
11/05/1975  0       10.1   38     10     
12/05/1975  0       9.9    38     11     
13/05/1975  0       9.8    32     14     
14/05/1975  0       11.8   32     14     
15/05/1975  0       10.1   34     15     
16/05/1975  0       8.9    30     16     
17/05/1975  0       8.9    28     12     
18/05/1975  0       8.7    30     13     
19/05/1975  0       9.2    30     13     
20/05/1975  0       9.4    28     12     
21/05/1975  0       6      25     9.5    
22/05/1975  0       10.2   26     8      
23/05/1975  0       10.4   28     8      
24/05/1975  0       9.4    25     14     
25/05/1975  0       9.9    28     8      
26/05/1975  0       10     30     9      
27/05/1975  0       9.6    32     11     
28/05/1975  0       10.1   32     15     
29/05/1975  0       10.9   35     15     
30/05/1975  0       10     37     16     
31/05/1975  0       10.2   40     16     
01/06/1975  0       12.3   40     16     
02/06/1975  0       12.5   40     15     
03/06/1975  0       12.2   38     16     
04/06/1975  0       10.2   37     16     
05/06/1975  0       11.9   37     15     
06/06/1975  0       10.4   36     15     
07/06/1975  0       10.3   37     16     
08/06/1975  0       10.3   39     15     
09/06/1975  0       11.5   37     17     
10/06/1975  0       12.9   39     19     
11/06/1975  0       15.7   41     19     
12/06/1975  0       14.3   42     19     
13/06/1975  0       14.8   40     20     
14/06/1975  0       12     40     17     
15/06/1975  0       15.6   43.5   17     
16/06/1975  0       12.2   42     19     
17/06/1975  0       10     41     17     
18/06/1975  0       10.5   34     19     
19/06/1975  0       9.3    32.5   11     
20/06/1975  0       8      31     15     
21/06/1975  0       9.9    35     15     
22/06/1975  0       9.6    31     16     
23/06/1975  0       10     32     16     
24/06/1975  0       11.3   38     18     
25/06/1975  0       13.4   36     15     
26/06/1975  0       10.9   40     14     
27/06/1975  0       14.2   41     16     
28/06/1975  0       10     36     17     
29/06/1975  0       12.2   41     16     
30/06/1975  0       12.8   40     17     
01/07/1975  0       9.9    37     17     
02/07/1975  0       9.4    40     16     
03/07/1975  0       9.8    38     15     
04/07/1975  0       9.5    37     16     
05/07/1975  0       10.3   36     15     
06/07/1975  0       12.3   38     15     
07/07/1975  0       13.4   39     16     
08/07/1975  0       13     40     17     
09/07/1975  0       11.7   42     19     
10/07/1975  0       14.3   41     19     
11/07/1975  0       11.9   43     19     
12/07/1975  0       9.5    40     20     
13/07/1975  0       9.9    41     19     
14/07/1975  0       12.2   44     19     
15/07/1975  0       11.6   44     20     
16/07/1975  0       10     38     19     
17/07/1975  0       11.3   37     18     
18/07/1975  0       13.4   37     16     
19/07/1975  0       10.9   39     15     
20/07/1975  0       14.1   42     16     
21/07/1975  0       10.1   43     16     
22/07/1975  0       10.7   41     16     
23/07/1975  0       11.3   42     15     
24/07/1975  0       10     42     19     
25/07/1975  0       9      41     19     
26/07/1975  0       10.3   44     18     
27/07/1975  0       9.5    44     17     
28/07/1975  0       10.3   41     17     
29/07/1975  0       12.2   41     18     
30/07/1975  0       11.6   42     19     
31/07/1975  0       11.6   40     17     
01/08/1975  0       12.5   40     20     
02/08/1975  0       10.4   39     19     
03/08/1975  0       11.9   40     18     
04/08/1975  0       10.4   41     19     
05/08/1975  0       14.2   40     19     
06/08/1975  0       14.7   39     19     
07/08/1975  0       10.5   36     19     
08/08/1975  0       10.1   40     18     
09/08/1975  0       10.1   41     17     
10/08/1975  0       9.9    40     18     
11/08/1975  0       10     39     19     
12/08/1975  0       7.1    40     16     
13/08/1975  0       9.2    35     16     
14/08/1975  0       10.6   34     17     
15/08/1975  0       11.1   38     18     
16/08/1975  0       10.8   40.5   16     
17/08/1975  0       10.9   39     17     
18/08/1975  0       10.3   40     17     
19/08/1975  0       10     41     15     
20/08/1975  0       10     40     17     
21/08/1975  0       9.7    37     18     
22/08/1975  0       8.3    36     17     
23/08/1975  0       9.9    38     18     
24/08/1975  0       10     34     18     
25/08/1975  0       11.2   35     17     
26/08/1975  0       9      38     16     
27/08/1975  0       10     37     16     
28/08/1975  0       8.8    36     19     
29/08/1975  0       10.4   35     18     
30/08/1975  0       8.7    38     18     
31/08/1975  0       10.9   39     19     
01/09/1975  0       9.5    39     19     
02/09/1975  0       7.8    38     19     
03/09/1975  0       7.5    39     18     
04/09/1975  0       10.5   38     19     
05/09/1975  0       11.1   36     18     
06/09/1975  0       9.9    38     17     
07/09/1975  0       11     37     18     
08/09/1975  0       11.5   38     18     
09/09/1975  0       9.8    41     19     
10/09/1975  0       6.9    40     18     
11/09/1975  0       9.1    39     19     
12/09/1975  0       12.8   38     18     
13/09/1975  0       10.6   41     18     
14/09/1975  0       9.1    40     19     
15/09/1975  0       9.4    38     19     
16/09/1975  0       9.2    39     18     
17/09/1975  0       8.6    38     17     
18/09/1975  0       11.1   36     18     
19/09/1975  0       9.4    38     16     
20/09/1975  0       10.9   39     17     
21/09/1975  0       12     38     18     
22/09/1975  0       12.4   40     17     
23/09/1975  0       7.8    38     20     
24/09/1975  0       9.7    38     18     
25/09/1975  0       11.9   38     18     
26/09/1975  0       9.4    39.5   16     
27/09/1975  0       9.2    40     17     
28/09/1975  0       7.5    39     16     
29/09/1975  0       10.9   36.5   16.5   
30/09/1975  0       8.5    35     20     
01/10/1975  0       4.2    31     19.5   
02/10/1975  0       8.2    37     19     
03/10/1975  0       7.3    38     19.5   
04/10/1975  0       9.7    32     18     
05/10/1975  0       9.1    31     15     
06/10/1975  0       11.2   33     15     
07/10/1975  0       8      30     14     
08/10/1975  0       4.8    30     10     
09/10/1975  0       7.1    31     12     
10/10/1975  0       3.5    32     14     
11/10/1975  0       5      30     13     
12/10/1975  0       5      27     10     
13/10/1975  0       6.6    26     8      
14/10/1975  0       9.1    29     9      
15/10/1975  0       5.2    28     9.5    
16/10/1975  0       8.5    32     9      
17/10/1975  0       7.1    34     10     
18/10/1975  0       5.7    33     10     
19/10/1975  2       7.3    33     10     
20/10/1975  0       3.9    25     9      
21/10/1975  0       5.1    31     9      
22/10/1975  0       6.6    33     9.5    
23/10/1975  0       6.6    23     13     
24/10/1975  0       7      22     5      
25/10/1975  0       5.6    24     5      
26/10/1975  0       5.2    28     5      
27/10/1975  0       5.2    30     8      
28/10/1975  0       5.1    31     10     
29/10/1975  0       6.7    30     9      
30/10/1975  0       8.4    33     10     
31/10/1975  0       7.6    26     10     
01/11/1975  0       6.1    28     12     
02/11/1975  0       5.6    30     8      
03/11/1975  0       6.1    31     9      
04/11/1975  0       4.2    32     10     
05/11/1975  0       5.8    33     10     
06/11/1975  0       3.8    31     8.5    
07/11/1975  0       3.9    31     7.5    
08/11/1975  0       3.9    29     7      
09/11/1975  0       3.7    27     12     
10/11/1975  0       4.5    30     7      
11/11/1975  0       5.4    28     7.5    
12/11/1975  0       4.7    24.5   7      
13/11/1975  0       3.9    26     1      
14/11/1975  0       5.7    27     3.5    
15/11/1975  0       5.5    28     4      
16/11/1975  0       5      30     5      
17/11/1975  0       5.9    27.5   3      
18/11/1975  0       5.8    21     4      
19/11/1975  0       6.3    18     5      
20/11/1975  0       5.9    22     0      
21/11/1975  0       3.9    20     3      
22/11/1975  0       5.1    21     8      
23/11/1975  0       4.8    22     4      
24/11/1975  0       5.1    26     2      
25/11/1975  0       5.4    27.5   4      
26/11/1975  0       2.9    21     6      
27/11/1975  0       1.8    24     3      
28/11/1975  0       6.2    19     5      
29/11/1975  0       4.1    21     5      
30/11/1975  0       5.9    17     4      
01/10/1981  0       Nulo   33     18.5   
02/10/1981  0       Nulo   31     13     
03/10/1981  0       Nulo   33     15     
04/10/1981  0       Nulo   31     13     
05/10/1981  0       Nulo   34     14     
06/10/1981  0       Nulo   35     15     
07/10/1981  0       Nulo   36     14     
08/10/1981  0       Nulo   31     15     
09/10/1981  0       Nulo   32     17     
10/10/1981  0       Nulo   31     16     
11/10/1981  0       Nulo   32     14     
12/10/1981  0       Nulo   25     8      
13/10/1981  0       Nulo   23     9      
14/10/1981  0       Nulo   25     7      
15/10/1981  0       Nulo   25     10     
16/10/1981  0       Nulo   25     10     
17/10/1981  0       Nulo   28     9      
18/10/1981  0       Nulo   32     10     
19/10/1981  0       Nulo   27     9      
20/10/1981  0       Nulo   31     12     
21/10/1981  0       Nulo   31     12     
22/10/1981  0       Nulo   32     13     
23/10/1981  0       Nulo   31     10     
24/10/1981  0       Nulo   33     10     
25/10/1981  0       Nulo   31     10     
26/10/1981  0       Nulo   31     13     
27/10/1981  0       Nulo   26     17     
28/10/1981  0       Nulo   30     16     
29/10/1981  0       Nulo   29     15     
30/10/1981  0       Nulo   28     11     
31/10/1981  0       Nulo   29     Nulo   
01/11/1981  0       Nulo   30     10     
02/11/1981  0       Nulo   29     11     
03/11/1981  0       Nulo   30     9      
04/11/1981  0       Nulo   34     8      
05/11/1981  0       Nulo   30     10     
06/11/1981  0       Nulo   29     12     
07/11/1981  0       Nulo   28     10     
08/11/1981  0       Nulo   27     13     
09/11/1981  0       Nulo   28     11     
10/11/1981  0       Nulo   30     12     
11/11/1981  0       Nulo   29     9      
12/11/1981  0       Nulo   31     8      
13/11/1981  0       Nulo   31     10     
14/11/1981  0       Nulo   29     13     
15/11/1981  0       Nulo   29     10     
16/11/1981  0       Nulo   31     10     
17/11/1981  0       Nulo   27     9      
18/11/1981  0       Nulo   26     11     
19/11/1981  0       Nulo   24     11     
20/11/1981  0       Nulo   25     5      
21/11/1981  0       Nulo   26     5      
22/11/1981  0       Nulo   22     4      
23/11/1981  0       Nulo   25     7      
24/11/1981  0       Nulo   28     6      
25/11/1981  0       Nulo   22     6      
26/11/1981  0       Nulo   20     2      
27/11/1981  0       Nulo   21     6      
28/11/1981  0       Nulo   22     7      
29/11/1981  0       Nulo   19     8      
30/11/1981  6       Nulo   19     3      
01/12/1981  0       Nulo   20     5      
02/12/1981  0       Nulo   22     4      
03/12/1981  0       Nulo   23     5      
04/12/1981  0       Nulo   24     8      
05/12/1981  0       Nulo   23     9      
06/12/1981  0       Nulo   25     7      
07/12/1981  0       Nulo   24     5      
08/12/1981  0       Nulo   19     8      
09/12/1981  0       Nulo   16     6      
10/12/1981  0       Nulo   21     4      
11/12/1981  0       Nulo   26     3      
12/12/1981  0       Nulo   20     9      
13/12/1981  0       Nulo   23     4      
14/12/1981  0       Nulo   23     7      
15/12/1981  0       Nulo   24     5      
16/12/1981  0       Nulo   23     5      
17/12/1981  0       Nulo   22     8      
18/12/1981  0       Nulo   23     8      
19/12/1981  0       Nulo   24     4      
20/12/1981  0       Nulo   25     7      
21/12/1981  0       Nulo   22     9      
22/12/1981  0       Nulo   19     7      
23/12/1981  0       Nulo   13     2      
24/12/1981  0       Nulo   17     1      
25/12/1981  0       Nulo   19     1      
26/12/1981  0       Nulo   19     1      
27/12/1981  0       Nulo   13     3      
28/12/1981  0       Nulo   20     2      
29/12/1981  0       Nulo   21     4      
30/12/1981  0       Nulo   23     4      
31/12/1981  0       Nulo   22     3      
01/01/1982  0       3      23     10     
02/01/1982  0       3.9    17     4      
03/01/1982  0       1.9    15     2      
04/01/1982  0       2.2    16     1      
05/01/1982  0       3      23     3      
06/01/1982  0       6.3    20     5      
07/01/1982  0       6.2    11     4      
08/01/1982  0       6.2    15     6      
09/01/1982  0       5.3    19     5      
10/01/1982  0       5.3    17     5      
11/01/1982  0       1.2    18     9      
12/01/1982  0       4.5    21     5      
13/01/1982  0       3      18     3      
14/01/1982  0       3      19     2      
15/01/1982  0       1.9    22     2      
16/01/1982  0       3.9    22     5      
17/01/1982  0       1.4    22     3      
18/01/1982  0       3.5    21     6      
19/01/1982  0       1.2    19     8      
20/01/1982  1       3      20     3      
21/01/1982  0       2.7    12     5      
22/01/1982  0       2.3    14     1      
23/01/1982  0       4.2    15     2      
24/01/1982  0       4      19     4      
25/01/1982  0       3.3    23     5      
26/01/1982  0       2.7    24     5      
27/01/1982  0       2.8    21     5      
28/01/1982  0       4.7    20     7      
29/01/1982  0       5.7    18     5      
30/01/1982  0       3.4    19     7      
31/01/1982  0       3.9    22     2      
01/02/1982  0       5.8    20     3      
02/02/1982  0       5.9    18     6      
03/02/1982  0       2.8    20     1      
04/02/1982  0       3.9    20     2      
05/02/1982  0       3.9    16     6      
06/02/1982  0       4.1    14     6      
07/02/1982  0       5.3    19     1      
08/02/1982  0       5.7    18     5      
09/02/1982  4       4.8    20     3      
10/02/1982  1       4.9    21     6      
11/02/1982  0       5.2    20     10     
12/02/1982  0       3.4    18     6      
13/02/1982  0       4.3    23     6      
14/02/1982  0       4.3    26     9      
15/02/1982  0       4.2    27     8      
16/02/1982  0       4.2    28     10     
17/02/1982  0       6.7    28     10     
18/02/1982  0       7.9    24     12     
19/02/1982  0       8.4    25     13     
20/02/1982  0       4.2    28     8      
21/02/1982  0       4      28     8      
22/02/1982  0       5      31     9      
23/02/1982  0       5      29     11     
24/02/1982  12.3    0.6    18     12     
25/02/1982  0       2      23     10     
26/02/1982  0       4.2    23     9      
27/02/1982  0       4.4    26     11     
28/02/1982  0       3.5    25     10     
01/03/1982  0       2.8    24     10     
02/03/1982  0       3      26     12     
03/03/1982  0       8.3    27     13     
04/03/1982  0       3.7    23     5      
05/03/1982  0       7.3    21     7      
06/03/1982  0       4.6    22     7      
07/03/1982  0       3.4    23     3      
08/03/1982  0       6.3    26     11     
09/03/1982  0       3.4    25     15     
10/03/1982  0       6.3    29     13     
11/03/1982  7       5.5    23     12     
12/03/1982  10      2      22     15     
13/03/1982  0       2.9    23     11     
14/03/1982  1.1     1.2    22     12     
15/03/1982  0       4.7    23     9      
16/03/1982  0       4.8    21     5      
17/03/1982  0       3      21     6      
18/03/1982  0       4.8    23     11     
19/03/1982  0       6      18     11     
20/03/1982  0       5.5    20     13     
21/03/1982  0       4.7    21     5      
22/03/1982  0       5.9    23     7      
23/03/1982  0       5.9    25     6      
24/03/1982  0       5.5    27     6      
25/03/1982  1       5.6    27     11     
26/03/1982  0       6.7    23     14     
27/03/1982  0       3.3    25     13     
28/03/1982  0       5.2    25     10     
29/03/1982  0       8      21     8      
30/03/1982  0       3.1    23     6      
31/03/1982  0       3.4    21     7      
01/04/1982  0       2.9    24     9      
02/04/1982  0       2.1    20     8      
03/04/1982  0       4.5    25     10     
04/04/1982  0       3.7    29     12     
05/04/1982  0       4.1    28     15     
06/04/1982  0       5.1    27     9      
07/04/1982  0       6.8    21     10     
08/04/1982  0       5.7    25     5      
09/04/1982  0       5.3    28     14     
10/04/1982  0       6.6    32     12     
11/04/1982  0       7.8    34     16     
12/04/1982  0       7.5    30     15     
13/04/1982  0       5.8    30     10     
14/04/1982  0       7      30     15     
15/04/1982  0       7.2    27     12     
16/04/1982  0       5      28     6      
17/04/1982  0       4.4    30     10     
18/04/1982  0       6.1    31     10     
19/04/1982  0       13.3   33     13     
20/04/1982  0       7.1    29     13     
21/04/1982  0       9.4    26     12     
22/04/1982  0       9.9    27     10     
23/04/1982  0       9.9    30     6      
24/04/1982  0       8.3    33     10     
25/04/1982  0       6      33     8      
26/04/1982  0       7.2    34     13     
27/04/1982  0       6.1    32     14     
28/04/1982  0       5.5    32     13     
29/04/1982  0       6.4    33     14     
30/04/1982  0       10.5   31     14     
01/05/1982  0       8.3    33     13     
02/05/1982  0       8.6    31     14     
03/05/1982  0       8.8    29     13     
04/05/1982  0       6.4    27     13     
05/05/1982  0       7.6    30     12     
06/05/1982  0       8.1    35     13     
07/05/1982  0       10.1   31     14     
08/05/1982  0       13     37     12     
09/05/1982  0       Nulo   31     9      
10/05/1982  0       Nulo   36     10     
11/05/1982  0       Nulo   28     11     
12/05/1982  0       Nulo   30     8      
13/05/1982  0       Nulo   32     10     
14/05/1982  0       Nulo   33     11     
15/05/1982  0       Nulo   33     11     
16/05/1982  0       Nulo   37     14     
17/05/1982  0       Nulo   38     16     
18/05/1982  0       Nulo   37     15     
19/05/1982  0       Nulo   35     10     
20/05/1982  0       Nulo   35     12     
21/05/1982  0       Nulo   35     13     
22/05/1982  0       Nulo   35     13     
23/05/1982  0       Nulo   36     14     
24/05/1982  0       Nulo   37     13     
25/05/1982  0       Nulo   37     13     
26/05/1982  0       Nulo   30     15     
27/05/1982  0       Nulo   30     14     
28/05/1982  0       Nulo   31     15     
29/05/1982  0       Nulo   36     15     
30/05/1982  0       Nulo   35     9      
31/05/1982  0       Nulo   37     14     
07/10/1982  0       Nulo   33     11     
08/10/1982  0       Nulo   28     10     
09/10/1982  0       Nulo   29     7      
10/10/1982  0       Nulo   27.1   5      
11/10/1982  0       Nulo   30     4      
12/10/1982  0       Nulo   30     5      
13/10/1982  0       Nulo   30     5      
14/10/1982  0       Nulo   32     8      
15/10/1982  0       Nulo   33     9      
16/10/1982  0       Nulo   33     5      
17/10/1982  0       Nulo   35     8      
18/10/1982  0       Nulo   33     9      
19/10/1982  0       Nulo   32     8      
20/10/1982  0       Nulo   32     8      
21/10/1982  0       Nulo   32     10     
22/10/1982  0       Nulo   34     10     
23/10/1982  0       Nulo   31     6      
24/10/1982  0       Nulo   34     11     
25/10/1982  0       Nulo   33     5      
26/10/1982  0       Nulo   28     5      
27/10/1982  0       Nulo   26     5      
28/10/1982  0       Nulo   28     8      
29/10/1982  0       Nulo   27     9      
30/10/1982  0       Nulo   29     7      
31/10/1982  0       Nulo   27     7      
01/11/1982  0       Nulo   28     9      
02/11/1982  0       Nulo   27     9      
03/11/1982  0       Nulo   25     8      
04/11/1982  0       Nulo   27     6      
05/11/1982  0       3.4    29     6      
06/11/1982  0       2.4    27     5      
07/11/1982  0       4.2    23     7      
08/11/1982  0       2      23     14     
09/11/1982  0       1.1    23     7      
10/11/1982  1.9     0.6    19     11     
11/11/1982  0       2.4    19     3      
12/11/1982  0       4.9    20     7      
13/11/1982  0       4.1    21     4      
14/11/1982  0       2.8    23     7      
15/11/1982  0       3.8    23     7      
16/11/1982  0       4.8    34     8      
17/11/1982  0       4      23     10     
18/11/1982  1.6     1.5    24     12     
19/11/1982  0       2      26     11     
20/11/1982  0       2.8    22     10     
21/11/1982  0       4.1    22     5      
22/11/1982  0       1.8    20     1.5    
23/11/1982  0       4.4    22     7      
24/11/1982  0       3.8    22     9      
25/11/1982  0       5.2    23     12     
26/11/1982  0       2.6    22     14     
27/11/1982  0       5.9    22     9      
28/11/1982  0       4.4    24     4      
29/11/1982  0       6.6    24     9      
30/11/1982  0       3      25     10     
01/12/1982  0       7.1    17     10     
02/12/1982  0       3.7    19     5      
03/12/1982  0       3.3    20     4      
04/12/1982  0       1.9    22     11     
05/12/1982  0       3.1    23     3      
06/12/1982  0       3.2    23     3      
07/12/1982  0       3.5    23     4      
08/12/1982  20      1.6    14     4      
09/12/1982  17      0.9    15     9      
10/12/1982  0       1.4    14     9      
11/12/1982  0       2.4    18     8      
12/12/1982  0       2.2    19     9      
13/12/1982  0       2.1    19     6      
14/12/1982  0       2.2    19     5      
15/12/1982  0       2      18     3      
16/12/1982  0       3      19     4      
17/12/1982  0       3.8    20     2      
18/12/1982  0       3.2    20     3      
19/12/1982  0       3      20     4      
20/12/1982  0       3      20     3      
21/12/1982  0       2.7    19     4      
22/12/1982  0       3.7    21     5      
23/12/1982  0       4.5    19     7      
24/12/1982  0       2.3    19     6      
25/12/1982  0       3      15     5      
26/12/1982  0       3.4    16     6      
27/12/1982  0       2.3    17     1      
28/12/1982  0       1.9    15     1      
29/12/1982  0       2.6    14     2      
30/12/1982  0       2.9    13     0      
31/12/1982  0       3      15     3      
01/01/1983  0       2.5    17     1      
02/01/1983  0       1.2    14     3      
03/01/1983  0       3.5    18     3      
04/01/1983  0       2.3    19     2      
05/01/1983  0       3.2    21     2      
06/01/1983  0       3.6    20     2.5    
07/01/1983  0       1.8    23     3      
08/01/1983  0       3.7    25     5      
09/01/1983  0       5.5    19     5      
10/01/1983  0       Nulo   22     5      
11/01/1983  0       Nulo   25     7      
12/01/1983  0       Nulo   25     9      
13/01/1983  0       2.5    28     9      
14/01/1983  0       1.3    25     7      
15/01/1983  0       7.2    24     9      
16/01/1983  0       3.4    25     9      
17/01/1983  0       3.6    21     6      
18/01/1983  0       2.3    22     4      
19/01/1983  0       1.8    20     4      
20/01/1983  0       3.5    17     5      
21/01/1983  0       2.8    12     1      
22/01/1983  0       0.7    17     1      
23/01/1983  0       1.6    21     2      
24/01/1983  0       2.4    21     8      
25/01/1983  0       4.8    21     7      
26/01/1983  0       2.2    21     7      
27/01/1983  0       3.5    22     7      
28/01/1983  0       2.4    22     5      
29/01/1983  0       1.7    19     6      
30/01/1983  0       2.9    18     8      
31/01/1983  0       3.3    19     4      
01/02/1983  0       2.6    14     3      
02/02/1983  29      0.9    17     3      
03/02/1983  10      0.9    17     6      
04/02/1983  2       1.1    14     6      
05/02/1983  0       1.4    15     10     
06/02/1983  0       2.2    18     7      
07/02/1983  0       3.1    20     9      
08/02/1983  0       5.3    21     9      
09/02/1983  0       2.3    20     6      
10/02/1983  0       2.6    21     6      
11/02/1983  0       3.9    22     7      
12/02/1983  0       3.7    25     9      
13/02/1983  0       2.9    25     4      
14/02/1983  0       4.7    21     10     
15/02/1983  0       3.6    21     5      
16/02/1983  0       2.6    23     5      
17/02/1983  0       3.5    26     6      
18/02/1983  0       5.6    25     7      
19/02/1983  0       4.1    23     8      
20/02/1983  0       2.4    22     9      
21/02/1983  0       2.7    24     5      
22/02/1983  0       2.4    25     5      
23/02/1983  0       3      26     5      
24/02/1983  0       6.2    21     6      
25/02/1983  0       2.1    21     7      
26/02/1983  0       Nulo   23     7      
27/02/1983  0       Nulo   24     10     
28/02/1983  0       Nulo   25     10     
01/03/1983  1       Nulo   22     12     
02/03/1983  7       1.7    17     13     
03/03/1983  0       2      19     12     
04/03/1983  0       2.7    21     7      
05/03/1983  0       4.1    27     7      
06/03/1983  0       4.1    22     7      
07/03/1983  0       4.9    25     12     
08/03/1983  0       5.1    25     10     
09/03/1983  0       4.1    25     10     
10/03/1983  0       5.8    30     11     
11/03/1983  0       3.5    26     11     
12/03/1983  0       4.1    28     10     
13/03/1983  0       5.7    30     10     
14/03/1983  0       3.3    25     12     
15/03/1983  0       3.4    23     11     
16/03/1983  0       4.1    24     6      
17/03/1983  0       5.5    22     8      
18/03/1983  0       5.3    22     8      
19/03/1983  0       4.5    23     7      
20/03/1983  0       5.1    22     5      
21/03/1983  0       4      21     7      
22/03/1983  0       4      22     5      
23/03/1983  0       4.9    24     7      
24/03/1983  0       7.3    24     9      
25/03/1983  0       6.9    22     5      
26/03/1983  0       6.2    23     4      
27/03/1983  0       5      25     6      
28/03/1983  0       Nulo   25     8      
29/03/1983  0       Nulo   29     7      
30/03/1983  0       Nulo   25     10     
31/03/1983  0       Nulo   29     10     
01/04/1983  0       Nulo   27     13     
02/04/1983  0       Nulo   31     5      
03/04/1983  0       Nulo   27     8      
04/04/1983  0       Nulo   22     9      
05/04/1983  0       Nulo   22     6      
06/04/1983  0       Nulo   20.1   10     
07/04/1983  0       Nulo   21     9      
08/04/1983  0       Nulo   23     7      
09/04/1983  0       Nulo   21     10     
10/04/1983  0       Nulo   27     5      
11/04/1983  0       Nulo   23     9      
12/04/1983  0       Nulo   20     5      
13/04/1983  0       Nulo   22     3      
14/04/1983  0       Nulo   24     5      
15/04/1983  0       Nulo   26     7      
16/04/1983  0       Nulo   27     9      
17/04/1983  0       Nulo   29     6      
18/04/1983  0       Nulo   25     13     
19/04/1983  0       Nulo   23     10     
20/04/1983  0       Nulo   25     12     
21/04/1983  0       Nulo   26     10     
22/04/1983  0       Nulo   27     9      
23/04/1983  0       Nulo   27     10     
24/04/1983  0       Nulo   27     5      
25/04/1983  0       Nulo   26     8      
26/04/1983  0       Nulo   27     7      
27/04/1983  0       Nulo   29     9      
28/04/1983  0       Nulo   27     12     
29/04/1983  0       Nulo   28     13     
30/04/1983  0       Nulo   27     12     
01/05/1983  0       Nulo   25     8      
02/05/1983  0       Nulo   28     9      
03/05/1983  0       Nulo   32     10     
04/05/1983  0       Nulo   32     12     
05/05/1983  0       Nulo   23     8      
06/05/1983  0       Nulo   26     5      
07/05/1983  0       Nulo   31     5      
08/05/1983  0       Nulo   26     10     
09/05/1983  0       Nulo   25     11     
10/05/1983  0       Nulo   31     5      
11/05/1983  0       Nulo   27     10     
12/05/1983  0       Nulo   30     10     
13/05/1983  0       Nulo   36     7      
14/05/1983  0       Nulo   28     4      
15/05/1983  0       Nulo   35     10     
16/05/1983  0       Nulo   35     11     
17/05/1983  0       Nulo   32     10     
18/05/1983  0       Nulo   36     14     
19/05/1983  0       Nulo   36     9      
20/05/1983  0       Nulo   25     10     
21/05/1983  0       Nulo   29     4      
22/05/1983  0       Nulo   25     4      
23/05/1983  0       Nulo   20     5      
24/05/1983  0       Nulo   25     5      
25/05/1983  0       Nulo   31     6      
26/05/1983  0       Nulo   25     13     
27/05/1983  0       Nulo   26     10     
28/05/1983  0       Nulo   35     10     
29/05/1983  0       Nulo   42     10     
30/05/1983  0       Nulo   40     16     
31/05/1983  0       Nulo   26     18     
01/08/1983  0       Nulo   41     25     
02/08/1983  0       Nulo   40     20     
03/08/1983  0       Nulo   39     29     
04/08/1983  0       Nulo   40     30     
05/08/1983  0       Nulo   40     24     
06/08/1983  2       Nulo   38     26     
07/08/1983  0       Nulo   38     25     
08/08/1983  0       Nulo   36     27     
09/08/1983  0       Nulo   40     27     
10/08/1983  0       Nulo   39     27     
11/08/1983  0       Nulo   39     26     
12/08/1983  0       Nulo   38     28     
13/08/1983  0       Nulo   36     27     
14/08/1983  0       Nulo   37     28     
15/08/1983  0       Nulo   38     20     
16/08/1983  0       Nulo   39     20     
17/08/1983  12      Nulo   37     22     
18/08/1983  23      Nulo   37     12     
19/08/1983  10      Nulo   38     18     
20/08/1983  0       Nulo   40     15     
21/08/1983  0       Nulo   39     26     
22/08/1983  0       Nulo   38     27     
23/08/1983  0       Nulo   38     20     
24/08/1983  0       Nulo   37     21     
25/08/1983  15      Nulo   37     21     
26/08/1983  0       Nulo   38     22     
27/08/1983  0       Nulo   44     26     
28/08/1983  0       Nulo   42     28     
29/08/1983  0       Nulo   42     22     
30/08/1983  0       Nulo   41     23     
31/08/1983  0       Nulo   40     25     
01/09/1983  0       Nulo   40     28     
02/09/1983  0       Nulo   41     25     
03/09/1983  0       Nulo   46     26     
04/09/1983  0       Nulo   37     20     
05/09/1983  0       Nulo   43     27     
06/09/1983  0       Nulo   41     27     
07/09/1983  0       Nulo   38     22     
08/09/1983  0       Nulo   35     25     
09/09/1983  0       Nulo   38     22     
10/09/1983  0       Nulo   36     22     
11/09/1983  0       Nulo   43     26     
12/09/1983  0       Nulo   28     23     
13/09/1983  0       Nulo   37     23     
14/09/1983  0       Nulo   42     24     
15/09/1983  0       Nulo   38     25     
16/09/1983  0       Nulo   35     25     
17/09/1983  0       Nulo   35     27     
18/09/1983  0       Nulo   39     24     
19/09/1983  0       Nulo   35     26     
20/09/1983  0       Nulo   38     25     
21/09/1983  0       Nulo   35     23     
22/09/1983  0       Nulo   38     26     
23/09/1983  18      Nulo   35     27     
24/09/1983  0       Nulo   35     26     
25/09/1983  0       Nulo   35     23     
26/09/1983  0       Nulo   35     24     
27/09/1983  0       Nulo   35     26     
28/09/1983  0       Nulo   35     23     
29/09/1983  0       Nulo   35     23     
30/09/1983  0       Nulo   38     18     
01/10/1983  0       Nulo   35     24     
02/10/1983  0       Nulo   35     19     
03/10/1983  0       Nulo   31     15     
04/10/1983  2       Nulo   28     21     
05/10/1983  0       Nulo   31     19     
06/10/1983  0       Nulo   34     18     
07/10/1983  0       Nulo   35     15     
08/10/1983  0       Nulo   34     15     
09/10/1983  0       Nulo   35     18     
10/10/1983  0       Nulo   37     18     
11/10/1983  0       Nulo   31     18     
12/10/1983  0       Nulo   33     17     
13/10/1983  0       Nulo   37     15     
14/10/1983  0       Nulo   35     10     
15/10/1983  0       Nulo   36     13     
16/10/1983  0       Nulo   35     17     
17/10/1983  0       Nulo   38     17     
18/10/1983  0       Nulo   39     18     
19/10/1983  0       Nulo   35     20     
20/10/1983  0       Nulo   35     15     
21/10/1983  0       Nulo   35     15     
22/10/1983  0       Nulo   36     18     
23/10/1983  0       Nulo   33     22     
24/10/1983  0       Nulo   29     17     
25/10/1983  0       Nulo   39     17     
26/10/1983  0       Nulo   34     13     
27/10/1983  0       Nulo   28     20     
28/10/1983  0       Nulo   35     17     
29/10/1983  0       Nulo   31     14     
30/10/1983  0       Nulo   32     16     
31/10/1983  0       Nulo   32     12     
01/11/1983  0       Nulo   31     17     
02/11/1983  0       Nulo   30     16     
03/11/1983  0       Nulo   30     14     
04/11/1983  0       Nulo   25     11     
05/11/1983  0       Nulo   29     17     
06/11/1983  0       Nulo   25     14     
07/11/1983  0       Nulo   29     12     
08/11/1983  0       Nulo   28     11     
09/11/1983  0       Nulo   25     6      
10/11/1983  0       Nulo   27     7      
11/11/1983  0       Nulo   25     6      
12/11/1983  0       Nulo   31     11     
13/11/1983  0       Nulo   19     10     
14/11/1983  0       Nulo   25     8      
15/11/1983  0       Nulo   27     9      
16/11/1983  0       Nulo   28     8      
17/11/1983  0       Nulo   27     8      
18/11/1983  0       Nulo   32     11     
19/11/1983  0       Nulo   28     10     
20/11/1983  0       Nulo   27     6      
21/11/1983  0       Nulo   18     10     
22/11/1983  0       Nulo   18     8      
23/11/1983  0       Nulo   20     2      
24/11/1983  0       Nulo   22     2      
25/11/1983  0       Nulo   23     4      
26/11/1983  0       Nulo   20     5      
27/11/1983  0       Nulo   24     3      
28/11/1983  0       Nulo   24     2      
29/11/1983  0       Nulo   22     6      
30/11/1983  0       Nulo   21     4      
07/12/1983  0       3      16     1      
08/12/1983  0       3.5    22     2      
09/12/1983  0       1.5    27     1      
10/12/1983  0       1.4    23     4      
11/12/1983  0       2.8    23     4      
12/12/1983  0       2.6    23     4      
13/12/1983  0       0.6    23     4      
14/12/1983  0       4.9    25     4      
15/12/1983  0       0.3    23     5      
16/12/1983  0       3.4    23     5      
17/12/1983  0       2.4    23     5      
18/12/1983  0       3.1    23     6      
19/12/1983  0       3.7    22     4      
20/12/1983  0       3      22     4      
21/12/1983  0       1.7    22     4      
22/12/1983  0       2.1    25     4      
23/12/1983  0       5.6    20     5      
24/12/1983  0       2      25     5      
25/12/1983  0       2.2    21     4      
26/12/1983  0       1.8    26     3      
27/12/1983  0       0.6    21     5      
28/12/1983  0       0.4    23     5      
29/12/1983  0       2.4    17     3      
30/12/1983  1.9     2.8    21     2      
31/12/1983  0       4.4    20     4      
01/01/1984  0       Nulo   22     4      
02/01/1984  0       Nulo   21     8      
03/01/1984  0       Nulo   22     9      
04/01/1984  2       Nulo   27     9      
05/01/1984  1       Nulo   23     9      
06/01/1984  0       Nulo   19     2      
07/01/1984  0       Nulo   29     2      
08/01/1984  0       Nulo   24     5      
09/01/1984  0       Nulo   16     6      
10/01/1984  0       Nulo   25     2      
11/01/1984  0       Nulo   12     4      
12/01/1984  0       Nulo   10     3      
13/01/1984  0       Nulo   13     2      
14/01/1984  0       Nulo   25     3      
15/01/1984  0       Nulo   25     5      
16/01/1984  0       Nulo   17     4      
17/01/1984  0       Nulo   13     3      
18/01/1984  0       Nulo   18     2      
19/01/1984  0       Nulo   32     6      
20/01/1984  0       Nulo   24     3      
21/01/1984  0       Nulo   19     1      
22/01/1984  0       Nulo   20     2      
23/01/1984  0       Nulo   21     4      
24/01/1984  0       Nulo   23     4      
25/01/1984  0       Nulo   23     4      
26/01/1984  0       Nulo   24     5      
27/01/1984  0       Nulo   24     7      
28/01/1984  0       Nulo   23     6      
29/01/1984  0       Nulo   24     4      
30/01/1984  0       Nulo   26     10     
31/01/1984  0       Nulo   25     5      
01/02/1984  0       Nulo   25.5   5      
02/02/1984  0       Nulo   23     7      
03/02/1984  0       Nulo   24     9      
04/02/1984  0       Nulo   25     10     
05/02/1984  0       Nulo   25     6      
06/02/1984  0       Nulo   26     5      
07/02/1984  0       Nulo   27     7      
08/02/1984  0       Nulo   23     5      
09/02/1984  0       Nulo   22     8      
10/02/1984  0       Nulo   24     4      
11/02/1984  0       Nulo   22     9      
12/02/1984  0       Nulo   23     5      
13/02/1984  0       Nulo   21     4      
14/02/1984  0       Nulo   25     5      
15/02/1984  0       Nulo   23     7      
16/02/1984  0       Nulo   22     7      
17/02/1984  0       Nulo   20     6      
18/02/1984  0       Nulo   19     4      
19/02/1984  0       Nulo   21     6      
20/02/1984  0       Nulo   20     7      
21/02/1984  0       Nulo   23     10     
22/02/1984  0       Nulo   21     5      
23/02/1984  0       Nulo   23     5      
24/02/1984  0       Nulo   23     4      
25/02/1984  0       Nulo   22     3      
26/02/1984  0       Nulo   20     8      
27/02/1984  0       Nulo   22     5      
28/02/1984  0       Nulo   25     7      
29/02/1984  Nulo    Nulo   26     5      
01/03/1984  0       Nulo   23     4      
02/03/1984  0       Nulo   25     3      
03/03/1984  0       Nulo   27     5      
04/03/1984  0       Nulo   25     8      
05/03/1984  0       Nulo   20     8      
06/03/1984  0       Nulo   22     3      
07/03/1984  0       Nulo   25     3      
08/03/1984  0       Nulo   27     4      
09/03/1984  0       Nulo   29     5      
10/03/1984  0       Nulo   26     6      
11/03/1984  0       Nulo   30     4      
12/03/1984  0       Nulo   29     8      
13/03/1984  0       Nulo   29     10     
14/03/1984  0       Nulo   20     10     
15/03/1984  0       Nulo   25     9      
16/03/1984  0       Nulo   27     6      
17/03/1984  0       Nulo   23     7      
18/03/1984  0       Nulo   28     5      
19/03/1984  0       Nulo   27     10     
20/03/1984  0       Nulo   21     9      
21/03/1984  0       Nulo   31     6      
22/03/1984  0       Nulo   17     9      
23/03/1984  0       Nulo   16     7      
24/03/1984  0       Nulo   31     7      
25/03/1984  0       Nulo   16     8      
26/03/1984  0       Nulo   24     3      
27/03/1984  0       Nulo   21     6      
28/03/1984  0       Nulo   17     5      
29/03/1984  0       Nulo   30     4      
30/03/1984  0       Nulo   17     7      
31/03/1984  0       Nulo   25     3      
01/04/1984  0       Nulo   21     7      
02/04/1984  0       Nulo   23     5      
03/04/1984  0       Nulo   26     6      
04/04/1984  0       Nulo   26     7      
05/04/1984  0       Nulo   27     8      
06/04/1984  0       Nulo   26     12     
07/04/1984  0       Nulo   28     7      
08/04/1984  0       Nulo   27     8      
09/04/1984  0       Nulo   25     9      
10/04/1984  0       Nulo   30     8      
11/04/1984  0       Nulo   30     10     
12/04/1984  0       Nulo   31     12     
13/04/1984  0       Nulo   37     13     
14/04/1984  0       Nulo   34     10     
15/04/1984  0       Nulo   32     17     
16/04/1984  0       Nulo   35     17     
17/04/1984  0       Nulo   35     19     
18/04/1984  0       Nulo   26     15     
19/04/1984  0       Nulo   25     17     
20/04/1984  0       Nulo   21     10     
21/04/1984  0       Nulo   25     9      
22/04/1984  0       Nulo   31     11     
23/04/1984  0       Nulo   33     12     
24/04/1984  0       Nulo   35     10     
25/04/1984  0       Nulo   32     9      
26/04/1984  0       Nulo   23     10     
27/04/1984  0       Nulo   23     8      
28/04/1984  0       Nulo   24     11     
29/04/1984  0       Nulo   30     13     
30/04/1984  0       Nulo   24     14     
01/05/1984  0       Nulo   32     7      
02/05/1984  0       Nulo   35     17     
03/05/1984  0       Nulo   31     14     
04/05/1984  0       Nulo   32     15     
05/05/1984  0       Nulo   32     11     
06/05/1984  0       Nulo   36     15     
07/05/1984  0       Nulo   37     16     
08/05/1984  0       Nulo   32     14     
09/05/1984  0       Nulo   40     16     
10/05/1984  0       Nulo   37     17     
11/05/1984  0       Nulo   35     15     
12/05/1984  0       Nulo   40     19     
13/05/1984  0       Nulo   36     17     
14/05/1984  0       Nulo   37     15     
15/05/1984  0       Nulo   35     13     
16/05/1984  0       Nulo   39     14     
17/05/1984  0       Nulo   36     15     
18/05/1984  0       Nulo   35     17     
19/05/1984  0       Nulo   36     16     
20/05/1984  0       Nulo   35     15     
21/05/1984  0       Nulo   33     16     
22/05/1984  0       Nulo   32     16     
23/05/1984  0       Nulo   32     20     
24/05/1984  0       Nulo   44     15     
25/05/1984  0       Nulo   38     13     
26/05/1984  0       Nulo   42     20     
27/05/1984  0       Nulo   43     20     
28/05/1984  0       Nulo   44     25     
29/05/1984  0       Nulo   42     22     
30/05/1984  0       Nulo   39     22     
31/05/1984  0       Nulo   40     21     
01/07/1984  0       Nulo   35     19.5   
02/07/1984  0       Nulo   38     22     
03/07/1984  0       Nulo   39     21     
04/07/1984  0       Nulo   43     17     
05/07/1984  0       Nulo   47     22     
06/07/1984  0       Nulo   46     22     
07/07/1984  0       Nulo   43     17     
08/07/1984  0       Nulo   45     20     
09/07/1984  0       Nulo   35     19     
10/07/1984  0       Nulo   39     20     
11/07/1984  0       Nulo   45     23     
12/07/1984  0       Nulo   40     25     
13/07/1984  0       Nulo   40     25     
14/07/1984  0       Nulo   36     20     
15/07/1984  0       Nulo   37     20     
16/07/1984  0       Nulo   37     19     
17/07/1984  0       Nulo   35     25     
18/07/1984  0       Nulo   44     18     
19/07/1984  0       Nulo   41     24     
20/07/1984  0       Nulo   41     20     
21/07/1984  0       Nulo   35     20     
22/07/1984  0       Nulo   38     25     
23/07/1984  0       Nulo   35     25     
24/07/1984  0       Nulo   37     17     
25/07/1984  0       Nulo   37     16     
26/07/1984  0       Nulo   35     18     
27/07/1984  0       Nulo   42     17     
28/07/1984  0       Nulo   41     20     
29/07/1984  0       Nulo   47     25     
30/07/1984  0       Nulo   40     26     
31/07/1984  0       Nulo   41     25     
01/10/1984  0       Nulo   32     19     
02/10/1984  0       Nulo   32     16     
03/10/1984  0       Nulo   34     13     
04/10/1984  0       Nulo   30     15     
05/10/1984  0       Nulo   32     14     
06/10/1984  0       Nulo   34     16     
07/10/1984  0       Nulo   33     14     
08/10/1984  0       Nulo   31     14     
09/10/1984  0       Nulo   29     12     
10/10/1984  0       Nulo   32     12     
11/10/1984  0       Nulo   29     18     
12/10/1984  0       Nulo   32     17     
13/10/1984  0       Nulo   32     12     
14/10/1984  0       Nulo   28     14     
15/10/1984  0       Nulo   26     15     
16/10/1984  0       Nulo   25     15     
17/10/1984  0       Nulo   25     10     
18/10/1984  0       Nulo   31     12     
19/10/1984  0       Nulo   33     12     
20/10/1984  0       Nulo   28     9      
21/10/1984  0       Nulo   31     9      
22/10/1984  0       Nulo   25     12     
23/10/1984  0       Nulo   27     13     
24/10/1984  0       Nulo   29     11     
25/10/1984  0       Nulo   33     5      
26/10/1984  0       Nulo   32     6      
27/10/1984  0       Nulo   33     12     
28/10/1984  0       Nulo   31     8      
29/10/1984  0       Nulo   27     6      
30/10/1984  0       Nulo   30     8      
31/10/1984  0       Nulo   28     13     
01/11/1984  0       Nulo   26     8      
02/11/1984  0       Nulo   30     5      
03/11/1984  0       Nulo   30     6      
04/11/1984  0       Nulo   31     6      
05/11/1984  0       Nulo   31     9      
06/11/1984  0       Nulo   27     8      
07/11/1984  0       Nulo   27     8      
08/11/1984  0       Nulo   27     7      
09/11/1984  0       Nulo   23     6      
10/11/1984  0       Nulo   25     4      
11/11/1984  0       Nulo   26     6      
12/11/1984  0       Nulo   26     6      
13/11/1984  0       Nulo   27     6      
14/11/1984  0       Nulo   27     4      
15/11/1984  0       Nulo   27     6      
16/11/1984  0       Nulo   24     2      
17/11/1984  0       Nulo   25     5      
18/11/1984  0       Nulo   26     8      
19/11/1984  0       Nulo   25     3      
20/11/1984  0       Nulo   22     7      
21/11/1984  0       Nulo   27     6      
22/11/1984  0       Nulo   25     5      
23/11/1984  0       Nulo   27     3      
24/11/1984  0       Nulo   29     4      
25/11/1984  0       Nulo   22     7      
26/11/1984  0       Nulo   20     7      
27/11/1984  0       Nulo   25     2      
28/11/1984  0       Nulo   21     6      
29/11/1984  0       Nulo   21     3      
30/11/1984  0       Nulo   20     2      
01/01/1985  0       Nulo   17     7      
02/01/1985  0       Nulo   16     4      
03/01/1985  0       Nulo   17     1      
04/01/1985  0       Nulo   18     2      
05/01/1985  0       Nulo   17     4      
06/01/1985  0       Nulo   20     2      
07/01/1985  0       Nulo   16     4      
08/01/1985  0       Nulo   20     2      
09/01/1985  0       Nulo   17     3      
10/01/1985  0       Nulo   17     2      
11/01/1985  0       Nulo   22     6      
12/01/1985  0       Nulo   23     7      
13/01/1985  0       Nulo   21     5      
14/01/1985  0       Nulo   25     3      
15/01/1985  0       Nulo   16     6      
16/01/1985  0       Nulo   22     2      
17/01/1985  0       Nulo   20     5      
18/01/1985  0       Nulo   15     3      
19/01/1985  0       Nulo   18     5      
20/01/1985  0       Nulo   26     5      
21/01/1985  0       Nulo   23     6      
22/01/1985  0       Nulo   22     2      
23/01/1985  0       Nulo   20     6      
24/01/1985  0       Nulo   22     5      
25/01/1985  0       Nulo   18     2      
26/01/1985  0       Nulo   21     2      
27/01/1985  0       Nulo   17     2      
28/01/1985  0       Nulo   22     4      
29/01/1985  0       Nulo   19     5      
30/01/1985  0       Nulo   17     8      
31/01/1985  0       Nulo   16     4      
01/04/1985  0       Nulo   30     12     
02/04/1985  0       Nulo   34     10     
03/04/1985  0       Nulo   35     15     
04/04/1985  0       Nulo   34     15     
05/04/1985  0       Nulo   27     10     
06/04/1985  0       Nulo   28     12     
07/04/1985  0       Nulo   35     7      
08/04/1985  0       Nulo   35     5      
09/04/1985  0       Nulo   36     5      
10/04/1985  0       Nulo   37     14     
11/04/1985  0       Nulo   32     11     
12/04/1985  0       Nulo   36     13     
13/04/1985  0       Nulo   35     17     
14/04/1985  0       Nulo   40     13     
15/04/1985  0       Nulo   35     15     
16/04/1985  0       Nulo   31     14     
17/04/1985  0       Nulo   36     12     
18/04/1985  0       Nulo   27     7      
19/04/1985  0       Nulo   25     8      
20/04/1985  0       Nulo   27     6      
21/04/1985  0       Nulo   26     12     
22/04/1985  0       Nulo   25     14     
23/04/1985  0       Nulo   30     10     
24/04/1985  0       Nulo   32     15     
25/04/1985  0       Nulo   36     14     
26/04/1985  0       Nulo   24     12     
27/04/1985  0       Nulo   27     10     
28/04/1985  0       Nulo   24     14     
29/04/1985  0       Nulo   32     5      
30/04/1985  0       Nulo   35     9      
01/05/1985  0       Nulo   31     6      
02/05/1985  0       Nulo   35     5      
03/05/1985  0       Nulo   33     10     
04/05/1985  0       Nulo   33     9      
05/05/1985  0       Nulo   32     14     
06/05/1985  0       Nulo   31     13     
07/05/1985  0       Nulo   33     15     
08/05/1985  0       Nulo   30     14     
09/05/1985  0       Nulo   25     10     
10/05/1985  0       Nulo   36     5      
11/05/1985  0       Nulo   26     9      
12/05/1985  0       Nulo   39     6      
13/05/1985  0       Nulo   30     10     
14/05/1985  0       Nulo   34     16     
15/05/1985  0       Nulo   35     8      
16/05/1985  0       Nulo   34     10     
17/05/1985  0       Nulo   31     13     
18/05/1985  0       Nulo   31     3      
19/05/1985  0       Nulo   34     6      
20/05/1985  0       Nulo   35     13     
21/05/1985  0       Nulo   35     13     
22/05/1985  0       Nulo   37     15     
23/05/1985  0       Nulo   37     10     
24/05/1985  0       Nulo   36     14     
25/05/1985  0       Nulo   32     6      
26/05/1985  0       Nulo   35     11     
27/05/1985  0       Nulo   37     5      
28/05/1985  0       Nulo   37     15     
29/05/1985  0       Nulo   31     10     
30/05/1985  0       Nulo   23     5      
31/05/1985  0       Nulo   30     9      
06/09/1985  0       Nulo   33     Nulo   
07/09/1985  0       Nulo   34     18     
08/09/1985  0       Nulo   35     19     
09/09/1985  0       Nulo   34     19     
10/09/1985  0       Nulo   34     20     
11/09/1985  0       Nulo   30     18     
12/09/1985  0       Nulo   33     22     
13/09/1985  0       Nulo   37     20     
14/09/1985  0       Nulo   39     21     
15/09/1985  0       Nulo   41     18     
16/09/1985  0       Nulo   38     17     
17/09/1985  0       Nulo   37     17     
18/09/1985  3.3     Nulo   28     18     
19/09/1985  0       Nulo   28     14     
20/09/1985  0       Nulo   32     14     
21/09/1985  0       Nulo   33     16     
22/09/1985  0       Nulo   37     16     
23/09/1985  0       Nulo   37     17     
24/09/1985  0       Nulo   35     17     
25/09/1985  0       Nulo   35     16     
26/09/1985  0       Nulo   38     20     
27/09/1985  0       Nulo   32     18     
28/09/1985  2       Nulo   Nulo   Nulo   
29/09/1985  0       Nulo   Nulo   Nulo   
30/09/1985  0       Nulo   32     18     
01/10/1985  0       Nulo   35     16     
02/10/1985  0       Nulo   35     17     
03/10/1985  0       Nulo   36     17     
04/10/1985  0       Nulo   36     18     
05/10/1985  0       Nulo   38     18     
06/10/1985  0       Nulo   38     19     
07/10/1985  0       Nulo   30     16     
08/10/1985  0       Nulo   30     13     
09/10/1985  5.6     Nulo   27     13     
10/10/1985  1       Nulo   22     14     
11/10/1985  0       Nulo   26     11     
12/10/1985  0       Nulo   29     11     
13/10/1985  0       Nulo   30     12     
14/10/1985  0       Nulo   30     12     
15/10/1985  0       Nulo   32     15     
16/10/1985  0       Nulo   28     14     
17/10/1985  0       Nulo   30     14     
18/10/1985  0       Nulo   33     14     
19/10/1985  0       Nulo   Nulo   Nulo   
20/10/1985  0       Nulo   Nulo   Nulo   
21/10/1985  0       Nulo   31     15     
22/10/1985  0       Nulo   27     12     
23/10/1985  0       Nulo   29     9      
24/10/1985  0       Nulo   32     9      
25/10/1985  0       Nulo   33     11     
26/10/1985  0       Nulo   33     11     
27/10/1985  0       Nulo   34     12     
28/10/1985  0       Nulo   34     13     
29/10/1985  0       Nulo   32     11     
30/10/1985  0       Nulo   33     10     
31/10/1985  0       Nulo   34     12     
01/11/1985  0       Nulo   29     12     
02/11/1985  0       Nulo   30     8      
03/11/1985  0       Nulo   32     9      
04/11/1985  0       Nulo   32     10     
05/11/1985  0       Nulo   29     10     
06/11/1985  0       Nulo   30     9      
07/11/1985  0       Nulo   31     14     
08/11/1985  0       Nulo   31     8      
09/11/1985  0       Nulo   24     10     
10/11/1985  0       Nulo   21     6      
11/11/1985  1.5     Nulo   21     5      
12/11/1985  0       Nulo   20     8      
13/11/1985  0       Nulo   17     6      
14/11/1985  0       Nulo   15     1      
15/11/1985  0       Nulo   14     2      
16/11/1985  0       Nulo   16     3      
17/11/1985  0       Nulo   24     2      
18/11/1985  0       Nulo   22     2      
19/11/1985  0       Nulo   18     6      
20/11/1985  0       Nulo   18     2      
21/11/1985  0       Nulo   23     4      
22/11/1985  0       Nulo   23     7      
23/11/1985  0       Nulo   22     4      
24/11/1985  0       Nulo   18     2      
25/11/1985  0       Nulo   22     4      
26/11/1985  0.5     Nulo   22     7      
27/11/1985  0       Nulo   24     8      
28/11/1985  0       Nulo   20     2      
29/11/1985  0       Nulo   24     10     
30/11/1985  0       Nulo   25     6      
01/12/1985  0       Nulo   22     6      
02/12/1985  1.5     Nulo   20     6      
03/12/1985  0       Nulo   22     4      
04/12/1985  0       Nulo   23     10     
05/12/1985  0       Nulo   20     9      
06/12/1985  0       Nulo   19     6      
07/12/1985  0       Nulo   14     2      
08/12/1985  0       Nulo   30     4      
09/12/1985  0       Nulo   17     5      
10/12/1985  0       Nulo   21     4      
11/12/1985  0       Nulo   18     4      
12/12/1985  8.4     Nulo   14     3      
13/12/1985  0       Nulo   15     -2     
14/12/1985  0       Nulo   17     -1     
15/12/1985  0       Nulo   14     3      
16/12/1985  0       Nulo   23     3      
17/12/1985  0       Nulo   22     5      
18/12/1985  0       Nulo   22     4      
19/12/1985  0       Nulo   24     4      
20/12/1985  0       Nulo   24     3      
21/12/1985  0       Nulo   21     4      
22/12/1985  0       Nulo   25     2      
23/12/1985  0       Nulo   23     7      
24/12/1985  0       Nulo   25     1      
25/12/1985  0       Nulo   25     4      
26/12/1985  0       Nulo   26     2      
27/12/1985  0       Nulo   24     1      
28/12/1985  0       Nulo   22     5      
29/12/1985  0       Nulo   23     4      
30/12/1985  0       Nulo   25     2      
31/12/1985  0       Nulo   22     4      
01/01/1986  0       Nulo   21     9      
02/01/1986  0       Nulo   25     7      
03/01/1986  0       Nulo   25     6      
04/01/1986  0       Nulo   25     10     
05/01/1986  0       Nulo   24     11     
06/01/1986  0       Nulo   22     12     
07/01/1986  0       Nulo   20     12     
08/01/1986  0       Nulo   22     5      
09/01/1986  0       Nulo   21     0      
10/01/1986  0       Nulo   25     6      
11/01/1986  0       Nulo   26     7      
12/01/1986  0       Nulo   24     8      
13/01/1986  0       Nulo   25     8      
14/01/1986  0       Nulo   22     6      
15/01/1986  0       Nulo   23     3      
16/01/1986  0       Nulo   24     2      
17/01/1986  0       Nulo   26     2      
18/01/1986  0       Nulo   27     6      
19/01/1986  0       Nulo   26     6      
20/01/1986  0       Nulo   25     5      
21/01/1986  0       Nulo   23     7      
22/01/1986  0       Nulo   24     6      
23/01/1986  0       Nulo   23     5      
24/01/1986  0       Nulo   24     4      
25/01/1986  0       Nulo   23     7      
26/01/1986  0       Nulo   25     6      
27/01/1986  0       Nulo   25     5      
28/01/1986  0       Nulo   24     9      
29/01/1986  0       Nulo   24     7      
30/01/1986  0       Nulo   25     10     
31/01/1986  0       Nulo   23     10     
01/02/1986  0       Nulo   23     9      
02/02/1986  0       Nulo   24     1      
03/02/1986  0       Nulo   25     1      
04/02/1986  0       Nulo   22     3      
05/02/1986  0       Nulo   22     4      
06/02/1986  0       Nulo   23     0      
07/02/1986  4       Nulo   23     0      
08/02/1986  2       Nulo   10     3      
09/02/1986  0       Nulo   15     6      
10/02/1986  0       Nulo   18     1      
11/02/1986  0       Nulo   19     0      
12/02/1986  0       Nulo   21     2      
13/02/1986  0       Nulo   23     4      
14/02/1986  0       Nulo   21     7      
15/02/1986  0.5     Nulo   23     2      
16/02/1986  0       Nulo   25     7      
17/02/1986  0       Nulo   25     7      
18/02/1986  0       Nulo   27     8      
19/02/1986  0       Nulo   28     6      
20/02/1986  0       Nulo   23     12     
21/02/1986  0       Nulo   24     8      
22/02/1986  0       Nulo   25     2      
23/02/1986  0       Nulo   28     2      
24/02/1986  0       Nulo   31     7      
25/02/1986  0       Nulo   32     12     
26/02/1986  0       Nulo   33     11     
27/02/1986  0       Nulo   33     10     
28/02/1986  0       Nulo   34     12     
01/03/1986  0       Nulo   32     14     
02/03/1986  0       Nulo   30     11     
03/03/1986  0       Nulo   27     10     
04/03/1986  0       Nulo   30     12     
05/03/1986  0       Nulo   32     13     
06/03/1986  0       Nulo   35     14     
07/03/1986  0       Nulo   33     11     
08/03/1986  0       Nulo   32     12     
09/03/1986  0       Nulo   25     12     
10/03/1986  1       Nulo   21     14     
11/03/1986  0       Nulo   24     10     
12/03/1986  0       Nulo   25     7      
13/03/1986  0       Nulo   21     7      
14/03/1986  0       Nulo   22     3      
15/03/1986  0       Nulo   25     7      
16/03/1986  0       Nulo   21     7      
17/03/1986  0       Nulo   22     10     
18/03/1986  0       Nulo   23     12     
19/03/1986  0       Nulo   24     12     
20/03/1986  0       Nulo   26     10     
21/03/1986  0       Nulo   25     13     
22/03/1986  0       Nulo   30     13     
23/03/1986  0       Nulo   30     12     
24/03/1986  0       Nulo   32     12     
25/03/1986  0       Nulo   31     12     
26/03/1986  0       Nulo   32     14     
27/03/1986  0       Nulo   34     15     
28/03/1986  0       Nulo   32     15     
29/03/1986  0       Nulo   29     13     
30/03/1986  0       Nulo   30     12     
31/03/1986  0       Nulo   28     11     
01/04/1986  0       Nulo   29     14     
02/04/1986  0       Nulo   29     13     
03/04/1986  0       Nulo   25     12     
04/04/1986  0       Nulo   22     8      
05/04/1986  0       Nulo   25     10     
06/04/1986  0       Nulo   26     13     
07/04/1986  0       Nulo   27     7      
08/04/1986  0       Nulo   25     8      
09/04/1986  0       Nulo   31     12     
10/04/1986  0       Nulo   31     13     
11/04/1986  0       Nulo   30     13     
12/04/1986  0       Nulo   31     12     
13/04/1986  0       Nulo   35     15     
14/04/1986  0       Nulo   30     15     
15/04/1986  0       Nulo   33     11     
16/04/1986  0       Nulo   33     15     
17/04/1986  0       Nulo   24     13     
18/04/1986  0       Nulo   27     15     
19/04/1986  0       Nulo   30     15     
20/04/1986  0       Nulo   25     14     
21/04/1986  0       Nulo   36     13     
22/04/1986  0       Nulo   36     15     
23/04/1986  0       Nulo   36     10     
24/04/1986  0       Nulo   34     13     
25/04/1986  0       Nulo   33     14     
26/04/1986  0       Nulo   30     15     
27/04/1986  0       Nulo   35     14     
28/04/1986  0       Nulo   37     15     
29/04/1986  0       Nulo   30     12     
30/04/1986  0       Nulo   32     13     
01/05/1986  0       Nulo   34     13     
02/05/1986  0       Nulo   35     15     
03/05/1986  0       Nulo   37     13     
04/05/1986  0       Nulo   37     15     
05/05/1986  0       Nulo   37     13     
06/05/1986  0       Nulo   36     12     
07/05/1986  0       Nulo   26     13     
08/05/1986  0       Nulo   30     10     
09/05/1986  0       Nulo   33     12     
10/05/1986  0       Nulo   35     8      
11/05/1986  0       Nulo   34     12     
12/05/1986  0       Nulo   35     12     
13/05/1986  0       Nulo   31     12     
14/05/1986  0       Nulo   36     10     
15/05/1986  0       Nulo   35     12     
16/05/1986  0       Nulo   39     14     
17/05/1986  0       Nulo   42     13     
18/05/1986  0       Nulo   41     12     
19/05/1986  0       Nulo   42     12     
20/05/1986  0       Nulo   42     14     
21/05/1986  0       Nulo   38     14     
22/05/1986  0       Nulo   40     15     
23/05/1986  0       Nulo   35     12     
24/05/1986  0       Nulo   34     12     
25/05/1986  0       Nulo   36     13     
26/05/1986  0       Nulo   28     14     
27/05/1986  0       Nulo   40     17     
28/05/1986  0       Nulo   46     15     
29/05/1986  0       Nulo   42     16     
30/05/1986  0       Nulo   41     15     
31/05/1986  0       Nulo   40     16     
01/06/1986  0       Nulo   40     24     
02/06/1986  0       Nulo   38     21     
03/06/1986  0       Nulo   39     21     
04/06/1986  0       Nulo   40     22     
05/06/1986  0       Nulo   42     24     
06/06/1986  0       Nulo   38     23     
07/06/1986  0       Nulo   34     23     
08/06/1986  0       Nulo   38     24     
09/06/1986  0       Nulo   40     22     
10/06/1986  0       Nulo   40     22     
11/06/1986  0       Nulo   40     21     
12/06/1986  0       Nulo   44     24     
13/06/1986  0       Nulo   43     24     
14/06/1986  0       Nulo   44     17     
15/06/1986  0       Nulo   42     19     
16/06/1986  0       Nulo   43     22     
17/06/1986  0       Nulo   42     22     
18/06/1986  0       Nulo   40     23     
19/06/1986  0       Nulo   47     22     
20/06/1986  0       Nulo   40     24     
21/06/1986  0       Nulo   42     21     
22/06/1986  0       Nulo   40     23     
23/06/1986  0       Nulo   44     25     
24/06/1986  0       Nulo   42     26     
25/06/1986  0       Nulo   40     22     
26/06/1986  0       Nulo   44     27     
27/06/1986  0       Nulo   42     23     
28/06/1986  0       Nulo   41     24     
29/06/1986  0       Nulo   42     25     
30/06/1986  0       Nulo   40     23     
01/08/1986  0       Nulo   44     28     
02/08/1986  0       Nulo   40     25     
03/08/1986  0       Nulo   42     25     
04/08/1986  0       Nulo   42     28     
05/08/1986  0       Nulo   37     23     
06/08/1986  0       Nulo   40     22     
07/08/1986  0       Nulo   40     23     
08/08/1986  0       Nulo   41     24     
09/08/1986  0       Nulo   43     26     
10/08/1986  0       Nulo   45     25     
11/08/1986  0       Nulo   39     22     
12/08/1986  0       Nulo   42     24     
13/08/1986  0       Nulo   41     28     
14/08/1986  0       Nulo   40     29     
15/08/1986  0       Nulo   39     22     
16/08/1986  0       Nulo   41     24     
17/08/1986  0       Nulo   42     28     
18/08/1986  0       Nulo   41     22     
19/08/1986  0       Nulo   42     23     
20/08/1986  0       Nulo   42     24     
21/08/1986  0       Nulo   38     25     
22/08/1986  0       Nulo   40     24     
23/08/1986  0       Nulo   45     22     
24/08/1986  0       Nulo   44     22     
25/08/1986  0       Nulo   46     23     
26/08/1986  0       Nulo   40     24     
27/08/1986  0       Nulo   40     26     
28/08/1986  0       Nulo   45     25     
29/08/1986  0       Nulo   42     22     
30/08/1986  0       Nulo   41     25     
31/08/1986  0       Nulo   42     26     
01/09/1986  0       Nulo   39     19     
02/09/1986  0       Nulo   39     18     
03/09/1986  0       Nulo   45     21     
04/09/1986  0       Nulo   38     18     
05/09/1986  0       Nulo   43     21     
06/09/1986  0       Nulo   42     20     
07/09/1986  0       Nulo   43     20     
08/09/1986  0       Nulo   Nulo   Nulo   
09/09/1986  0       Nulo   45     15     
10/09/1986  0       Nulo   37     13     
11/09/1986  0       Nulo   31     14     
12/09/1986  0       Nulo   31     19     
13/09/1986  0       Nulo   35     18     
14/09/1986  0       Nulo   30     15     
15/09/1986  0       Nulo   33     15     
16/09/1986  0       Nulo   29     13     
17/09/1986  0       Nulo   33     13     
18/09/1986  0       Nulo   30     14     
19/09/1986  0       Nulo   35     18     
20/09/1986  0       Nulo   Nulo   Nulo   
21/09/1986  0       Nulo   36     14     
22/09/1986  0       Nulo   36     14     
23/09/1986  0       Nulo   33     12     
24/09/1986  0       Nulo   29     14     
25/09/1986  0       Nulo   Nulo   Nulo   
26/09/1986  0       Nulo   33     12     
27/09/1986  0       Nulo   30     11     
28/09/1986  0       Nulo   30     11     
29/09/1986  0       Nulo   35     13     
30/09/1986  0       Nulo   34     10     
01/01/1987  0       Nulo   19     3      
02/01/1987  0       Nulo   20     4      
03/01/1987  0       Nulo   22     4      
04/01/1987  0       Nulo   20     3      
05/01/1987  0       Nulo   23     4      
06/01/1987  0       Nulo   20     2      
07/01/1987  0       Nulo   22     2      
08/01/1987  0       Nulo   17     3      
09/01/1987  0       Nulo   17     6      
10/01/1987  0       Nulo   19     6      
11/01/1987  0       Nulo   24     2      
12/01/1987  0       Nulo   22     3      
13/01/1987  0       Nulo   20     3      
14/01/1987  0       Nulo   23     5      
15/01/1987  0       Nulo   21     4      
16/01/1987  0       Nulo   22     2      
17/01/1987  0       Nulo   14     4      
18/01/1987  0       Nulo   16     2      
19/01/1987  0       Nulo   12     0      
20/01/1987  0       Nulo   18     1      
21/01/1987  0       Nulo   19     0      
22/01/1987  0       Nulo   20     1      
23/01/1987  0       Nulo   23     2      
24/01/1987  0       Nulo   23     4      
25/01/1987  0       Nulo   25     2      
26/01/1987  0       Nulo   20     3      
27/01/1987  0       Nulo   23     6      
28/01/1987  0       Nulo   23     8      
29/01/1987  0       Nulo   23     4      
30/01/1987  0       Nulo   22     6      
31/01/1987  0       Nulo   20     10     
01/02/1987  0       Nulo   24     4      
02/02/1987  0       Nulo   20     4      
03/02/1987  0       Nulo   25     3      
04/02/1987  0       Nulo   23     10     
05/02/1987  0       Nulo   24     9      
06/02/1987  0       Nulo   26     8      
07/02/1987  0       Nulo   22     8      
08/02/1987  0       Nulo   26     7      
09/02/1987  0       Nulo   25     3      
10/02/1987  0       Nulo   26     2      
11/02/1987  0       Nulo   26     1      
12/02/1987  0       Nulo   27     0      
13/02/1987  0       Nulo   27     2      
14/02/1987  0       Nulo   24     4      
15/02/1987  0       Nulo   27     4      
16/02/1987  0       Nulo   24     7      
17/02/1987  0       Nulo   20     8      
18/02/1987  0       Nulo   26     7      
19/02/1987  0       Nulo   22     8      
20/02/1987  0       Nulo   18     5      
21/02/1987  0       Nulo   20     7      
22/02/1987  0       Nulo   20     6      
23/02/1987  0       Nulo   19     9      
24/02/1987  0       Nulo   12     8      
25/02/1987  2.6     Nulo   21     8      
26/02/1987  3.5     Nulo   10     2      
27/02/1987  0       Nulo   10     3      
28/02/1987  0       Nulo   20     6      
01/05/1999  0       Nulo   22     7      
02/05/1999  0       Nulo   19     7      
03/05/1999  0       Nulo   18     11.5   
04/05/1999  0       Nulo   18.5   10     
05/05/1999  0       Nulo   19     11.5   
06/05/1999  0       Nulo   22     9      
07/05/1999  0       Nulo   20     9      
08/05/1999  0       Nulo   19     12     
09/05/1999  0       Nulo   19     12     
10/05/1999  0       Nulo   19     12     
11/05/1999  0       Nulo   20     13     
12/05/1999  0       Nulo   21     13     
13/05/1999  0       Nulo   16.5   12     
14/05/1999  0       Nulo   20.5   13     
15/05/1999  0       Nulo   19     13.5   
16/05/1999  0       Nulo   20     11     
17/05/1999  0       Nulo   22     11     
18/05/1999  0       Nulo   19.5   13     
19/05/1999  0       Nulo   20     14     
20/05/1999  0       Nulo   19     14     
21/05/1999  0       Nulo   18     14     
22/05/1999  0       Nulo   19     13     
23/05/1999  0       Nulo   22     12     
24/05/1999  0       Nulo   26     11.5   
25/05/1999  0       Nulo   21     12     
26/05/1999  0       Nulo   21     15.5   
27/05/1999  0       Nulo   22.5   15     
28/05/1999  0       Nulo   22     16     
29/05/1999  0       Nulo   20     14     
30/05/1999  0       Nulo   21     4.5    
31/05/1999  0       Nulo   24     13     
01/06/1999  0.3     Nulo   21     12     
02/06/1999  0       Nulo   20     12.5   
03/06/1999  0       Nulo   20     10     
04/06/1999  0       Nulo   20     10     
05/06/1999  0       Nulo   21     9      
06/06/1999  0       Nulo   24     9      
07/06/1999  0       Nulo   20     12     
08/06/1999  0       Nulo   19     8      
09/06/1999  0       Nulo   21     7      
10/06/1999  0       Nulo   20     14     
11/06/1999  0       Nulo   21.5   14     
12/06/1999  0       Nulo   24     13     
13/06/1999  0       Nulo   23     13     
14/06/1999  0       Nulo   24     14.5   
15/06/1999  0       Nulo   21     10.5   
16/06/1999  0       Nulo   20     11     
17/06/1999  0       Nulo   20     15     
18/06/1999  0       Nulo   24     15     
19/06/1999  0       Nulo   22     15     
20/06/1999  0       Nulo   21     15     
21/06/1999  0       Nulo   20     15     
22/06/1999  0       Nulo   20     15     
23/06/1999  0       Nulo   23     14.5   
24/06/1999  0       Nulo   24     14     
25/06/1999  0       Nulo   23     17     
26/06/1999  0       Nulo   22     15.5   
27/06/1999  0       Nulo   22     16     
28/06/1999  0       Nulo   23     15.5   
29/06/1999  0       Nulo   24     16     
30/06/1999  0       Nulo   24     17     
01/07/1999  0       Nulo   23     17     
02/07/1999  0       Nulo   21     16.5   
03/07/1999  0       Nulo   20     15.5   
04/07/1999  0       Nulo   24     15     
05/07/1999  0       Nulo   24     16     
06/07/1999  0       Nulo   21     15     
07/07/1999  0       Nulo   23     17     
08/07/1999  0       Nulo   26     17     
09/07/1999  0       Nulo   25     19     
10/07/1999  0       Nulo   25     17     
11/07/1999  0       Nulo   26     17     
12/07/1999  0       Nulo   26     18.5   
13/07/1999  0       Nulo   29     19     
14/07/1999  0       Nulo   26     20     
15/07/1999  0       Nulo   26     19     
16/07/1999  0       Nulo   26     19     
17/07/1999  0       Nulo   26     21     
18/07/1999  0       Nulo   24     19     
19/07/1999  0       Nulo   26     17     
20/07/1999  0       Nulo   25.5   17     
21/07/1999  0       Nulo   25     17.5   
22/07/1999  0       Nulo   26     15.5   
23/07/1999  0       Nulo   26     15.5   
24/07/1999  0       Nulo   25     15     
25/07/1999  0       Nulo   23     15     
26/07/1999  0       Nulo   24     16     
27/07/1999  0       Nulo   23     16     
28/07/1999  0       Nulo   24     18     
29/07/1999  0       Nulo   24     17     
30/07/1999  0       Nulo   25     16     
31/07/1999  0       Nulo   25     16     
01/08/1999  0       Nulo   25     16     
02/08/1999  0       Nulo   26     15     
03/08/1999  0       Nulo   24     16     
04/08/1999  0       Nulo   25     16     
05/08/1999  0       Nulo   22     16     
06/08/1999  0       Nulo   23     17     
07/08/1999  0       Nulo   24     14.5   
08/08/1999  0       Nulo   25     14.5   
09/08/1999  0       Nulo   24     16     
10/08/1999  0       Nulo   23.5   17.5   
11/08/1999  0       Nulo   25     15     
12/08/1999  0       Nulo   25     14     
13/08/1999  0       Nulo   23     14     
14/08/1999  0       Nulo   23     17     
15/08/1999  0       Nulo   23     14.5   
16/08/1999  0       Nulo   25     14.5   
17/08/1999  0       Nulo   26     14.5   
18/08/1999  0       Nulo   24.5   17     
19/08/1999  0       Nulo   23.5   15.5   
20/08/1999  0       Nulo   23     15.5   
21/08/1999  0       Nulo   24     16     
22/08/1999  0       Nulo   24     16.5   
23/08/1999  0       Nulo   25     15.5   
24/08/1999  0       Nulo   26     15     
25/08/1999  0       Nulo   27     17     
26/08/1999  0       Nulo   27.5   18     
27/08/1999  0       Nulo   25     18.5   
28/08/1999  0       Nulo   25     18     
29/08/1999  0       Nulo   24     18     
30/08/1999  0       Nulo   24     17     
31/08/1999  0       Nulo   24     16     
01/09/1999  0       Nulo   23     16     
02/09/1999  0       Nulo   22     16     
03/09/1999  0       Nulo   26     16     
04/09/1999  0       Nulo   24     10.5   
05/09/1999  0       Nulo   24     16     
06/09/1999  0       Nulo   25     16.5   
07/09/1999  0       Nulo   25     16     
08/09/1999  0       Nulo   25     15     
09/09/1999  0       Nulo   25     16     
10/09/1999  0       Nulo   26     18     
11/09/1999  0       Nulo   25.5   15.5   
12/09/1999  0       Nulo   27     15     
13/09/1999  0       Nulo   25     15     
14/09/1999  0       Nulo   24     16     
15/09/1999  0       Nulo   21.5   16     
16/09/1999  0       Nulo   22     14     
17/09/1999  0       Nulo   23     15     
18/09/1999  0       Nulo   24     15.5   
19/09/1999  0       Nulo   23     11     
20/09/1999  0       Nulo   25     11     
21/09/1999  0       Nulo   31     11     
22/09/1999  0       Nulo   24.5   18.5   
23/09/1999  0       Nulo   23     19     
24/09/1999  0       Nulo   22.5   18     
25/09/1999  0       Nulo   22     18     
26/09/1999  0       Nulo   21     16     
27/09/1999  0       Nulo   22     16     
28/09/1999  0       Nulo   22     16.5   
29/09/1999  0       Nulo   40     13     
30/09/1999  0       Nulo   30     14     
01/10/1999  0       Nulo   28     14     
02/10/1999  0       Nulo   24     12.5   
03/10/1999  0       Nulo   25     11.5   
04/10/1999  0       Nulo   22.5   9.5    
05/10/1999  0       Nulo   24     10     
06/10/1999  0       Nulo   24     11     
07/10/1999  0       Nulo   24     11     
08/10/1999  0       Nulo   25.5   11     
09/10/1999  0       Nulo   30     12.5   
10/10/1999  0       Nulo   34     15     
11/10/1999  0       Nulo   29     14.5   
12/10/1999  0       Nulo   28.5   14     
13/10/1999  0       Nulo   29     14     
14/10/1999  0       Nulo   26     13     
15/10/1999  0       Nulo   22     12.5   
16/10/1999  0       Nulo   24     12     
17/10/1999  0       Nulo   33     11.5   
18/10/1999  0       Nulo   27     10     
19/10/1999  0       Nulo   30     10     
20/10/1999  0       Nulo   27     10     
21/10/1999  0       Nulo   32     11     
22/10/1999  0       Nulo   28     13     
23/10/1999  0       Nulo   26     11     
24/10/1999  0       Nulo   27     11.5   
25/10/1999  0       Nulo   30     13     
26/10/1999  0       Nulo   27     13     
27/10/1999  0       Nulo   29     11.5   
28/10/1999  0       Nulo   23     11     
29/10/1999  0       Nulo   23     12     
30/10/1999  0       Nulo   33.5   11     
31/10/1999  0       Nulo   29     13     
01/11/1999  0       Nulo   28     12     
02/11/1999  0       Nulo   23     8.5    
03/11/1999  0       Nulo   28     8      
04/11/1999  0       Nulo   21     8      
05/11/1999  0       Nulo   20     12     
06/11/1999  0       Nulo   21     10     
07/11/1999  0       Nulo   24     10     
08/11/1999  0       Nulo   24     11     
09/11/1999  0       Nulo   23.5   12     
10/11/1999  0       Nulo   22     10     
11/11/1999  0       Nulo   23     9      
12/11/1999  0       Nulo   23     9      
13/11/1999  0       Nulo   19     9.5    
14/11/1999  0       Nulo   20.5   10     
15/11/1999  0       Nulo   22.5   10     
16/11/1999  0       Nulo   22     10     
17/11/1999  0       Nulo   23     11.5   
18/11/1999  0       Nulo   21     7      
19/11/1999  0       Nulo   21     7      
20/11/1999  0       Nulo   23     7      
21/11/1999  0       Nulo   20     8.5    
22/11/1999  0       Nulo   24     6      
23/11/1999  0       Nulo   20.5   6      
24/11/1999  0       Nulo   23.5   5.5    
25/11/1999  0       Nulo   24     7      
26/11/1999  0       Nulo   24     9      
27/11/1999  0       Nulo   19     7      
28/11/1999  0       Nulo   21     6      
29/11/1999  0       Nulo   26     6      
30/11/1999  0       Nulo   22     10     
01/12/1999  0       Nulo   19     8      
02/12/1999  0       Nulo   15     6      
03/12/1999  0       Nulo   15     6.5    
04/12/1999  0       Nulo   22     5.5    
05/12/1999  0       Nulo   22     9      
06/12/1999  0       Nulo   20     7      
07/12/1999  0       Nulo   19     4      
08/12/1999  0       Nulo   20     5      
09/12/1999  0       Nulo   19     5      
10/12/1999  2       Nulo   15     6      
11/12/1999  0       Nulo   22     2.5    
12/12/1999  0       Nulo   20.5   3      
13/12/1999  0       Nulo   19.5   4.5    
14/12/1999  0       Nulo   18.5   5      
15/12/1999  0       Nulo   23     5      
16/12/1999  0       Nulo   22.5   9      
17/12/1999  0       Nulo   19     8.5    
18/12/1999  0       Nulo   24     7      
19/12/1999  0       Nulo   20     5.5    
20/12/1999  0       Nulo   24     5.5    
21/12/1999  0       Nulo   22     9      
22/12/1999  0       Nulo   22     10     
23/12/1999  0       Nulo   23     8      
24/12/1999  0       Nulo   25     5      
25/12/1999  0       Nulo   26     8      
26/12/1999  0       Nulo   27     8      
27/12/1999  0       Nulo   27.5   7.5    
28/12/1999  0       Nulo   21     3.5    
29/12/1999  0       Nulo   22     8      
30/12/1999  0       Nulo   19.5   6      
31/12/1999  0.5     Nulo   17     5.5    
01/01/2000  1.1     Nulo   18     9      
02/01/2000  0       Nulo   17.5   9.5    
03/01/2000  0       Nulo   19     4.5    
04/01/2000  0       Nulo   22     3.5    
05/01/2000  0       Nulo   20     5      
06/01/2000  0       Nulo   22     4.5    
07/01/2000  0       Nulo   20     7      
08/01/2000  0       Nulo   17.5   3      
09/01/2000  0       Nulo   19     3      
10/01/2000  0       Nulo   19     4      
11/01/2000  0       Nulo   18.5   4      
12/01/2000  0       Nulo   18.5   4      
13/01/2000  0       Nulo   23     6      
14/01/2000  0       Nulo   28     6      
15/01/2000  0       Nulo   26     9      
16/01/2000  0       Nulo   23     9      
17/01/2000  0.5     Nulo   24     10     
18/01/2000  0       Nulo   27     12     
19/01/2000  0       Nulo   28     12.5   
20/01/2000  0       Nulo   23     12.5   
21/01/2000  0       Nulo   18     12     
22/01/2000  0       Nulo   20     12     
23/01/2000  0       Nulo   19     7      
24/01/2000  0       Nulo   18     7      
25/01/2000  0       Nulo   20     8      
26/01/2000  1.5     Nulo   19.5   12     
27/01/2000  0       Nulo   18.5   9      
28/01/2000  0       Nulo   18.5   4      
29/01/2000  0       Nulo   19     4.5    
30/01/2000  0       Nulo   18.5   6      
31/01/2000  0       Nulo   20.5   10     
01/02/2000  0       Nulo   28     6.5    
02/02/2000  0       Nulo   29     6      
03/02/2000  0       Nulo   29     8      
04/02/2000  0       Nulo   21     6.5    
05/02/2000  0       Nulo   19     7      
06/02/2000  0       Nulo   24     8.5    
07/02/2000  0       Nulo   21     8      
08/02/2000  0       Nulo   27     9      
09/02/2000  0       Nulo   20     8      
10/02/2000  4.5     Nulo   20.5   8.5    
11/02/2000  0.6     Nulo   19.5   11     
12/02/2000  5.8     Nulo   17     10.5   
13/02/2000  0       Nulo   20     9      
14/02/2000  0       Nulo   22     8.5    
15/02/2000  0       Nulo   22     9      
16/02/2000  3.3     Nulo   20     8.5    
17/02/2000  0       Nulo   18     11     
18/02/2000  0       Nulo   19.5   6      
19/02/2000  1.1     Nulo   25     6      
20/02/2000  42.7    Nulo   19     12     
21/02/2000  10      Nulo   18     10     
22/02/2000  0       Nulo   19     10     
23/02/2000  5       Nulo   18     9      
24/02/2000  0.5     Nulo   16     7      
25/02/2000  0       Nulo   20.5   8      
26/02/2000  0       Nulo   19.5   7.5    
27/02/2000  0.7     Nulo   19.5   7.5    
28/02/2000  0       Nulo   17.5   9.5    
29/02/2000  Nulo    Nulo   18     7      
01/03/2000  0       Nulo   18     7.5    
02/03/2000  0       Nulo   19.5   6.5    
03/03/2000  0.4     Nulo   18     6.5    
04/03/2000  6.7     Nulo   17     9      
05/03/2000  14      Nulo   15     9      
06/03/2000  0       Nulo   15.5   6      
07/03/2000  0       Nulo   15     5.5    
08/03/2000  2       Nulo   18     9      
09/03/2000  0       Nulo   20     7      
10/03/2000  0       Nulo   20     6      
11/03/2000  0       Nulo   23     6      
12/03/2000  0       Nulo   18.5   8.5    
13/03/2000  0       Nulo   18     8      
14/03/2000  0       Nulo   21     8      
15/03/2000  0       Nulo   18     8      
16/03/2000  0       Nulo   17.5   11.5   
17/03/2000  0       Nulo   19.5   11     
18/03/2000  0       Nulo   21     9.5    
19/03/2000  0       Nulo   23     8      
20/03/2000  0       Nulo   23     9      
21/03/2000  1.3     Nulo   20     7      
22/03/2000  0       Nulo   23     6      
23/03/2000  0       Nulo   22     7      
24/03/2000  0       Nulo   20     7      
25/03/2000  0       Nulo   19.5   8      
26/03/2000  0       Nulo   21.5   9.5    
27/03/2000  0       Nulo   17     11.5   
28/03/2000  0.6     Nulo   18.5   13     
29/03/2000  0       Nulo   18.5   12.5   
30/03/2000  0       Nulo   18.5   12     
31/03/2000  0       Nulo   19     7      
01/04/2000  0       Nulo   27.5   7      
02/04/2000  0       Nulo   22.5   8.5    
03/04/2000  0       Nulo   23     8.5    
04/04/2000  0       Nulo   23     8      
05/04/2000  0       Nulo   21     10.5   
06/04/2000  0       Nulo   20     11.5   
07/04/2000  0       Nulo   21     12     
08/04/2000  0       Nulo   21     12     
09/04/2000  0       Nulo   22     8.5    
10/04/2000  0       Nulo   20     9      
11/04/2000  0       Nulo   21     11     
12/04/2000  0       Nulo   22     11     
13/04/2000  0       Nulo   21     11     
14/04/2000  0.6     Nulo   20.5   11     
15/04/2000  0       Nulo   20     12     
16/04/2000  0       Nulo   20     10     
17/04/2000  8.2     Nulo   22.5   15     
18/04/2000  0       Nulo   20     9.5    
19/04/2000  0       Nulo   23     9.5    
20/04/2000  0       Nulo   22     9      
21/04/2000  0.5     Nulo   20     10     
22/04/2000  0       Nulo   21     13     
23/04/2000  0       Nulo   23     13     
24/04/2000  0       Nulo   21     14     
25/04/2000  0       Nulo   22.5   13     
26/04/2000  0       Nulo   23     12     
27/04/2000  0       Nulo   21     12     
28/04/2000  0       Nulo   21     15     
29/04/2000  0       Nulo   22     11.5   
30/04/2000  0       Nulo   24     11     
01/05/2000  0       Nulo   23     11.5   
02/05/2000  0       Nulo   24.5   12.5   
03/05/2000  0       Nulo   21     14     
04/05/2000  0       Nulo   21     15     
05/05/2000  0       Nulo   20     15     
06/05/2000  0       Nulo   21     15     
07/05/2000  0       Nulo   24     13     
08/05/2000  0       Nulo   25     12     
09/05/2000  0       Nulo   23     16     
10/05/2000  0       Nulo   23     16     
11/05/2000  0       Nulo   21.5   12     
12/05/2000  0       Nulo   20     9.5    
13/05/2000  0       Nulo   25     9.5    
14/05/2000  0       Nulo   23     10.5   
15/05/2000  0       Nulo   24     11     
16/05/2000  0       Nulo   21     11     
17/05/2000  0       Nulo   21.5   9      
18/05/2000  0       Nulo   22     9.5    
19/05/2000  0       Nulo   24     11.5   
20/05/2000  0       Nulo   23     12     
21/05/2000  0       Nulo   21     15     
22/05/2000  0       Nulo   22.5   14     
23/05/2000  0       Nulo   19     15.5   
24/05/2000  0       Nulo   20     16     
25/05/2000  0       Nulo   21     16     
26/05/2000  0       Nulo   23     16     
27/05/2000  0       Nulo   24     13     
28/05/2000  0       Nulo   25     13     
29/05/2000  0       Nulo   22.5   14     
30/05/2000  0       Nulo   22     14     
31/05/2000  0       Nulo   22.5   15     
01/06/2000  0       Nulo   23     14.5   
02/06/2000  0       Nulo   23.5   14     
03/06/2000  0       Nulo   26     12.5   
04/06/2000  0       Nulo   25     12.5   
05/06/2000  0       Nulo   23     13     
06/06/2000  0       Nulo   25     13     
07/06/2000  0       Nulo   24     13     
08/06/2000  0       Nulo   24     15.5   
09/06/2000  0       Nulo   21.5   14     
10/06/2000  0       Nulo   21.5   14.5   
11/06/2000  0       Nulo   23     14.5   
12/06/2000  0       Nulo   23     15     
13/06/2000  0       Nulo   22     15     
14/06/2000  0       Nulo   22     16.5   
15/06/2000  0       Nulo   25     13.5   
16/06/2000  0       Nulo   23.5   13     
17/06/2000  0       Nulo   22     14     
18/06/2000  0       Nulo   23     17.5   
19/06/2000  0       Nulo   23     17.5   
20/06/2000  0       Nulo   24     17.5   
21/06/2000  0       Nulo   25     18     
22/06/2000  0       Nulo   25     15.5   
23/06/2000  0       Nulo   23     15     
24/06/2000  0.2     Nulo   26     17     
25/06/2000  12      Nulo   31     17     
26/06/2000  0       Nulo   26     19     
27/06/2000  0       Nulo   26.5   19     
28/06/2000  0       Nulo   24.5   19.5   
29/06/2000  0       Nulo   25     19     
30/06/2000  0       Nulo   26     19     
--------------------------------------
