CNA-SMN-CG-GMC-SMAA-CLIMATOLOGIA
BASE DE DATOS CLIMATOLOGICA
DATOS DISPONIBLES EN LA BASE DE DATOS A JULIO 2022

ESTACION  : 8320
NOMBRE    : LOS LLANITOS
ESTADO    : CHIHUAHUA
MUNICIPIO : BALLEZA
SITUACION : SUSPENDIDA
ORGANISMO : CONAGUA-DGE
CVE-OMM   : Nulo
LATITUD   : 026.66°
LONGITUD  : -106.219°
ALTITUD   : 1740 msnm

EMISIÓN   : 01/07/2022

            PRECIP  EVAP   TMAX   TMIN   
  Fecha     (MM)    (MM)   (°C)   (°C)   
19/10/1978  0       Nulo   Nulo   Nulo   
20/10/1978  0       3.7    26     10     
21/10/1978  0       1.9    25     11     
22/10/1978  0       0.9    22     10     
23/10/1978  2.5     1.7    25     10     
24/10/1978  0       3.3    21.5   10     
25/10/1978  0       2.5    23     8      
26/10/1978  0       2.4    24     5      
27/10/1978  0       4.1    22     8      
28/10/1978  0       2.9    20     7      
29/10/1978  0       4.5    24     6      
30/10/1978  3       2.9    20     7      
31/10/1978  1.7     4.1    21     9      
01/11/1978  0       1.2    21     11     
02/11/1978  0       2.6    26     9.5    
03/11/1978  0       4.5    24     9      
04/11/1978  0       4.8    20     7      
05/11/1978  0       4.7    22     6      
06/11/1978  0       5.2    21     6      
07/11/1978  0       4      22     4      
08/11/1978  0       3.5    23     5      
09/11/1978  0       3.7    22     4      
10/11/1978  0       3.8    24     5      
11/11/1978  0       2.9    22     5.5    
12/11/1978  0       4.8    21     6      
13/11/1978  0       6      21     5      
14/11/1978  0       4.5    21.5   6      
15/11/1978  0       3.9    25     7      
16/11/1978  0       4.3    24     3      
17/11/1978  0       4.4    22     2      
18/11/1978  0       3.3    22.5   4      
19/11/1978  0       4.9    21     5      
20/11/1978  0       4.6    22     6      
21/11/1978  0       3.9    22     6      
22/11/1978  0       2.7    21     5      
23/11/1978  0       3.6    20     3      
24/11/1978  0       4.3    20     2      
25/11/1978  0       2.8    19     2      
26/11/1978  0       4.3    25     0      
27/11/1978  0       3.4    20     0      
28/11/1978  0       2.7    21     -2     
29/11/1978  0       2.6    22     -2     
30/11/1978  0       3.5    23     -3     
01/12/1978  0       3.5    20     2.5    
02/12/1978  0       5.9    18.5   2      
03/12/1978  0       8      18     3      
04/12/1978  0       6.2    12     2.5    
05/12/1978  0       6.1    12     0      
06/12/1978  0       4.4    13     1      
07/12/1978  0       4.1    13     1      
08/12/1978  0       2.8    12     1.5    
09/12/1978  0       3.9    13     0      
10/12/1978  0       4.6    12     1      
11/12/1978  0       2.5    11     0      
12/12/1978  0       2.9    12     0      
13/12/1978  0       4.1    21     1.5    
14/12/1978  0       4.8    18     2.5    
15/12/1978  0       3.2    21     2      
16/12/1978  0       4.5    22     2      
17/12/1978  0       2.9    21     3      
18/12/1978  0       4.3    26     6      
19/12/1978  0       4      19     7.5    
20/12/1978  0       1.7    18     9      
21/12/1978  0       2.7    21     8      
22/12/1978  0       4.6    10     -3     
23/12/1978  0       5.3    3      -4     
24/12/1978  0       4.3    2      -8     
25/12/1978  0       3.8    12     -2     
26/12/1978  0       3.6    20     -1.5   
27/12/1978  0       2.7    20     0      
28/12/1978  0       2.9    21     -3     
29/12/1978  0       3.1    21     2      
30/12/1978  0       3.4    12     4      
31/12/1978  0       2.2    14     2      
01/01/1979  0       3.2    18     4      
02/01/1979  0       3.3    15     3      
03/01/1979  0       3      16     -1     
04/01/1979  0       2.4    15     -2     
05/01/1979  0       3.7    20     -1     
06/01/1979  0       3.9    22     -3     
07/01/1979  0       4.5    17     -3     
08/01/1979  0       4.8    8      -6     
09/01/1979  0       3.2    16     -3     
10/01/1979  0       3.9    12     -3     
11/01/1979  0       2.8    17     -2     
12/01/1979  0       4.1    12     -4     
13/01/1979  0       3.3    18     -2     
14/01/1979  0       3.5    22     4      
15/01/1979  0       6.3    20     5      
16/01/1979  0       1.8    12     4      
17/01/1979  0       4.6    20     -2     
18/01/1979  0       3.7    20     3      
19/01/1979  0       4.1    22     4      
20/01/1979  0       2.6    22     4      
21/01/1979  0       6.2    20     5      
22/01/1979  0       4.3    10     4      
23/01/1979  0       4.3    12     3      
24/01/1979  20      2.3    15     3      
25/01/1979  0       3.7    20     3      
26/01/1979  0       1.5    21     4      
27/01/1979  0       3.7    8      2      
28/01/1979  0       5.9    12     -3     
29/01/1979  0       2.9    16     -4     
30/01/1979  0       1.7    8      -3     
31/01/1979  0       5.3    11     -2     
01/02/1979  0       2.4    8      -1     
02/02/1979  0       3.7    10     0      
03/02/1979  1       2.3    16     -1     
04/02/1979  0       2.3    14     -1     
05/02/1979  0       1.8    20     -2     
06/02/1979  0       2.6    21     -4     
07/02/1979  0       4.6    18     -3     
08/02/1979  0       5.3    14     -2     
09/02/1979  0       4.8    21     -3     
10/02/1979  0       4.8    21.5   3      
11/02/1979  0       3.7    22     7      
12/02/1979  0       5.3    24     5      
13/02/1979  0       4.9    26     8      
14/02/1979  0       3.8    22     10     
15/02/1979  0       4.1    22     7      
16/02/1979  0       4.4    24     8      
17/02/1979  0       3.7    26     8      
18/02/1979  0       5.2    26     9      
19/02/1979  0       4      22     12     
20/02/1979  0       3.7    24     7      
21/02/1979  0       4.1    26     10     
22/02/1979  0       4.2    25     12     
23/02/1979  0       3.2    25     9      
24/02/1979  0       2.2    24     10     
25/02/1979  0       4.8    26     8      
26/02/1979  0       5.1    26     12     
27/02/1979  0       9.1    24     13     
28/02/1979  0       4.2    26     12     
01/03/1979  0       3.5    26     10     
02/03/1979  0       3.7    24     13     
03/03/1979  0       4.7    19     6      
04/03/1979  0       5.5    18     4      
05/03/1979  0       3.9    16     2      
06/03/1979  0       4.1    20     2      
07/03/1979  0       6.1    18     3      
08/03/1979  0       5.7    21     2      
09/03/1979  0       5.1    23     5      
10/03/1979  4       2.3    15     10     
11/03/1979  0       2.3    12     8      
12/03/1979  0       3.9    20     8      
13/03/1979  0       3.8    22     6      
14/03/1979  0       4.3    26     8      
15/03/1979  0       7      28     8.5    
16/03/1979  0       8.8    26     6      
17/03/1979  0       5.5    18     6.5    
18/03/1979  0       8.7    22     7      
19/03/1979  0       8.7    20     7      
20/03/1979  0       6.3    18     11     
21/03/1979  0       7.8    17     10     
22/03/1979  0       8.7    26     7      
23/03/1979  0       5.4    24     9      
24/03/1979  0       7.3    22     8      
25/03/1979  0       7.6    25     6      
26/03/1979  0       6.8    25     7      
27/03/1979  0       9.2    26     8      
28/03/1979  0       7.8    25     8      
29/03/1979  0       7.8    24     11     
30/03/1979  0       8.4    25     10     
31/03/1979  0       6.5    23     11     
01/04/1979  0       7      25     9      
02/04/1979  0       6.6    25     6      
03/04/1979  0       9.1    24     7      
04/04/1979  0       8      25     5      
05/04/1979  0       7.9    26     6      
06/04/1979  0       7.5    24     8      
07/04/1979  0       7.4    26     7      
08/04/1979  0       10.1   23     7      
09/04/1979  0       10.9   25     9      
10/04/1979  0       8.9    24     8      
11/04/1979  0       7.7    25     8      
12/04/1979  0       11.7   27     8      
13/04/1979  0       8.7    28     7      
14/04/1979  0       7.4    28     8      
15/04/1979  0       7.8    29     8      
16/04/1979  0       3.8    24     9      
17/04/1979  0       4.7    25     8      
18/04/1979  0       7.7    25     9      
19/04/1979  0       6.9    24     10     
20/04/1979  0       8.9    28     11     
21/04/1979  3       5.4    26     11     
22/04/1979  2.5     6.1    27     10     
23/04/1979  2       6.6    28     9      
24/04/1979  0       8.9    29     10     
25/04/1979  0       10.1   28     10     
26/04/1979  0       9.9    29     12     
27/04/1979  0       10.2   28     13     
28/04/1979  0       8.8    29     13     
29/04/1979  0       10.2   32     13.5   
30/04/1979  0       8.7    31     12     
01/05/1979  0       8.1    32     13     
02/05/1979  0       13.2   30     14     
03/05/1979  0       10.6   24     15     
04/05/1979  0       7.9    26     10     
05/05/1979  0       8.2    28     9      
06/05/1979  0       9.2    30     10     
07/05/1979  0       11.3   27     12     
08/05/1979  0       9.8    28     12     
09/05/1979  0       11     25     12     
10/05/1979  0       10.9   24     13     
11/05/1979  0       9.9    26     11     
12/05/1979  0.4     3.4    22     10     
13/05/1979  0       7.1    24     11     
14/05/1979  8.5     1.5    23     12     
15/05/1979  0       10.3   26     12     
16/05/1979  0       4.9    22     13     
17/05/1979  0       4.7    25     13     
18/05/1979  14.5    1.1    23     13     
19/05/1979  0       4.5    22     12     
20/05/1979  0       9.4    23     13     
21/05/1979  0       8.6    27     9      
22/05/1979  0       7.9    27     11     
23/05/1979  0       7.5    25     12     
24/05/1979  0       8.9    23     11     
25/05/1979  0       12.2   26     11     
26/05/1979  0       10.7   25     12     
27/05/1979  0       9.4    26     13     
28/05/1979  0       8.6    27     12     
29/05/1979  0       11.7   30     11     
30/05/1979  0       10.6   31     12.5   
31/05/1979  0       9.4    28     13     
01/06/1979  0       8.3    28     14     
02/06/1979  2       6.9    27     15     
03/06/1979  4       2.5    27     15     
04/06/1979  4.2     5.9    27     14     
05/06/1979  0       7.8    27     15     
06/06/1979  0       8.4    27     14     
07/06/1979  0       8.8    29     15     
08/06/1979  0       10.2   32     15.5   
09/06/1979  0.5     5.5    24     15     
10/06/1979  9.2     5.3    26     17     
11/06/1979  0       5.9    24     14     
12/06/1979  0       9.9    26     12     
13/06/1979  0       8.5    30     12     
14/06/1979  0       11.4   30     12     
15/06/1979  0       9.9    31     13     
16/06/1979  0       10.1   34     15     
17/06/1979  0.5     5.8    32     16     
18/06/1979  0       7.4    31     16     
19/06/1979  0       10.2   33     16     
20/06/1979  0       7.8    31     17     
21/06/1979  0       10.6   33     17     
22/06/1979  0       9.1    34     17     
23/06/1979  0       9.6    36     18     
24/06/1979  0       7.1    35     20     
25/06/1979  0       9.2    30     16     
26/06/1979  11.3    5.8    24     16     
27/06/1979  0.3     3      23     14     
28/06/1979  0       4.2    27     14     
29/06/1979  0       7.8    33     15     
30/06/1979  5       10.9   34     16     
01/07/1979  0       7.9    33     18     
02/07/1979  0       6.8    27     17     
03/07/1979  1       5.1    33     17     
04/07/1979  9.5     8.7    24     15     
05/07/1979  0       7.6    27     15     
06/07/1979  9.6     9.1    32     17     
07/07/1979  0       8.7    30     17     
08/07/1979  0       10.1   32     17     
09/07/1979  0       11.1   33     16     
10/07/1979  0       12.3   35     18     
11/07/1979  0       11.9   34     20     
12/07/1979  0       10.3   30     17     
13/07/1979  0       9.1    34     17     
14/07/1979  0       9.6    34     17     
15/07/1979  0       8.1    27     17     
16/07/1979  0       6.8    30     18     
17/07/1979  2.5     6.3    29     18     
18/07/1979  0       7.1    27     16     
19/07/1979  1.5     3.6    30     16     
20/07/1979  12.8    4.6    28     18     
21/07/1979  6       4      24     15     
22/07/1979  0       3.5    29     16     
23/07/1979  2       7.3    30     16     
24/07/1979  7.5     5.7    24     18     
25/07/1979  0       5.2    30     12     
26/07/1979  0       5.4    26     18     
27/07/1979  1.5     5.3    26     16     
28/07/1979  6.8     1.5    25     15     
29/07/1979  0       7.3    30     16     
30/07/1979  8       4.4    28     16     
31/07/1979  12.5    5.2    26     15     
01/08/1979  0       3.3    25     16     
02/08/1979  9       2.3    24     Nulo   
03/08/1979  12      3.2    26     Nulo   
04/08/1979  17      4.6    25     Nulo   
05/08/1979  10.5    2.8    19     Nulo   
06/08/1979  2       2.9    24     Nulo   
07/08/1979  9.5     2      19     Nulo   
08/08/1979  3       3.1    22     Nulo   
09/08/1979  5       2.2    25     15     
10/08/1979  0       3.7    24     13     
11/08/1979  1       4.2    26     16     
12/08/1979  0       6.1    24     16     
13/08/1979  16.5    3.6    26     17     
14/08/1979  7       4.1    22     15     
15/08/1979  2       2.6    22     16     
16/08/1979  1       4.3    24     16     
17/08/1979  0       3.2    24     15     
18/08/1979  0.7     4.3    26     14     
19/08/1979  0       4.2    26     14     
20/08/1979  0       5.5    27     14     
21/08/1979  0       7.3    29     15     
22/08/1979  0       7      28     15     
23/08/1979  0       7.8    30     14     
24/08/1979  0       7.1    30     15     
25/08/1979  0       7.3    30     14     
26/08/1979  0       6.9    28     13     
27/08/1979  0       6.8    29     13     
28/08/1979  0       8.1    28     13     
29/08/1979  0       7.5    30     13     
30/08/1979  9       3.7    28     14     
31/08/1979  1       2.2    27     16     
01/09/1979  6.7     4.3    26     11     
02/09/1979  7       8.5    27     12     
03/09/1979  1.5     Nulo   28     14     
04/09/1979  1       8.4    26     13     
05/09/1979  0       6.2    29     13     
06/09/1979  0       5.1    29     13     
07/09/1979  0       1.1    27     13     
08/09/1979  1.5     5.6    24     14     
09/09/1979  0       5.5    25     16     
10/09/1979  0       6.1    27     13     
11/09/1979  0       4.7    27     12     
12/09/1979  0       3.6    27     11     
13/09/1979  0       2.2    24     13     
14/09/1979  15      1.4    23     15     
15/09/1979  10      0.7    16     14     
16/09/1979  4       0.7    15     12     
17/09/1979  1.5     2.5    18     12     
18/09/1979  1.5     2.5    22     12     
19/09/1979  0       4.9    23     13     
20/09/1979  0       5.2    27     10     
21/09/1979  0       4.7    27     11     
22/09/1979  2.5     5      28     13     
23/09/1979  0       5.8    27     14     
24/09/1979  0       5.2    27     11     
25/09/1979  0       6.6    23     11     
26/09/1979  0       5.6    26     8      
27/09/1979  0       7.7    25     9      
28/09/1979  0       6.9    26     8      
29/09/1979  0       6.9    27     8      
30/09/1979  0       5.9    26     8      
01/10/1979  0       5.3    28     9      
02/10/1979  0       7.4    28     9      
03/10/1979  0       6.3    29     8      
04/10/1979  0       6.2    28     9      
05/10/1979  0       6      30     9      
06/10/1979  0       7.4    30     9      
07/10/1979  0       5.9    30     8      
08/10/1979  0       6.8    30     8      
09/10/1979  0       5.7    26     8      
10/10/1979  0       5.4    26     9      
11/10/1979  0       6.8    29     9      
12/10/1979  0       6.5    30     10     
13/10/1979  0       6.5    29     10     
14/10/1979  0       5.3    31     10     
15/10/1979  0       6.8    30     9      
16/10/1979  0       6.7    31     9      
17/10/1979  0       6.3    27     9      
18/10/1979  0       7      25     10     
19/10/1979  0       5.5    30     8      
20/10/1979  0       6.1    29     9      
21/10/1979  0       5.3    27     8      
22/10/1979  0       4.8    24     6      
23/10/1979  0       6.9    28     5      
24/10/1979  0       6.4    27     6      
25/10/1979  0       5.3    29     6      
26/10/1979  0       4.4    30     6.5    
27/10/1979  0       6      29     7      
28/10/1979  0       5.9    26     6      
29/10/1979  0       8.3    18     7      
30/10/1979  0       9      23     12     
31/10/1979  0       5.2    27     3      
01/11/1979  0       4.9    27     2      
02/11/1979  0       4.8    22     3      
03/11/1979  0       4.2    24     3      
04/11/1979  0       5.2    27     3      
05/11/1979  0       5.4    26     4      
06/11/1979  0       4.3    25     7      
07/11/1979  0       3.8    25     7      
08/11/1979  0       6.4    26     7.5    
09/11/1979  0       4      24     7      
10/11/1979  0       4.1    21     3.5    
11/11/1979  0       3.2    21     2      
12/11/1979  0       3.9    17     1.5    
13/11/1979  0       4.3    18     0.5    
14/11/1979  0       2.7    20     2      
15/11/1979  0       3.8    20     3      
16/11/1979  2       1.7    12     8      
17/11/1979  0       3.4    20     6      
18/11/1979  0       3.2    24     7      
19/11/1979  0       5.2    23     6      
20/11/1979  0       5.3    23     6      
21/11/1979  0       3.8    23     6      
22/11/1979  0       4.2    12     -1     
23/11/1979  0       3.5    22     -1     
24/11/1979  0       3.8    15     -2     
25/11/1979  0       4.8    22     -3     
26/11/1979  0       4.3    27     -2     
27/11/1979  0       4.2    26     0      
28/11/1979  0       4.4    22     1      
29/11/1979  0       2.8    12     0      
30/11/1979  0       2.6    11     -1     
01/12/1979  0       3.4    11     -1     
02/12/1979  0       2.8    13     -1     
03/12/1979  0       1.4    15     -2     
04/12/1979  0       2      15     -1     
05/12/1979  0       2.6    16     1      
06/12/1979  0       3      24     -1     
07/12/1979  0       4.4    23     -1     
08/12/1979  0       3.7    22     1      
09/12/1979  0       4.2    23     2      
10/12/1979  0       1.4    23     3      
11/12/1979  0       5.4    24     4      
12/12/1979  0       2.3    20     8      
13/12/1979  0       3.8    24     4      
14/12/1979  0       2.8    13     6      
15/12/1979  0       3      19     2      
16/12/1979  0       2.9    20     2      
17/12/1979  0       3.2    20     2      
18/12/1979  0       2.9    21     3      
19/12/1979  0       2.6    22     3      
20/12/1979  0       1.5    15     3      
21/12/1979  0       1.2    18     6      
22/12/1979  0       2.1    18     3      
23/12/1979  0       2.4    20     4      
24/12/1979  0       3.9    20     4      
25/12/1979  0       4.3    20     4      
26/12/1979  0       2.6    20     3      
27/12/1979  0       3.2    18     3      
28/12/1979  0       3.2    18     3      
29/12/1979  0       3.7    20     3      
30/12/1979  0       4.4    20     4      
31/12/1979  0       3.9    20     4      
01/01/1980  0       3.3    20     2      
02/01/1980  0       3.7    20     3      
03/01/1980  0       3.1    15     3      
04/01/1980  0       4.4    18     -1     
05/01/1980  0       3.3    20     -2     
06/01/1980  0       3.1    21     -1     
07/01/1980  0       3.6    19     3      
08/01/1980  0       4      20     4      
09/01/1980  0       6.1    20     2      
10/01/1980  0       5.1    18     3      
11/01/1980  0       3.1    22     4      
12/01/1980  0       3.7    20     2      
13/01/1980  0       4.1    26     1      
14/01/1980  0       4.1    24     3      
15/01/1980  0       4      25     4      
16/01/1980  0       3.1    23     3      
17/01/1980  0       4.4    23     3      
18/01/1980  0       6.3    20     6      
19/01/1980  0       5.4    22     4      
20/01/1980  0       7.1    18     4      
21/01/1980  0       6.2    12     6      
22/01/1980  0       6.2    18     6      
23/01/1980  0       2.6    10     2      
24/01/1980  0       1.7    8      3      
25/01/1980  0       2.2    18     -1     
26/01/1980  0       3.2    18     -1     
27/01/1980  0       4.3    19     0      
28/01/1980  0       5.1    22     -2     
29/01/1980  0       3.7    18     2      
30/01/1980  0       4.1    22     4      
31/01/1980  0       4.8    21     8      
01/02/1980  0       2.7    20     4      
02/02/1980  0       2.8    19     6      
03/02/1980  0       5.5    20     3      
04/02/1980  0       5.6    22     2      
05/02/1980  0       5      26     3      
06/02/1980  0       5      25     2      
07/02/1980  0       8.7    20     4      
08/02/1980  0       6.8    17     2      
09/02/1980  0       4.1    18     1      
10/02/1980  0       3      20     2      
11/02/1980  0       0.9    13     2      
12/02/1980  0       4.4    19     1      
13/02/1980  0       2      17     1      
14/02/1980  0       4.9    22     3      
15/02/1980  0       6.1    16     6      
16/02/1980  0       4.5    24     3      
17/02/1980  0       6.1    26     4      
18/02/1980  0       6      26     4      
19/02/1980  0       6.3    26     5      
20/02/1980  0       6.8    22     7      
21/02/1980  0       4.4    24     3      
22/02/1980  0       4.5    24     3      
23/02/1980  0       4.2    22     4      
24/02/1980  0       4.9    24     3      
25/02/1980  0       4.9    22     3      
26/02/1980  0       3.9    22     2      
27/02/1980  0       4.1    22     5      
28/02/1980  0       7.1    22     7      
29/02/1980  0       6.2    22     6      
01/03/1980  0       4.6    20     5      
02/03/1980  0       6.6    22     4      
03/03/1980  0       8.7    18     3      
04/03/1980  0       5.7    25     6      
05/03/1980  0       6.6    24     4      
06/03/1980  0       7.3    25     5      
07/03/1980  0       7.6    24     5      
08/03/1980  0       6.2    24     6      
09/03/1980  0       4.7    25     6      
10/03/1980  0       7.7    26     7      
11/03/1980  0       8      22     7      
12/03/1980  0       7.7    27     8      
13/03/1980  0       5.8    21     8      
14/03/1980  0       6      23     10     
15/03/1980  0       5.6    23     8      
16/03/1980  0       6      25     7      
17/03/1980  0       7.5    22     5      
18/03/1980  0       10.4   23     5      
19/03/1980  0       10.6   23     7      
20/03/1980  0       11.2   22     6      
21/03/1980  0       7.3    23     7      
22/03/1980  0       7.5    22     7      
23/03/1980  0       9.3    22     6      
24/03/1980  0       4.1    17     8      
25/03/1980  0       7.8    18     9      
26/03/1980  0       8.6    22     8      
27/03/1980  0       9.1    22     11     
28/03/1980  0       6.5    24     5      
29/03/1980  0       8.9    25     5      
30/03/1980  0       7.6    22     4      
31/03/1980  0       7.6    25     4      
01/04/1980  0       8.3    18     5      
02/04/1980  0       9.4    22     8      
03/04/1980  0       7.8    20     11     
04/04/1980  0       8.6    22     8      
05/04/1980  0       9.1    22     11     
06/04/1980  0       7      22     7      
07/04/1980  0       9.1    27     6      
08/04/1980  0       7.9    27     7      
09/04/1980  0       10.3   27     7      
10/04/1980  0       9.9    24     10     
11/04/1980  0       8.2    28     10     
12/04/1980  0       9.7    22     7      
13/04/1980  0       6.8    12     3      
14/04/1980  0       7.3    21     1      
15/04/1980  0       7.2    27     3      
16/04/1980  0       10.6   29     4      
17/04/1980  0       7.9    29     6      
18/04/1980  0       9.3    27     7      
19/04/1980  0       6.6    29     6      
20/04/1980  0       6.4    28     7      
21/04/1980  0       6      26     7      
22/04/1980  0       6.5    26     12     
23/04/1980  0       10.8   26     7      
24/04/1980  0       13     26     8      
25/04/1980  0       8.4    26     10     
26/04/1980  0       7.9    26     10     
27/04/1980  0       8.1    28     12     
28/04/1980  0       8.9    21     12     
29/04/1980  0       10.3   25     5      
30/04/1980  0       9.7    26     6      
01/05/1980  0       11     26     7      
02/05/1980  0       10.1   26     8      
03/05/1980  0       9.9    27     8      
04/05/1980  0       10.5   28     9      
05/05/1980  0       10.8   29     10     
06/05/1980  0       10.9   31     8      
07/05/1980  0       8.8    29     7      
08/05/1980  0       9.9    29     7      
09/05/1980  0       10     30     7      
10/05/1980  0       10.2   30     8      
11/05/1980  0       9.4    31     8      
12/05/1980  0       10     30     10     
13/05/1980  0       9.6    28     11     
14/05/1980  0       10.4   25     10     
15/05/1980  0       14.4   22     8      
16/05/1980  0       8.9    24     7      
17/05/1980  0       9.9    27     7      
18/05/1980  0       10.2   31     8      
19/05/1980  0       9.9    31     9      
20/05/1980  0       10.4   33     11     
21/05/1980  0       12.7   33     14     
22/05/1980  0       11.8   30     14     
23/05/1980  0       12.2   32     12     
24/05/1980  0       12.8   33     13     
25/05/1980  0       10.4   28     14     
26/05/1980  0       6.3    25     11     
27/05/1980  0       9.7    30     14     
28/05/1980  0       11.7   31     13     
29/05/1980  0       13.3   33     13     
30/05/1980  0       12.8   33     15     
31/05/1980  0       14.1   35     15     
01/06/1980  0       12.8   33     15     
02/06/1980  0       10.7   33     16     
03/06/1980  0       10.8   32     15     
04/06/1980  0       11     35     15     
05/06/1980  0       11.2   33     16     
06/06/1980  0       10.1   33     15     
07/06/1980  0       9.7    30     15     
08/06/1980  7       3.3    30     14     
09/06/1980  11      6.1    31     15     
10/06/1980  12      7.1    31     15     
11/06/1980  0       8.7    32     15     
12/06/1980  0       8.4    34     15     
13/06/1980  0       11.9   33     15     
14/06/1980  0       10.5   34     15     
15/06/1980  0       10.9   33     15     
16/06/1980  0       12.6   35     16     
17/06/1980  0       10.7   35     17     
18/06/1980  0       10.4   35     16     
19/06/1980  0       11.2   35     15     
20/06/1980  0       11.6   34     16     
21/06/1980  0       10.5   35     15     
22/06/1980  0       12.1   35     17     
23/06/1980  0       10.1   34     17     
24/06/1980  0       11     36     17     
25/06/1980  0       9.4    34     18     
26/06/1980  0       11.1   34     17     
27/06/1980  0       11.6   34     18     
28/06/1980  0       11     35     18     
29/06/1980  0       12.6   34     18     
30/06/1980  0.5     5.4    31     20     
01/07/1980  7.5     5.5    32     17     
02/07/1980  0       7.7    33     15     
03/07/1980  0       11.5   33     17     
04/07/1980  0       9.9    33     20     
05/07/1980  0       6.9    32     20     
06/07/1980  1       3.9    31     16     
07/07/1980  1.5     6.2    31     16     
08/07/1980  0       6.6    32     17     
09/07/1980  32.5    15.9   31     16     
10/07/1980  0       10.6   25     15     
11/07/1980  5.5     10     28     15     
12/07/1980  20      5.1    25     16     
13/07/1980  2       5.8    27     15     
14/07/1980  2       5.6    28     15     
15/07/1980  0       7.3    31     16     
16/07/1980  0       6.9    31     16     
17/07/1980  0       8.1    30     16     
18/07/1980  0       7.8    30     15     
19/07/1980  0       5.7    30     15     
20/07/1980  3       5.2    30     15     
21/07/1980  0       2.8    30     15     
22/07/1980  0       4.6    26     15     
23/07/1980  0       3.1    26     15     
24/07/1980  0       4.1    26     16     
25/07/1980  0       8      33     16     
26/07/1980  0       7.7    33     16     
27/07/1980  0       5.3    30     16     
28/07/1980  0       8.1    33     15     
29/07/1980  0       8.4    31     16     
30/07/1980  0       6.6    27     17     
31/07/1980  0       5.2    29     17     
01/08/1980  0       5.6    26     16     
02/08/1980  0       5.6    26     16     
03/08/1980  0       6.9    26     15     
04/08/1980  0       5      28     15     
05/08/1980  10.5    8.7    31     15     
06/08/1980  0       7.3    31     16     
07/08/1980  0       8.5    30     15     
08/08/1980  19      3.8    26     17     
09/08/1980  1.5     4      25     14     
10/08/1980  0       4.9    27     16     
11/08/1980  0       3.4    23     16     
12/08/1980  2       3.2    27     16     
13/08/1980  9       3.1    28     16     
14/08/1980  4       2.8    26     17     
15/08/1980  1       2.9    25     16     
16/08/1980  9.5     3.1    25     16     
17/08/1980  0       3.4    26     16     
18/08/1980  0       5.2    25     16     
19/08/1980  7       1.2    26     15     
20/08/1980  17.5    2.5    21     15     
21/08/1980  10.5    1.9    23     15     
22/08/1980  1.5     2      24     15     
23/08/1980  0       4.9    26     16     
24/08/1980  0       5.1    27     15     
25/08/1980  2.5     4.2    26     14     
26/08/1980  0       5.2    26     14     
27/08/1980  0       5      27     15     
28/08/1980  0       5      27     17     
29/08/1980  0       3.8    30     15     
30/08/1980  0       6.3    29     15     
31/08/1980  0       5.9    28     17     
01/09/1980  1       3.2    27     17     
02/09/1980  3       2.9    26     15     
03/09/1980  14.5    2.1    21     15     
04/09/1980  1       3      23     15     
05/09/1980  4       2.2    24     15     
06/09/1980  3.5     1.7    25     15     
07/09/1980  4       1.3    25     15     
08/09/1980  7       3.7    27     15     
09/09/1980  6.5     4.4    25     14     
10/09/1980  0       2.2    24     15     
11/09/1980  3.5     2.5    23     15     
12/09/1980  3.5     3.2    25     15     
13/09/1980  0       4.1    27     15     
14/09/1980  0       3.4    27     13     
15/09/1980  0       5.6    26     13     
16/09/1980  0       6.9    26     13     
17/09/1980  0       4.2    28     12     
18/09/1980  0       6.1    27     12     
19/09/1980  0       5.8    28     12     
20/09/1980  0       6.2    28     11     
21/09/1980  0       4.2    26     12     
22/09/1980  27      3.1    24     13     
23/09/1980  3       1.1    24     14     
24/09/1980  9       1.9    24     14     
25/09/1980  5.5     0.9    20     13     
26/09/1980  0       1.3    22     14     
27/09/1980  10      0.7    23     15     
28/09/1980  21      0.9    19     15     
29/09/1980  1       1.7    21     15     
30/09/1980  0       4.6    25     16     
01/10/1980  0       5.1    25     13     
02/10/1980  0       5.2    26     12     
03/10/1980  0       3.9    25     10     
04/10/1980  0       4.7    25     10     
05/10/1980  0       5.3    25     10     
06/10/1980  0       5.7    26     8      
07/10/1980  1.5     2.8    25     9      
08/10/1980  22.5    0.7    23     12     
09/10/1980  1.5     2.3    21     9      
10/10/1980  0       2.7    20     9      
11/10/1980  0       1.1    19     10     
12/10/1980  0       3.8    23     11     
13/10/1980  0       4.4    26     6      
14/10/1980  0.5     3.1    26     9      
15/10/1980  0       1.6    22     11     
16/10/1980  0       3.5    23     7      
17/10/1980  0       3.2    23     7      
18/10/1980  0.5     1.5    24     7      
19/10/1980  18      1.1    14.1   6      
20/10/1980  0       2      19     7      
21/10/1980  0       3.2    20     10     
22/10/1980  0       4.7    23     5      
23/10/1980  0       2.9    23     4      
24/10/1980  0       3.9    22     5      
25/10/1980  0       4.2    25     8      
26/10/1980  0       3      25     8      
27/10/1980  0       6.5    25     8      
28/10/1980  0       4.6    25     7      
29/10/1980  0       0.9    8      4      
30/10/1980  0       4.4    15     4      
31/10/1980  0       2      15     5      
01/11/1980  0       3.2    20     4      
02/11/1980  0       3.3    21     5      
03/11/1980  0       3.6    22     5      
04/11/1980  0       3.4    22     4      
05/11/1980  0       4.7    22     4      
06/11/1980  0       1.4    23     4      
07/11/1980  0       4.8    24     5      
08/11/1980  0       3.7    25     5      
09/11/1980  0       3.3    25     5      
10/11/1980  0       3.5    25     4      
11/11/1980  0       3.2    23     5      
12/11/1980  0       3      25     7      
13/11/1980  0       2.2    26     5      
14/11/1980  0       2.2    24     6      
15/11/1980  1       1.8    19     6      
16/11/1980  1       1.8    16     5      
17/11/1980  1       1.4    15     0      
18/11/1980  0       0.4    10.8   0      
19/11/1980  0       1.9    13     1      
20/11/1980  0       3.6    15     5      
21/11/1980  0       2.5    15     7      
22/11/1980  0       2.7    15     4      
23/11/1980  0       2.8    18     3      
24/11/1980  0       4.5    22     -1     
25/11/1980  0       4.5    11     1      
26/11/1980  0       1.1    11     1      
27/11/1980  0       2.9    14     -3     
28/11/1980  0       2.3    17     -3     
29/11/1980  0       2.7    20     -1     
30/11/1980  0       4.1    22     0      
01/12/1980  0       2.8    22     0      
02/12/1980  0       3.3    22     0      
03/12/1980  0       3.7    22     0      
04/12/1980  0       3.3    22     2      
05/12/1980  0       4.1    23     3      
06/12/1980  0       4.3    21     5      
07/12/1980  5       4.4    20     6      
08/12/1980  0       3      18     4      
09/12/1980  0       2.8    18     2      
10/12/1980  0       1.4    12     1      
11/12/1980  0       0.2    12     1      
12/12/1980  0       1.6    20     2      
13/12/1980  0       2.8    21     5      
14/12/1980  0       3.2    22     4      
15/12/1980  0       2.1    18     5      
16/12/1980  0       2.6    18     2      
17/12/1980  0       3      21     1      
18/12/1980  0       3.1    24     1      
19/12/1980  0       3.1    23     2      
20/12/1980  0       2.1    13     1      
21/12/1980  0       1.1    17     -1     
22/12/1980  0       2.8    20     1      
23/12/1980  0       1.6    17     1      
24/12/1980  0       3.1    22     1      
25/12/1980  0       3.2    24     1      
26/12/1980  0       2      20     2      
27/12/1980  0       1.8    17     1      
28/12/1980  0       2.5    17     1      
29/12/1980  0       1.8    20     1      
30/12/1980  0       1.8    18     2      
31/12/1980  0       1.8    17     2      
01/01/1981  0       3.3    23     2      
02/01/1981  0       1.7    20     3      
03/01/1981  0       2.3    18     2      
04/01/1981  0       2.3    23     1      
05/01/1981  1       2.5    24     1      
06/01/1981  0       2.1    17     4      
07/01/1981  0       1.8    20     2      
08/01/1981  0       2.3    19     2      
09/01/1981  0       1.8    18     1      
10/01/1981  0       2.2    17     3      
11/01/1981  0       2.9    19     2      
12/01/1981  0       2      18     1      
13/01/1981  11      1.7    20     1      
14/01/1981  0       1.5    17     1      
15/01/1981  0       1.6    16     1      
16/01/1981  1.5     1      13     2      
17/01/1981  3       0.1    5.1    3      
18/01/1981  0       2.5    12     1      
19/01/1981  0       1.3    12     2      
20/01/1981  0       1      13     -1     
21/01/1981  0       1.7    12     -1     
22/01/1981  0       2.2    11     -2     
23/01/1981  0       2.3    11     -3     
24/01/1981  0       3.9    20     -3     
25/01/1981  0       2.7    23     -2     
26/01/1981  7.5     2.5    12.1   -2     
27/01/1981  0       2.5    17     2      
28/01/1981  0       4      24     -1     
29/01/1981  0       3.8    20     -1     
30/01/1981  0       5.4    25     4      
31/01/1981  0       5.6    21     2      
01/02/1981  0       2.4    18     1      
02/02/1981  0       2.7    16     -1     
03/02/1981  0       3      18     -1     
04/02/1981  0       3.7    20     2      
05/02/1981  0       3      23     2      
06/02/1981  0       4.3    20     4      
07/02/1981  0       4.8    19     3      
08/02/1981  0       4.2    19     2      
09/02/1981  0       8.7    18     1      
10/02/1981  0       5.9    21     1      
11/02/1981  0       5.2    20     2      
12/02/1981  0       4      25     2      
13/02/1981  0       3.6    19     2      
14/02/1981  0       5.4    22     2      
15/02/1981  0.5     4.2    7      1      
16/02/1981  0       3.1    11     2      
17/02/1981  0       5.1    21     2      
18/02/1981  0       4.3    22     2      
19/02/1981  0       3.9    20     4      
20/02/1981  0       2.1    18     5      
21/02/1981  0       2.2    23     2      
22/02/1981  0       4.6    22     2      
23/02/1981  0       4      19     2      
24/02/1981  0       3.8    22     2      
25/02/1981  0       3.1    22     5      
26/02/1981  0       4.5    27     6      
27/02/1981  0       3.6    21     2      
28/02/1981  0       3.4    22     2      
01/03/1981  0       4.6    23     5      
02/03/1981  6.5     3.7    21     7      
03/03/1981  3.5     2.1    12     4      
04/03/1981  0       4.4    17     2      
05/03/1981  0       2.3    12     1      
06/03/1981  0       4.4    17     2      
07/03/1981  0       5      20     -1     
08/03/1981  0       5.2    20     -2     
09/03/1981  0       5.6    23     -1     
10/03/1981  0       4.2    18     0      
11/03/1981  0       3.9    22     2      
12/03/1981  0       4.6    23     3      
13/03/1981  0       8.1    21     2      
14/03/1981  0       3.2    22     2      
15/03/1981  0       4.5    20     3      
16/03/1981  0       5.5    19     4      
17/03/1981  11      6.7    25     2      
18/03/1981  0       4.8    26     6      
19/03/1981  0       8.9    25     3      
20/03/1981  0       9.5    19     4      
21/03/1981  0       5.3    19     5      
22/03/1981  0       6.4    20     4      
23/03/1981  0       4.9    24     4      
24/03/1981  0       8.6    25     7      
25/03/1981  0       6.9    24     6      
26/03/1981  0       8.6    25     6      
27/03/1981  0       11.1   14     7      
28/03/1981  0       7.7    19     11     
29/03/1981  0       2.7    23     7      
30/03/1981  0       7.9    24     3      
31/03/1981  0       4.6    25     3      
01/04/1981  0       9.1    17     5      
02/04/1981  0       9.3    27     7      
03/04/1981  0       10.2   22     9      
04/04/1981  0       6.7    28     8      
05/04/1981  0       4.5    23     9      
06/04/1981  0       6.2    22     10     
07/04/1981  0       3.7    22     11     
08/04/1981  0       4.1    22     12     
09/04/1981  0       6.8    25     10     
10/04/1981  0       6.5    28     12     
11/04/1981  0       8.2    28     10     
12/04/1981  0       6.2    26     10     
13/04/1981  1       3.2    27     11     
14/04/1981  1.5     3.2    25     13     
15/04/1981  1.8     3.9    23     11     
16/04/1981  0.8     1      17     11     
17/04/1981  0       7.1    24     9      
18/04/1981  0       6      25     9      
19/04/1981  0       7.1    25     8      
20/04/1981  0       6.7    24     8      
21/04/1981  4.8     2      22     9      
22/04/1981  8.9     5.3    21     7      
23/04/1981  0.7     4      17     4      
24/04/1981  0       3.9    18     5      
25/04/1981  0       7.6    17     5      
26/04/1981  0       8.8    29     7      
27/04/1981  0       6.7    27     12     
28/04/1981  0       8.2    27     11     
29/04/1981  0.7     5.7    29     11     
30/04/1981  3       4.2    27     15     
01/05/1981  0       8.2    23     11     
02/05/1981  0       7.8    22     9      
03/05/1981  0       6.6    23     9      
04/05/1981  0       8.2    28     11     
05/05/1981  0       9.1    27     13     
06/05/1981  0       9      29     12     
07/05/1981  0       9.7    26     13     
08/05/1981  0       8.7    27     10     
09/05/1981  0       7.6    27     12     
10/05/1981  0       10.6   24     10     
11/05/1981  0       10.3   25     12     
12/05/1981  0       8.9    30     10     
13/05/1981  0       7.8    29     16     
14/05/1981  0       7.4    32     11     
15/05/1981  0       10.7   19     17     
16/05/1981  0       12.5   26     14     
17/05/1981  0       11.8   29     11     
18/05/1981  0       9.3    31     9      
19/05/1981  0       8.4    32     13     
20/05/1981  0       9.2    33     14     
21/05/1981  0       10.9   29     14     
22/05/1981  0       7.9    29     13     
23/05/1981  0       8.6    30     14     
24/05/1981  0       8.8    32     13     
25/05/1981  0       9.1    30     12     
26/05/1981  0       10.7   34     14     
27/05/1981  0       8.9    32     17     
28/05/1981  0       8.8    29     17     
29/05/1981  0       5.9    32     13     
30/05/1981  0       8.1    29     11     
31/05/1981  0       16     31     12     
01/06/1981  0       5.5    31     13     
02/06/1981  0       6.1    30     13     
03/06/1981  0       7.8    30     15     
04/06/1981  10.8    5.2    22     15     
05/06/1981  0       6.9    28     12     
06/06/1981  0       9.5    30     13     
07/06/1981  0       7.2    33     14     
08/06/1981  0       10.2   33     15     
09/06/1981  0       12.6   34     15     
10/06/1981  0       8.3    36     19     
11/06/1981  0       11.7   35     17     
12/06/1981  0       10.2   33     20     
13/06/1981  0       9.1    31     19     
14/06/1981  0       7.2    35     14     
15/06/1981  0       7      31     18     
16/06/1981  0       6.2    29     19     
17/06/1981  8.1     1.8    28     17     
18/06/1981  1.4     3.3    26     15     
19/06/1981  1       4      28     17     
20/06/1981  2.4     7.1    27     16     
21/06/1981  0       4.5    24     14     
22/06/1981  0       5.2    25     17     
23/06/1981  23.1    3.2    19     15     
24/06/1981  0       5.9    29     14     
25/06/1981  0       7.6    32     15     
26/06/1981  0       7.4    30     17     
27/06/1981  3.8     8.6    29     18     
28/06/1981  23.5    6.5    27     17     
29/06/1981  88.7    7.6    27     15     
30/06/1981  21.1    3.5    25     15     
01/07/1981  5.2     1.5    27     16     
02/07/1981  7.4     4.4    26     15     
03/07/1981  3.5     3.9    27     16     
04/07/1981  4.4     5.7    26     16     
05/07/1981  5.6     4.7    24     15     
06/07/1981  0       6.2    27     15     
07/07/1981  0       8.7    29     14     
08/07/1981  0       4.9    27     16     
09/07/1981  8       7.9    24     18     
10/07/1981  6.5     7.3    24     16     
11/07/1981  0       3.6    25     16     
12/07/1981  0       5.3    25     15     
13/07/1981  0       6.4    27     15     
14/07/1981  1.4     4.7    27     17     
15/07/1981  0       6.8    27     14     
16/07/1981  0       5.6    29     17     
17/07/1981  0       8.4    31     15     
18/07/1981  12.8    8      29     17     
19/07/1981  1.3     5.4    30     16     
20/07/1981  10.4    7.6    29     15     
21/07/1981  0       7.2    29     15     
22/07/1981  0       8.4    32     16     
23/07/1981  0       8.1    33     17     
24/07/1981  2.1     6.3    30     16     
25/07/1981  0       7.7    30     16     
26/07/1981  9.9     3.8    27     15     
27/07/1981  0       3.9    26     15     
28/07/1981  55.1    3.8    22     17     
29/07/1981  4       3.8    27     15     
30/07/1981  1.8     6.1    29     14     
31/07/1981  0       5.3    25     16     
01/08/1981  0       6.8    31     14     
02/08/1981  3.8     10.4   28     15     
03/08/1981  1.5     4.5    26     17     
04/08/1981  27.1    5.2    26     15     
05/08/1981  18.1    4.9    23     14     
06/08/1981  1.3     6.3    24     15     
07/08/1981  17.2    6.8    20     15     
08/08/1981  1.7     4.8    21     15     
09/08/1981  48.3    2.3    20     16     
10/08/1981  2.1     4      22     15     
11/08/1981  1.4     3.7    23     15     
12/08/1981  20.1    3.3    20.1   16     
13/08/1981  3.2     4.1    25     15     
14/08/1981  5.9     2      25     16     
15/08/1981  1.1     4.7    23     15     
16/08/1981  2.8     5.8    20     15     
17/08/1981  2.4     3.6    21     16     
18/08/1981  12.8    5.8    27     15     
19/08/1981  0.8     2.7    23     15     
20/08/1981  0       3.4    25     17     
21/08/1981  1       4.5    27     15     
22/08/1981  0       6.9    25     14     
23/08/1981  0       4.2    28     15     
24/08/1981  0       5.4    27     14     
25/08/1981  0       3.8    25     12     
26/08/1981  0       6.5    28     15     
27/08/1981  0       4.7    25     13     
28/08/1981  0       4.9    25     13     
29/08/1981  0       4.8    27     14     
30/08/1981  5.8     1.8    27     15     
31/08/1981  2       4.8    27     17     
01/09/1981  7.5     2.7    24     17     
02/09/1981  1.5     2.8    25     17     
03/09/1981  20      4.6    19     17     
04/09/1981  1.2     1.1    23     16     
05/09/1981  0       5.1    20     17     
06/09/1981  12.5    2.8    27     15     
07/09/1981  3.6     3.3    24     15     
08/09/1981  0       5.9    25     16     
09/09/1981  9.1     3.4    27     14     
10/09/1981  1.8     6.1    25     14     
11/09/1981  1       4.5    26     14     
12/09/1981  0       5.8    24     15     
13/09/1981  45.4    3      18     13     
14/09/1981  0       3.4    24     11     
15/09/1981  0       3.2    23     13     
16/09/1981  0       6.2    23     15     
17/09/1981  0       4.6    23     14     
18/09/1981  0       3.9    23     12     
19/09/1981  2.1     4      25     10     
20/09/1981  5.4     2.1    24     11     
21/09/1981  0       1.2    19     15     
22/09/1981  1.6     3.6    25     13     
23/09/1981  0       4.1    27     11     
24/09/1981  2.1     4.1    27     11     
25/09/1981  0       3.5    25     12     
26/09/1981  0       5.1    25     15     
27/09/1981  0       3.4    26     12     
28/09/1981  0       5.4    25     11     
29/09/1981  0       5.4    26     11     
30/09/1981  0       4.8    20     12     
01/10/1981  12.4    2.9    20     10     
02/10/1981  7.8     1.9    21     11     
03/10/1981  3.5     4.5    20     11     
04/10/1981  15      2.8    19     10     
05/10/1981  20.8    3.7    20     10     
06/10/1981  9.3     1.6    23     10     
07/10/1981  30.3    2      24     11     
08/10/1981  0       2.9    23     12     
09/10/1981  0       2.5    24     10     
10/10/1981  2.2     2.2    25     10     
11/10/1981  6.6     1.2    19     12     
12/10/1981  7.3     0.4    18     11     
13/10/1981  0       3      20     10     
14/10/1981  0       2.9    25     8      
15/10/1981  0       2.9    24     8      
16/10/1981  0       2.9    23     7      
17/10/1981  0       4.8    21     11     
18/10/1981  0       6.2    21     9      
19/10/1981  0       2.7    22     8      
20/10/1981  3.1     0.6    20     9      
21/10/1981  0       3.9    25     9      
22/10/1981  0       2.1    21     9      
23/10/1981  0       1.8    11     10     
24/10/1981  0       2.7    21     8      
25/10/1981  0       3.8    24     7      
26/10/1981  0       2.2    24     6      
27/10/1981  0       3.4    25     5      
28/10/1981  0       5.3    26     5      
29/10/1981  0       1.6    25     7      
30/10/1981  0       5      26     8      
31/10/1981  0       4.1    24     7      
01/11/1981  0       1.8    24     7      
02/11/1981  0       2.5    23     8      
03/11/1981  0       3.7    26     5      
04/11/1981  0       4.5    23     6      
05/11/1981  0       3.5    24     7      
06/11/1981  0       3.5    24     7      
07/11/1981  0       3.9    26     3      
08/11/1981  0       3.9    23     4      
09/11/1981  0       2.6    18     4      
10/11/1981  0       3      16     3      
11/11/1981  0       2.2    20     3      
12/11/1981  0       3.3    21     5      
13/11/1981  0       1.9    18     2      
14/11/1981  0       3.5    20     1      
15/11/1981  0       4.5    20     2      
16/11/1981  0       3.4    23     1      
17/11/1981  0       2.6    24     2      
18/11/1981  0       3.5    25     1      
19/11/1981  0       4.2    22     1      
20/11/1981  0       4.2    22     0      
21/11/1981  0       1.8    24     0      
22/11/1981  0       4.3    23     0      
23/11/1981  0       2.3    24     -2     
24/11/1981  0       3.4    25     1      
25/11/1981  0       5.7    22     1      
26/11/1981  0       4.8    25     3      
27/11/1981  0       4.5    24     6      
28/11/1981  0       4      25     4      
29/11/1981  0       4      22     5      
30/11/1981  0       4.2    23     3      
01/12/1981  0       2.7    23     2      
02/12/1981  0       3.9    22     3      
03/12/1981  0       1.5    24     2      
04/12/1981  3.2     0.6    22     1      
05/12/1981  2.7     1.7    21     2      
06/12/1981  1.1     2.2    13     2      
07/12/1981  0       1.5    18     1      
08/12/1981  0       2.5    18     0      
09/12/1981  0       1.5    20     2      
10/12/1981  Nulo    1.3    21     0      
11/12/1981  0       3.3    23     1      
12/12/1981  0       3.5    23     0      
13/12/1981  0       2.6    20     1      
14/12/1981  0       2.7    18     1      
15/12/1981  0       2.5    18     -1     
16/12/1981  0       3.5    23     -1     
21/12/1981  0       Nulo   Nulo   Nulo   
22/12/1981  0       3.8    19     10     
23/12/1981  0       3.5    23     4      
24/12/1981  0       3.1    24     7      
25/12/1981  0       3.3    23     8      
26/12/1981  0       4.7    19     8      
27/12/1981  0       3.2    23     9      
28/12/1981  0       2.2    23     3      
29/12/1981  0       2.8    18     3      
30/12/1981  0       2.8    19     6      
31/12/1981  0       2.6    20     4      
01/01/1982  0       3.6    21     2      
02/01/1982  0       3      19     1      
03/01/1982  0       2.3    22     2      
04/01/1982  0       3.1    18     4      
05/01/1982  0       2.1    22     -1     
06/01/1982  0       2.3    23     -1     
07/01/1982  0       3.2    18     4      
08/01/1982  0       4.1    20     2      
09/01/1982  0       2.7    21     3      
10/01/1982  5.6     0.4    20     5      
11/01/1982  11.4    0.6    12     3      
12/01/1982  0       1.7    14     9      
13/01/1982  0       3.2    14     7      
14/01/1982  0       4.3    17     -2     
15/01/1982  0       2.7    15     3      
16/01/1982  0       5.1    15     2      
17/01/1982  0       3.2    20     3      
18/01/1982  0       3.3    24     5      
19/01/1982  0       1.8    20     2      
20/01/1982  0       3      22     4      
21/01/1982  0       1.8    17     3      
22/01/1982  0       4      21     3      
23/01/1982  0       3.4    24     4      
24/01/1982  0       2.7    23     2      
25/01/1982  0       3.6    21     -1     
26/01/1982  0       3.5    22     -1     
27/01/1982  0       4      24     0      
28/01/1982  0       4.8    23     -1     
29/01/1982  0       4.6    22     0      
30/01/1982  0       4.4    24     2      
31/01/1982  0       4.2    25     1      
01/02/1982  0       3.1    20     2      
02/02/1982  0       3.5    18     1      
03/02/1982  0       2.6    18     -2     
04/02/1982  0       3      20     -1     
05/02/1982  0       4.9    22     3      
06/02/1982  0       3.1    24     4      
07/02/1982  0       4.7    23     4      
08/02/1982  0       7      16     3      
09/02/1982  0       6      24     3      
10/02/1982  0       5.9    23     3      
11/02/1982  0       5.2    23     4      
12/02/1982  0       4.4    21     3      
13/02/1982  0       2.5    23     3      
14/02/1982  0       5.7    24     3      
15/02/1982  0       3.5    24     4      
16/02/1982  0       4      24     4      
17/02/1982  0       5.3    25     3      
18/02/1982  0       5.9    24     3      
19/02/1982  0       5.3    22     6      
20/02/1982  0       4.1    20     4      
21/02/1982  0       4.7    21     3      
22/02/1982  0       4.8    23     3      
23/02/1982  0       4.8    27     6      
24/02/1982  0       3.3    22     6      
25/02/1982  0       5.8    24     5      
26/02/1982  0       5      23     4      
27/02/1982  0       5.1    25     4      
28/02/1982  0       4.9    25     3      
01/03/1982  0       3.5    26     5      
02/03/1982  0       5.8    26     4      
03/03/1982  0       5.1    25     5      
04/03/1982  0       4.3    25     5      
05/03/1982  0       3.8    24     6      
06/03/1982  0       7.6    25     4      
07/03/1982  0       5.2    23     5      
08/03/1982  0       7.2    26     2      
09/03/1982  0       5.2    28     2      
10/03/1982  0       5.3    27     5      
11/03/1982  0       6.1    27     8      
12/03/1982  0       6.6    25     10     
13/03/1982  0       6.1    26     4      
14/03/1982  0       8.3    25     5      
15/03/1982  0       8.6    25     5      
16/03/1982  0       3.2    25     6      
17/03/1982  0       7.1    28     2      
18/03/1982  0       9.9    25     5      
19/03/1982  0       6.4    28     6      
20/03/1982  0       6.4    27     6      
21/03/1982  0       7.6    27     6      
22/03/1982  0       7.4    27     9      
23/03/1982  0       6.4    26     7      
24/03/1982  0       6.3    27     8      
25/03/1982  0       6.5    28     9      
26/03/1982  0       6.7    27     7      
27/03/1982  0       7.9    27     6      
28/03/1982  0       6.3    24     8      
29/03/1982  0       9.7    23     9      
30/03/1982  0       7.4    28     5      
31/03/1982  0       9.7    30     7      
01/04/1982  0       7      25     8      
02/04/1982  0       7.1    23     6      
03/04/1982  0       7.6    24     2      
04/04/1982  0       7.6    23     3      
05/04/1982  0       7.1    26     1      
06/04/1982  0       8.1    24     2      
07/04/1982  0       8.7    20     2      
08/04/1982  0       8      25     4      
09/04/1982  0       7.2    22     5      
10/04/1982  0       7.4    26     4      
11/04/1982  0       8.1    31     4      
12/04/1982  0       7.6    28     4      
13/04/1982  0       8.4    29     7      
14/04/1982  0       7.9    31     8      
15/04/1982  0       7.7    29     7      
16/04/1982  0       6.8    28     9      
17/04/1982  0       8.3    30     9      
18/04/1982  0       9.4    29     8      
19/04/1982  0       9      25     11     
20/04/1982  0       6.6    25     11     
21/04/1982  0       5.4    29     12     
22/04/1982  0       4.8    20     10     
23/04/1982  4.3     0.6    16     8      
24/04/1982  0       7      25     7      
25/04/1982  0       7.2    27     7      
26/04/1982  0       7.2    28     6      
27/04/1982  0       6.9    25     9      
28/04/1982  0       6.8    27     12     
29/04/1982  6.8     3.4    25     15     
30/04/1982  0       6.1    26     8      
01/05/1982  0       2.2    25     8      
02/05/1982  1       7.3    25     7      
03/05/1982  0       7.2    28     5      
04/05/1982  0       6.5    25     9      
05/05/1982  0       11     24     13     
06/05/1982  0       7.8    26     8      
07/05/1982  0       8.2    27     7      
08/05/1982  0       10.3   26     8      
09/05/1982  0       7.7    29     12     
10/05/1982  0       9.1    24     6      
11/05/1982  0       8.6    28     9      
12/05/1982  0       7.9    25     10     
13/05/1982  0       9.5    28     9      
14/05/1982  0       10.2   29     10     
15/05/1982  0       9.9    29     9      
16/05/1982  0       10.2   29     13     
17/05/1982  0       9.3    30     12     
18/05/1982  0       7.7    29     12     
19/05/1982  0       5.3    24     11     
20/05/1982  0       5      22     14     
21/05/1982  0       8.5    27     10     
22/05/1982  0       5.7    29     11     
23/05/1982  0       7.2    32     12     
24/05/1982  0       7.2    32     14     
25/05/1982  0       6.9    28     13     
26/05/1982  0       6.6    29     13     
27/05/1982  0       6      27     16     
28/05/1982  0       7      29     10     
29/05/1982  0       9.4    29     11     
30/05/1982  0       8.4    32     12     
31/05/1982  0       8.9    29     13     
01/06/1982  0       11     31     10     
02/06/1982  0       11.4   34     11     
03/06/1982  0       10.4   37     13     
04/06/1982  0       10.1   38     14     
05/06/1982  0       9.1    35     17     
06/06/1982  1.2     4.4    32     15     
07/06/1982  1.4     6.6    29     15     
08/06/1982  0       8.2    34     15     
09/06/1982  0       10.8   35     15     
10/06/1982  0       9.1    30     18     
11/06/1982  0       9.2    33     16     
12/06/1982  0       9.5    35     16     
13/06/1982  0       8.9    34     17     
14/06/1982  0       10.2   31     14     
15/06/1982  0       10.9   35     18     
16/06/1982  0       12.2   34     16     
17/06/1982  0       8.1    36     17     
18/06/1982  0       11.3   36     18     
19/06/1982  0       6.3    32     18     
20/06/1982  1.3     5.7    30     15     
21/06/1982  0       7.8    33     13     
22/06/1982  0       8.2    32     15     
23/06/1982  0       9.5    33     14     
24/06/1982  0       9.4    35     15     
25/06/1982  0       11.7   36     16     
26/06/1982  1.2     8.7    31     18     
27/06/1982  0       8.6    35     13     
28/06/1982  0       11.3   34     15     
29/06/1982  0       6.6    30     18     
30/06/1982  0       7.5    33     16     
01/07/1982  0       6.5    30     17     
02/07/1982  18.7    8.1    28     18     
03/07/1982  5.3     1.4    25     11     
04/07/1982  5.5     3      27     15     
05/07/1982  0       5.1    27     16     
06/07/1982  0       7.4    28     15     
07/07/1982  1.8     3.5    27     17     
08/07/1982  1.3     3.7    29     15     
09/07/1982  10.3    6      32     16     
10/07/1982  6.4     4.3    27     17     
11/07/1982  0       6.3    30     15     
12/07/1982  1.4     5.2    29     16     
13/07/1982  0       6      28     16     
14/07/1982  0       5.6    27     14     
15/07/1982  1.8     6.5    27     15     
16/07/1982  3.9     7      25     17     
17/07/1982  5.5     6.9    27     14     
18/07/1982  3.4     6.9    22     13     
19/07/1982  4.8     6.3    25     12     
20/07/1982  11.8    6.7    28     12     
21/07/1982  0       2.7    22     13     
22/07/1982  0       5.5    30     13     
23/07/1982  1.1     2.9    25     15     
24/07/1982  7.2     3.7    24     15     
25/07/1982  0       2.2    25     14     
26/07/1982  0       6.2    30     14     
27/07/1982  0       7.3    32     15     
28/07/1982  1.5     5.8    32     16     
29/07/1982  0       6.3    26     14     
30/07/1982  0       6.9    31     14     
31/07/1982  1.8     6.5    29     14     
01/08/1982  0       3.4    30     16     
02/08/1982  2.1     2.3    31     14     
03/08/1982  1.4     5.1    30     15     
04/08/1982  2.8     4.4    24     15     
05/08/1982  14.8    2.7    27     15     
06/08/1982  0       5.8    30     14     
07/08/1982  0       6.9    30     14     
08/08/1982  0       7.1    31     15     
09/08/1982  4.5     2.5    26     16     
10/08/1982  4.4     1.6    25     15     
11/08/1982  2.1     7.2    27     16     
12/08/1982  2.3     5.4    25     14     
13/08/1982  0       4.3    24     12     
14/08/1982  0       7.4    25     12     
15/08/1982  0       10.2   29     13     
16/08/1982  0       9      32     15     
17/08/1982  0       5.4    27     15     
18/08/1982  0       6      29     15     
19/08/1982  0       7.7    29     16     
20/08/1982  0       7.6    27     17     
21/08/1982  0       6.8    30     14     
22/08/1982  1       4.6    25     15     
23/08/1982  10.4    1.1    25     16     
24/08/1982  18.5    4.4    25     15     
25/08/1982  4.9     2.5    27     16     
26/08/1982  1.3     4.2    24     15     
27/08/1982  1       4.7    24     13     
28/08/1982  3.8     7      25     14     
29/08/1982  0       7.9    27     15     
30/08/1982  0       7.3    29     15     
31/08/1982  0       4.8    29     16     
01/09/1982  0       7.8    31     15     
02/09/1982  0       5.2    30     14     
03/09/1982  5       8.2    30     15     
04/09/1982  0       3.9    25     16     
05/09/1982  2.7     3.8    27     14     
06/09/1982  2.4     1.8    25     15     
07/09/1982  0       2.4    25     15     
08/09/1982  0       3.2    24     13     
09/09/1982  0       3.4    27     15     
10/09/1982  1.1     5.2    27     17     
11/09/1982  0       5.2    28     14     
12/09/1982  0       6.2    29     16     
13/09/1982  0       7.1    29     12     
14/09/1982  0       6.1    31     14     
15/09/1982  0       9      29     14     
16/09/1982  0       4.8    29     14     
17/09/1982  0       6.1    30     14     
18/09/1982  0       7.1    31     14     
19/09/1982  0       5.9    29     14     
20/09/1982  0       6      30     13     
21/09/1982  0       7.3    32     14     
22/09/1982  0       4.5    29     13     
23/09/1982  0       7.1    29     12     
24/09/1982  0       5.1    29     11     
25/09/1982  0       7.3    30     11     
26/09/1982  0       8.6    32     15     
27/09/1982  0       6.2    31     12     
28/09/1982  12.8    4.8    27     14     
29/09/1982  2.2     1.3    22     17     
30/09/1982  0       0.5    25     16     
01/10/1982  5       4.7    30     11     
02/10/1982  0       3.1    28     12     
03/10/1982  0       3.4    28     12     
04/10/1982  0       5.3    27     11     
05/10/1982  0       5.3    31     11     
06/10/1982  0       4.6    30     12     
07/10/1982  0       4.4    31     15     
08/10/1982  0       6      31     12     
09/10/1982  0       5.8    30     10     
10/10/1982  0       4.7    29     11     
11/10/1982  0       5.2    27     10     
12/10/1982  0       7.6    26     8      
13/10/1982  0       4.7    25     6      
14/10/1982  0       4.9    23     7      
15/10/1982  0       5.1    27     7      
16/10/1982  0       3.9    29     8      
17/10/1982  0       5.4    30     10     
18/10/1982  0       5.4    30     10     
19/10/1982  0       5      29     8      
20/10/1982  0       6      28     10     
21/10/1982  0       6.2    27     8      
22/10/1982  0       5.2    27     8      
23/10/1982  0       4.3    25     8      
24/10/1982  0       3.8    27     8      
25/10/1982  0       4.1    27     9      
26/10/1982  0       5.4    27     8      
27/10/1982  0       6.8    29     10     
28/10/1982  0       5.3    26     7      
29/10/1982  0       4.6    25     5      
30/10/1982  0       5.7    28     5      
31/10/1982  0       6      26     7      
01/11/1982  0       5.9    29     5      
02/11/1982  0       4.6    26     7      
03/11/1982  0       1      10     4      
04/11/1982  0       3.3    12     -2     
05/11/1982  0       4.1    20     -1     
06/11/1982  0       5.1    21     -1     
07/11/1982  0       3.7    25     3      
08/11/1982  0       2.4    21     4      
09/11/1982  0       2.6    27     3      
10/11/1982  0       3.7    22     5      
11/11/1982  0       3.7    22     13     
12/11/1982  0       4.3    18     13     
13/11/1982  0       5.1    18     4      
14/11/1982  0       4.5    20     2      
15/11/1982  0       4.3    23     5      
16/11/1982  0       4.6    25     7      
17/11/1982  1.1     2.8    21     13     
18/11/1982  0       1.8    16     10     
19/11/1982  0       4.4    21     4      
20/11/1982  0       3.7    22     2      
21/11/1982  0       3      24     5      
22/11/1982  0       3.9    24     2      
23/11/1982  0       3.9    21     3      
24/11/1982  0       2.7    13     3      
25/11/1982  4.5     1.4    9      4      
26/11/1982  0       0.4    15     4      
27/11/1982  0       1.3    19     0      
28/11/1982  0       2.1    17     0      
29/11/1982  0       3      20     -1     
30/11/1982  0       4.4    19     0      
01/12/1982  0       3.6    18     1      
02/12/1982  0       2.7    17     1      
03/12/1982  0       3      16     3      
04/12/1982  0       2.8    17     3      
05/12/1982  0       2.8    21     -3     
06/12/1982  0       2.9    17     -1     
07/12/1982  0       3      21     -1     
08/12/1982  0       1.4    14     0      
09/12/1982  0       1.8    17     3      
10/12/1982  0       2.9    18     5      
11/12/1982  0       3.6    16     6      
12/12/1982  0       2.5    14     -1     
13/12/1982  0       3.4    21     0      
14/12/1982  0       3.4    19     5      
15/12/1982  0       3.8    20     2      
16/12/1982  0       1.8    15     2      
17/12/1982  0       2      19     4      
18/12/1982  0       2.4    22     4      
19/12/1982  0       3.6    20     4      
20/12/1982  0       2.7    24     3      
21/12/1982  0       4.8    21     -2     
22/12/1982  0       2.4    21     1      
23/12/1982  0       2.5    19     1      
24/12/1982  0       3      10     0      
25/12/1982  0       2.7    16     -2     
26/12/1982  7.6     4.1    16     -3     
27/12/1982  0       1.2    10     -2     
28/12/1982  0       1.8    16     -7     
29/12/1982  0       4.7    14     -2     
30/12/1982  0       1.1    15     -2     
31/12/1982  0       4.7    12     2      
01/01/1983  0       0.8    11     0      
02/01/1983  0       1.5    10     -4     
03/01/1983  0       1.9    10     -4     
04/01/1983  0       2      17     -3     
05/01/1983  0       2.8    17     -2     
06/01/1983  0       2.6    15     -2     
07/01/1983  0       3      11     -2     
08/01/1983  0       2.1    20     -2     
09/01/1983  0       2.5    20     -2     
10/01/1983  0       2.5    18     -2     
11/01/1983  0       3.3    22     1      
12/01/1983  0       1      19     -2     
13/01/1983  0       1.5    19     2      
14/01/1983  15.8    1      18     1      
15/01/1983  0       0.6    19     -2     
16/01/1983  0       0.6    20     -2     
17/01/1983  1.1     2      16     -1     
18/01/1983  0       1.5    17     -1     
19/01/1983  0       3.2    16     3      
20/01/1983  5.4     0.6    14     2      
21/01/1983  0       0.9    12     0      
22/01/1983  0       2.1    12     -3     
23/01/1983  0       3.1    17     -2     
24/01/1983  0       3.3    17     -1     
25/01/1983  0       4.2    21     0      
26/01/1983  0       3.1    18     2      
27/01/1983  0       4      24     1      
28/01/1983  0       3.5    20     1      
29/01/1983  0       6.4    24     1      
30/01/1983  3.5     4.7    13     0      
31/01/1983  0       3.1    12     3      
01/02/1983  0       3.1    13     -2     
02/02/1983  0       3.1    16     -2     
03/02/1983  0       6.8    12     -2     
04/02/1983  10.7    2.6    15     2      
05/02/1983  0       3.1    20     3      
06/02/1983  0       2.8    18     2      
07/02/1983  0       3.8    19     0      
08/02/1983  0       3.3    20     -1     
09/02/1983  0       4.9    21     0      
10/02/1983  0       4      20     1      
11/02/1983  0       4.4    19     1      
12/02/1983  0       3.9    17     0      
13/02/1983  0       5.1    20     2      
14/02/1983  0       5.9    16     3      
15/02/1983  0       3.7    15     1      
16/02/1983  0       4.6    22     0      
17/02/1983  0       4.2    20     -2     
18/02/1983  0       6      24     3      
19/02/1983  0       5      20     2      
20/02/1983  0       6.3    23     1      
21/02/1983  0       5.9    20     0      
22/02/1983  0       4.3    22     1      
23/02/1983  0       5.3    22     1      
24/02/1983  0       5.4    20     1      
25/02/1983  0       3.9    19     2      
26/02/1983  0       4.7    20     3      
27/02/1983  0       4.9    21     3      
28/02/1983  0       3.7    22     2      
01/03/1983  0       2      14     2      
02/03/1983  0       3.1    18     2      
03/03/1983  18.8    2.1    11     1      
04/03/1983  1.6     2      12     2      
05/03/1983  0       4.6    15     2      
06/03/1983  0       5.5    21     1      
07/03/1983  0       4.1    23     3      
08/03/1983  0       5.2    22     3      
09/03/1983  0       5.4    23     3      
10/03/1983  0       5.8    25     4      
11/03/1983  0       5.7    25     5      
12/03/1983  25.5    4.8    20     4      
13/03/1983  0       4      20     2      
14/03/1983  0       5.6    24     5      
15/03/1983  0       6.3    19     7      
16/03/1983  0       4.8    18     5      
17/03/1983  0       6.3    25     1      
18/03/1983  0       9.6    23     2      
19/03/1983  0       5.6    20     1      
20/03/1983  0       6.2    23     1      
21/03/1983  0       7.2    26     3      
22/03/1983  0       8.1    22     4      
23/03/1983  0       5.8    24     4      
24/03/1983  0       6.6    25     3      
25/03/1983  0       9.2    15     5      
26/03/1983  0       7.1    23     4      
27/03/1983  0       8.2    23     2      
28/03/1983  0       5.6    24     4      
29/03/1983  0       7      23     5      
30/03/1983  0       8      21     5      
31/03/1983  0       7.3    26     4      
01/04/1983  0       9.7    28     7      
02/04/1983  0       7.1    26     7      
03/04/1983  0       9.7    26     7      
04/04/1983  0       11.6   26     7      
05/04/1983  0       8.2    27     9      
06/04/1983  0       6.7    19     7      
07/04/1983  0       4.4    15     10     
08/04/1983  0       6.3    15     4      
09/04/1983  0       6.4    17     2      
10/04/1983  0       8.1    26     2      
11/04/1983  0       5.7    16     3      
12/04/1983  0       4.9    14     4      
13/04/1983  0       4.9    21     2      
14/04/1983  0       6.7    25     2      
15/04/1983  0       7.3    27     3      
16/04/1983  0       5.2    24     5      
17/04/1983  0       9      29     6      
18/04/1983  0       9.6    31     11     
19/04/1983  0       9.7    29     6      
20/04/1983  0       12.2   25     8      
21/04/1983  0       10.4   24     10     
22/04/1983  0       9.9    29     7      
23/04/1983  0       7.5    29     7      
24/04/1983  0       9.5    30     8      
25/04/1983  0       8.8    30     9      
26/04/1983  0       8.8    28     6      
27/04/1983  0       9.1    30     8      
28/04/1983  0       9.8    32     9      
29/04/1983  0       10.6   28     9      
30/04/1983  0       9.7    27     13     
01/05/1983  0       11.4   30     9      
02/05/1983  0       13.3   30     12     
03/05/1983  0       9.4    22     8      
04/05/1983  0       10.3   29     7      
05/05/1983  0       11.2   32     13     
06/05/1983  0       10.6   32     13     
07/05/1983  0       9.6    30     12     
08/05/1983  0       12.1   31     12     
09/05/1983  0       11.9   32     13     
10/05/1983  0       9.8    25     11     
11/05/1983  0       12.3   29     7      
12/05/1983  0       9.5    25     9      
13/05/1983  0       13     30     9      
14/05/1983  0       12.3   29     13     
15/05/1983  0       7.9    30     8      
16/05/1983  0       10.5   33     8      
17/05/1983  0       10.1   30     14     
18/05/1983  0       10.8   32     10     
19/05/1983  0       10.7   28     12     
20/05/1983  0       10.2   29     7      
21/05/1983  0       9.3    27     8      
22/05/1983  0       9      32     8      
23/05/1983  0       9      34     10     
24/05/1983  10.2    10.1   30     16     
25/05/1983  1.4     7.4    31     11     
26/05/1983  0       7.1    29     14     
27/05/1983  0       4.5    28     14     
28/05/1983  0       7.8    29     14     
29/05/1983  0       8.8    28     13     
30/05/1983  0       8      30     14     
31/05/1983  0       8.8    26     15     
01/06/1983  0       7.3    32     14     
02/06/1983  0       8.3    31     15     
03/06/1983  0       7.4    30     18     
04/06/1983  0       8.3    32     16     
05/06/1983  0       10     32     15     
06/06/1983  0       8.6    30     14     
07/06/1983  0       9.2    32     14     
08/06/1983  0       9.8    34     16     
09/06/1983  0       8.7    34     16     
10/06/1983  0       11.2   36     17     
11/06/1983  0       9.9    35     18     
12/06/1983  0       10.8   34     17     
13/06/1983  0       10.5   31     17     
14/06/1983  0       2.1    34     17     
15/06/1983  2.5     13.4   31     15     
16/06/1983  0       7.7    31     14     
17/06/1983  1.2     9.1    33     15     
18/06/1983  0       10.7   35     18     
19/06/1983  0       11.2   36     17     
20/06/1983  0       9.1    36     18     
21/06/1983  0       10.4   34     16     
22/06/1983  22.4    7.5    34     16     
23/06/1983  4.4     4.4    27     15     
24/06/1983  0       7.2    29     15     
25/06/1983  0       9      26     15     
26/06/1983  0       7.9    33     16     
27/06/1983  0       7.7    34     17     
28/06/1983  0       8.2    32     15     
29/06/1983  0       10.1   30     16     
30/06/1983  1.5     6      34     17     
01/07/1983  0       8.1    30     15     
02/07/1983  0       7.2    34     15     
03/07/1983  0       7.4    35     17     
04/07/1983  0       8.9    34     17     
05/07/1983  0       8.2    24     18     
06/07/1983  4.7     4.7    22     17     
07/07/1983  0       6.4    26     17     
08/07/1983  0       8.1    32     16     
09/07/1983  8.1     4.4    25     16     
10/07/1983  5.6     1.9    25     13     
11/07/1983  0       6.6    30     12     
12/07/1983  0       8.4    30     14     
13/07/1983  0       6.3    30     16     
14/07/1983  6.5     7.3    32     16     
15/07/1983  1.1     4.7    30     17     
16/07/1983  1.3     3.3    28     18     
17/07/1983  0       6.8    32     16     
18/07/1983  11.4    3.5    29     18     
19/07/1983  0       5.3    30     16     
20/07/1983  17.8    2.2    27     16     
21/07/1983  0       6.1    30     16     
22/07/1983  0       8.1    29     16     
23/07/1983  0       7.4    31     17     
24/07/1983  0       5.5    33     17     
25/07/1983  0       4.2    29     15     
26/07/1983  3.4     5.7    32     16     
27/07/1983  1.3     3.7    29     18     
28/07/1983  2.1     4.8    32     14     
29/07/1983  0       2.9    30     16     
30/07/1983  10.2    9      28     15     
31/07/1983  0       3      32     15     
01/08/1983  0       6.7    31     18     
02/08/1983  0       5.9    32     16     
03/08/1983  0       6.1    30     15     
04/08/1983  1.4     6      29     17     
05/08/1983  10.6    6.9    30     16     
06/08/1983  1.8     3.4    27     15     
07/08/1983  13.4    4.6    19     16     
08/08/1983  8.1     0.8    22     9      
09/08/1983  14.9    2.7    24     12     
10/08/1983  2.3     3.6    26     16     
11/08/1983  1.4     7.2    29     17     
12/08/1983  0       5.3    26     17     
13/08/1983  0       4      25     16     
14/08/1983  15.4    2.4    27     17     
15/08/1983  10.9    1.4    24     16     
16/08/1983  21.7    3      25     16     
17/08/1983  0       5.2    30     15     
18/08/1983  0       6.4    29     15     
19/08/1983  0       4      28     16     
20/08/1983  1.3     4.6    30     17     
21/08/1983  0       1.7    30     17     
22/08/1983  5.9     2.5    31     16     
23/08/1983  19.7    7.7    29     14     
24/08/1983  1.2     4.7    31     15     
25/08/1983  0       6      30     12     
26/08/1983  1       4.7    27     13     
27/08/1983  0       2.5    29     13     
28/08/1983  2.7     6      25     15     
29/08/1983  2.9     4.8    24     14     
30/08/1983  35.2    1.7    25     15     
31/08/1983  0       3.7    26     16     
01/09/1983  0       5.8    28     14     
02/09/1983  0       4.8    29     13     
03/09/1983  0       6      27     13     
04/09/1983  0       5.5    27     13     
05/09/1983  0       5.2    27     13     
06/09/1983  0       4.9    27     16     
07/09/1983  0       5.9    28     17     
08/09/1983  0       5.8    29     15     
09/09/1983  0       5.3    30     15     
10/09/1983  1.3     3.9    26     15     
11/09/1983  0       4.8    25     14     
12/09/1983  0       3.9    29     13     
13/09/1983  1.8     4.8    22     15     
14/09/1983  1.7     2.5    27     13     
15/09/1983  14.2    3.8    29     15     
16/09/1983  8.4     4      26     16     
17/09/1983  0       3.7    27     15     
18/09/1983  0       5.5    28     15     
19/09/1983  0       5.3    30     16     
20/09/1983  26.3    5.6    26     15     
21/09/1983  0       4.9    24     16     
22/09/1983  0       4.3    27     13     
23/09/1983  0       4.5    28     12     
24/09/1983  0       5.1    25     12     
25/09/1983  0       5.4    28     13     
26/09/1983  0       6.1    27     12     
27/09/1983  1.1     3.6    27     14     
28/09/1983  0       4.5    26     13     
29/09/1983  10.9    2.8    22     13     
30/09/1983  1.3     2      27     13     
01/10/1983  7.4     3.7    24     14     
02/10/1983  0       4.1    28     11     
03/10/1983  0       2.9    26     14     
04/10/1983  1       4.4    25     13     
05/10/1983  13.5    3.7    19     13     
06/10/1983  1       4.7    29     13     
07/10/1983  0       4.7    27     13     
08/10/1983  0       4.8    25     12     
09/10/1983  0       5.2    27     12     
10/10/1983  0       4.7    28     12     
11/10/1983  0       6.9    29     11     
12/10/1983  0       4.3    23     10     
13/10/1983  0       4.6    26     7      
14/10/1983  0       3.7    27     9      
15/10/1983  0       5.3    27     8      
16/10/1983  0       4.9    28     8      
17/10/1983  0       4.2    28     9      
18/10/1983  10.1    2.3    26     10     
19/10/1983  7.4     1.5    16     10     
20/10/1983  0       3.5    18     10     
21/10/1983  0       5.9    24     10     
22/10/1983  0       4.2    23     9      
23/10/1983  0       3.5    26     10     
24/10/1983  0       3.4    27     8      
25/10/1983  1.1     2.7    22     9      
26/10/1983  2.5     0.7    17     9      
27/10/1983  10.3    1.7    19     10     
28/10/1983  2.1     2.9    20     8      
29/10/1983  0       3.9    23     8      
30/10/1983  0       2.8    25     10     
31/10/1983  0       4.3    26     8      
01/11/1983  0       4.5    25     8      
02/11/1983  1       3.7    27     8      
03/11/1983  7.9     1      19     10     
04/11/1983  0       4.3    19     10     
05/11/1983  0       3.3    23     9      
06/11/1983  0       3.4    22     5      
07/11/1983  0       3.2    23     4      
08/11/1983  0       3      23     5      
09/11/1983  0       3.1    22     5      
10/11/1983  0       3      23     4      
11/11/1983  0       4.1    19     5      
12/11/1983  0       1.5    24     5      
13/11/1983  0       4.6    25     4      
14/11/1983  0       2      27     4      
15/11/1983  0       3.2    24     3      
16/11/1983  0       2.3    26     3      
17/11/1983  0       3.5    23     2      
18/11/1983  0       3.8    24     2      
19/11/1983  0       4      23     3      
20/11/1983  0       2.8    25     2      
21/11/1983  2.3     4.6    22     3      
22/11/1983  0       3.6    10     4      
23/11/1983  0       3.4    20     4      
24/11/1983  0       4.4    18     1      
25/11/1983  0       5.3    15     1      
26/11/1983  0       4      17     1      
27/11/1983  0       3.7    20     0      
28/11/1983  0       4.2    22     -2     
29/11/1983  0       3      20     -2     
30/11/1983  0       3.5    23     -1     
01/12/1983  2.5     4.4    23     1      
02/12/1983  0       4.3    22     3      
03/12/1983  0       3.1    21     1      
04/12/1983  0       2.6    25     1      
05/12/1983  0       3.4    22     1      
06/12/1983  0       3.2    18     -1     
07/12/1983  0       2.8    25     -2     
08/12/1983  0       3      25     -1     
09/12/1983  0       2.1    20     -1     
10/12/1983  0       3.1    23     -2     
11/12/1983  0       3.3    26     -1     
12/12/1983  0       4.7    21     -1     
13/12/1983  0       3.6    21     3      
14/12/1983  0       1.6    22     5      
15/12/1983  0       5.3    22     0      
16/12/1983  0       2.9    24     1      
17/12/1983  0       3.9    20     1      
18/12/1983  0       3.9    20     -1     
19/12/1983  0       Nulo   Nulo   Nulo   
01/01/1984  0       Nulo   Nulo   Nulo   
02/01/1984  0       Nulo   Nulo   Nulo   
03/01/1984  0       Nulo   Nulo   Nulo   
04/01/1984  0       Nulo   14     Nulo   
05/01/1984  0       Nulo   20     -3     
06/01/1984  0       Nulo   15     2      
07/01/1984  0       Nulo   19     5      
08/01/1984  0       Nulo   19     2      
09/01/1984  0       Nulo   18     0      
10/01/1984  0       Nulo   7      0      
11/01/1984  0       Nulo   12     -5     
12/01/1984  0       Nulo   17     -3     
13/01/1984  0       Nulo   15     -1     
14/01/1984  0       Nulo   18     -2     
15/01/1984  0       Nulo   20     -1     
16/01/1984  0       Nulo   18     -1     
17/01/1984  0       Nulo   19     0      
18/01/1984  0       Nulo   18     0      
19/01/1984  0       Nulo   18     -2     
20/01/1984  0       Nulo   17     -1     
21/01/1984  0       Nulo   20     -1     
22/01/1984  0       Nulo   21     -2     
23/01/1984  0       Nulo   20     -1     
24/01/1984  3.1     Nulo   13     -2     
25/01/1984  0       Nulo   10     -1     
26/01/1984  0       Nulo   19     -4     
27/01/1984  0       Nulo   18     -3     
28/01/1984  0       Nulo   13     -1     
29/01/1984  29.2    Nulo   20     -1     
30/01/1984  17.4    Nulo   8      -2     
31/01/1984  0       Nulo   12     2      
01/02/1984  0       1.9    14     3      
02/02/1984  0       2.8    10     0      
03/02/1984  0       3.6    20     1      
04/02/1984  0       2      15     2      
05/02/1984  0       1.7    13     2      
06/02/1984  0       3      15     2      
07/02/1984  0       2      17     -1     
08/02/1984  0       4.5    20     0      
09/02/1984  0       3.4    17     1      
10/02/1984  0       3.2    10     1      
11/02/1984  0       3.7    21     0      
12/02/1984  0       2.1    19     2      
13/02/1984  0       4      22     2      
14/02/1984  0       4.4    22     0      
15/02/1984  0       0.7    20     2      
16/02/1984  0       0.5    23     1      
17/02/1984  0       6.8    22     2      
18/02/1984  0       5      23     1      
19/02/1984  0       5      20     2      
20/02/1984  0       4.9    19     1      
21/02/1984  0       4.9    20     -1     
22/02/1984  0       3.6    20     -1     
23/02/1984  0       4.7    20     -1     
24/02/1984  0       4.4    20     -2     
25/02/1984  0       6.9    22     -1.5   
26/02/1984  0       6.6    20     -1     
27/02/1984  0       9      10     0      
28/02/1984  0       1      10     -3     
29/02/1984  Nulo    8.8    10     -2     
01/03/1984  0       4.9    21     -2     
02/03/1984  0       4      22     -2     
03/03/1984  0       5.3    19     -1     
04/03/1984  0       4.2    18     -1     
05/03/1984  0       3.9    19     -3     
06/03/1984  0       3.4    22     -2     
07/03/1984  0       4.6    21     -2     
08/03/1984  0       5      24     1      
09/03/1984  0       4.6    23     1      
10/03/1984  0       6      23     3      
11/03/1984  0       7.1    24     2      
12/03/1984  0       7.6    24     3      
13/03/1984  0       6      26     3      
14/03/1984  0       7.6    25     3      
15/03/1984  0       7.5    26     3      
16/03/1984  0       8      24     2      
17/03/1984  0       7      27     3      
18/03/1984  0       6.7    27     4      
19/03/1984  0       8.2    28     3      
20/03/1984  0       6.8    25     4      
21/03/1984  0       7.5    24     4      
22/03/1984  0       7.5    24     5      
23/03/1984  0       6      23     2      
24/03/1984  0       6      23     4      
25/03/1984  0       8.2    25     3      
26/03/1984  0       7.5    16     3      
27/03/1984  0       8.7    26     6      
28/03/1984  0       7.7    27     6      
29/03/1984  Nulo    5.5    20     5      
30/03/1984  0       7.2    24     5      
31/03/1984  0       8.2    28     7      
01/04/1984  0       9.1    24     10     
02/04/1984  0       8.1    22     7      
03/04/1984  0       7.4    25     3      
04/04/1984  0       6.8    26     3      
05/04/1984  0       8.3    26     5      
06/04/1984  0       11.3   20     8      
07/04/1984  0       5.6    22     7      
08/04/1984  0       8.2    26     5      
09/04/1984  0       8.6    27     4      
10/04/1984  0       8.4    29     7      
11/04/1984  0       8.5    30     8      
12/04/1984  0       8      27     9      
13/04/1984  0       8.4    28     8      
14/04/1984  0       7.6    27     6      
15/04/1984  0       8.3    29     5      
16/04/1984  0       8.4    26     8      
17/04/1984  0       7.6    25     9      
18/04/1984  0       8.6    25     7      
19/04/1984  0       9.2    28     5      
20/04/1984  0       11.2   22     9      
21/04/1984  0       7      29     9      
22/04/1984  0       8.6    27     6      
23/04/1984  0       8.1    30     7      
24/04/1984  0       10.2   28     6      
25/04/1984  0       10     22     10     
26/04/1984  0       10     24     10     
27/04/1984  0       12     25     13     
28/04/1984  0       11.7   25     11     
29/04/1984  0       9      25     13     
30/04/1984  0       9.4    27     8      
01/05/1984  0       9.6    26     10     
02/05/1984  0       9.8    27     8      
03/05/1984  0       8.8    30     10     
04/05/1984  0       7.5    29     12     
05/05/1984  0       7.6    30     11     
06/05/1984  0       7.7    30     12     
07/05/1984  0       8.1    29     10     
08/05/1984  7.8     13.8   24     11     
09/05/1984  0       7.9    31     9      
10/05/1984  0       8.9    31     11     
11/05/1984  Nulo    4.1    28     13     
12/05/1984  Nulo    5.1    20     10     
13/05/1984  0       7.9    31     12     
14/05/1984  0       4.8    26     12     
15/05/1984  2.1     2.6    26     13     
16/05/1984  6.1     5.3    24     13     
17/05/1984  0       5      22     10     
18/05/1984  0       8.4    28     9      
19/05/1984  2.8     7.7    26     13     
20/05/1984  0       8.5    29     10     
21/05/1984  0       8.3    32     13     
22/05/1984  0       8.9    32     13     
23/05/1984  0       9.7    34     15     
24/05/1984  0       8.3    28     17     
25/05/1984  0       8.6    30     13     
26/05/1984  0       7.9    31     15     
27/05/1984  0       8      33     13     
28/05/1984  2.4     7.8    25     13     
29/05/1984  0       4.8    24     13     
30/05/1984  0       8.7    28     12     
31/05/1984  0       0.8    31     12     
01/06/1984  0       5.4    28     12     
02/06/1984  28.3    9.5    20     16     
03/06/1984  0       6.9    26     12     
04/06/1984  0       8      27     12     
05/06/1984  0       8.4    30     12     
06/06/1984  0       7.2    32     15     
07/06/1984  0       7.4    35     14     
08/06/1984  0       8.9    35     15     
09/06/1984  4.1     8.5    27     15     
10/06/1984  Nulo    7      33     11     
11/06/1984  Nulo    7      27     15     
12/06/1984  2.8     6.2    30     15     
13/06/1984  4       5.8    29     15     
14/06/1984  Nulo    3.9    29     15     
15/06/1984  2.1     7.9    27     16     
16/06/1984  19.8    3.8    27     17     
17/06/1984  0       Nulo   Nulo   16     
18/06/1984  0       Nulo   Nulo   Nulo   
19/06/1984  0       Nulo   Nulo   Nulo   
20/06/1984  0       Nulo   Nulo   Nulo   
21/06/1984  0       Nulo   Nulo   Nulo   
22/06/1984  0       Nulo   Nulo   Nulo   
23/06/1984  0       Nulo   Nulo   Nulo   
24/06/1984  0       Nulo   Nulo   Nulo   
25/06/1984  0       Nulo   Nulo   Nulo   
26/06/1984  0       Nulo   Nulo   Nulo   
27/06/1984  0       Nulo   Nulo   Nulo   
28/06/1984  0       Nulo   Nulo   Nulo   
29/06/1984  0       Nulo   Nulo   Nulo   
30/06/1984  0       Nulo   Nulo   Nulo   
01/07/1984  0       Nulo   Nulo   Nulo   
02/07/1984  0       Nulo   Nulo   Nulo   
03/07/1984  0       Nulo   Nulo   Nulo   
04/07/1984  0       Nulo   Nulo   Nulo   
05/07/1984  0       Nulo   Nulo   Nulo   
06/07/1984  0       Nulo   Nulo   Nulo   
07/07/1984  0       Nulo   Nulo   Nulo   
08/07/1984  0       Nulo   Nulo   Nulo   
09/07/1984  0       Nulo   Nulo   Nulo   
10/07/1984  0       Nulo   Nulo   Nulo   
11/07/1984  0       Nulo   Nulo   Nulo   
12/07/1984  0       Nulo   Nulo   Nulo   
13/07/1984  0       Nulo   Nulo   Nulo   
14/07/1984  0       Nulo   Nulo   Nulo   
15/07/1984  0       Nulo   Nulo   Nulo   
16/07/1984  0       Nulo   Nulo   Nulo   
17/07/1984  0       Nulo   Nulo   Nulo   
18/07/1984  0       Nulo   Nulo   Nulo   
19/07/1984  0       Nulo   Nulo   Nulo   
20/07/1984  0       Nulo   Nulo   Nulo   
21/07/1984  0       Nulo   Nulo   Nulo   
22/07/1984  0       Nulo   Nulo   Nulo   
23/07/1984  0       Nulo   Nulo   Nulo   
24/07/1984  0       Nulo   Nulo   Nulo   
25/07/1984  19.8    Nulo   24     Nulo   
26/07/1984  1       Nulo   26     13     
27/07/1984  7.8     Nulo   25     14     
28/07/1984  6.4     Nulo   22     13     
29/07/1984  Nulo    Nulo   23     13     
30/07/1984  0       Nulo   23     13     
31/07/1984  0       Nulo   25     13     
01/08/1984  0       6.8    28     13     
02/08/1984  0       4.8    30     14     
03/08/1984  0       4.9    27     15     
04/08/1984  0       5.4    29     16     
05/08/1984  0       4.8    30     16     
06/08/1984  Nulo    4.7    25     15     
07/08/1984  Nulo    3.3    25     14     
08/08/1984  4       1.2    24     15     
09/08/1984  15.9    1.2    25     16     
10/08/1984  3.1     4.7    27     16     
11/08/1984  Nulo    2.1    23     13     
12/08/1984  0       0.8    28     16     
13/08/1984  19.8    1      25     15     
14/08/1984  1.4     2.6    25     15     
15/08/1984  0       3.3    25     14     
16/08/1984  1.2     4.5    25     13     
17/08/1984  11.3    3.2    24     17     
18/08/1984  27.3    4.5    28     15     
19/08/1984  1.4     2.2    24     15     
20/08/1984  Nulo    1.9    25     13     
21/08/1984  Nulo    2.2    27     12     
22/08/1984  1.4     4.1    26     13     
23/08/1984  10.5    1.5    23     13     
24/08/1984  0       3.4    27     15     
25/08/1984  Nulo    3.4    26     15     
26/08/1984  0       5.7    26     14     
27/08/1984  0       4.4    27     13     
28/08/1984  0       6.6    27     15     
29/08/1984  0       4.4    28     13     
30/08/1984  1.2     5.5    27     14     
31/08/1984  2.5     3      28     13     
01/09/1984  12.2    4.6    27     14     
02/09/1984  5.5     3.9    25     12     
03/09/1984  31      3.8    24     14     
04/09/1984  1       3.7    22     16     
05/09/1984  0       3.4    29     14     
06/09/1984  0       2.8    24     10     
07/09/1984  6.8     1      24     11     
08/09/1984  15.8    4.2    28     15     
09/09/1984  0       3.6    27     14     
10/09/1984  0       6.4    29     13     
11/09/1984  0       7.2    29     11     
12/09/1984  0       5.4    27     12     
13/09/1984  0       2.1    23     14     
14/09/1984  0       1.6    26     15     
15/09/1984  0       2.7    25     13     
16/09/1984  0       3.5    23     11     
17/09/1984  0       3.3    23     11     
18/09/1984  0       3.9    24     10     
19/09/1984  0       4.7    25     9      
20/09/1984  0       5.1    25     7      
21/09/1984  0       5      26     7      
22/09/1984  0       6.5    28     7      
23/09/1984  1.5     5.4    29     8      
24/09/1984  2       2.3    29     7      
25/09/1984  0       6      30     13     
26/09/1984  1       3.6    29     13     
27/09/1984  5.5     4.4    28     14     
28/09/1984  0       3.6    29     14     
29/09/1984  0       4.9    30     13     
30/09/1984  0       5.5    27     12     
01/10/1984  0       2.4    26     11     
02/10/1984  8.5     1.2    25     10     
03/10/1984  0       5.4    23     12     
04/10/1984  0       2.1    25     10     
05/10/1984  0       4.1    27     9      
06/10/1984  0       3.8    26     9      
07/10/1984  0       3.5    26     11     
08/10/1984  0       4.2    30     7      
09/10/1984  0       5.8    28     7      
10/10/1984  2.2     2.4    27     7      
11/10/1984  0       3.3    26     8      
12/10/1984  0       6.2    27     8      
13/10/1984  0       4.4    25     7      
14/10/1984  0       4.7    26     9      
15/10/1984  3.2     5.9    28     8      
16/10/1984  0       4.3    26     8      
17/10/1984  0       5.4    28     8      
18/10/1984  0       3      28     6      
19/10/1984  0       6      28     8      
20/10/1984  0       4.6    21     9      
21/10/1984  0       4.6    24     7      
22/10/1984  0       5      25     6      
23/10/1984  0       4.3    25     4      
24/10/1984  0       4.3    21     5      
25/10/1984  0       5.5    21     7      
26/10/1984  0       4.7    22     9      
27/10/1984  0       4.9    25     3      
28/10/1984  0       3.3    25     4      
29/10/1984  0       4.2    27     3      
30/10/1984  0       4.5    29     3      
31/10/1984  0       3.6    29     5      
01/11/1984  0       5.3    28     7      
02/11/1984  0       2.7    26     7      
03/11/1984  0       4.5    29     5      
04/11/1984  0       5.4    23     3      
05/11/1984  0       3.1    27     3      
06/11/1984  0       4.1    29     2      
07/11/1984  0       4.3    28     5      
08/11/1984  0       3.8    28     4      
09/11/1984  0       5      27     4      
10/11/1984  0       4      23     3      
11/11/1984  0       3.4    25     2      
12/11/1984  0       3.7    26     4      
13/11/1984  0       4.6    27     4      
14/11/1984  0       3.2    26     4      
15/11/1984  0       2.9    25     4      
16/11/1984  0       5.8    25     3      
17/11/1984  0       4.9    17     2      
18/11/1984  0       3.4    20     3      
19/11/1984  0       3      19     0      
20/11/1984  0       3      21     0      
21/11/1984  0       1.9    16     0      
22/11/1984  0       2      18     0      
23/11/1984  7       2.5    20     3      
24/11/1984  0       3.3    16     1      
25/11/1984  0       1.6    20     0      
26/11/1984  0       3.5    20     0      
27/11/1984  0       4.7    13     0      
28/11/1984  0       3.9    23     -2     
29/11/1984  0       3.7    21     -2     
30/11/1984  0       3.7    20     0      
--------------------------------------
