CNA-SMN-CG-GMC-SMAA-CLIMATOLOGIA
BASE DE DATOS CLIMATOLOGICA
DATOS DISPONIBLES EN LA BASE DE DATOS A AGOSTO 2022

ESTACION  : 3140
NOMBRE    : SAN JUAN DE LA COSTA
ESTADO    : BAJA CALIFORNIA SUR
MUNICIPIO : LA PAZ
SITUACION : SUSPENDIDA
ORGANISMO : CONAGUA-DGE
CVE-OMM   : Nulo
LATITUD   : 024.375°
LONGITUD  : -110.692°
ALTITUD   : 30 msnm

EMISIÓN   : 16/08/2022

            PRECIP  EVAP   TMAX   TMIN   
  Fecha     (MM)    (MM)   (°C)   (°C)   
01/06/1978  0       4.2    29     17     
02/06/1978  0       9.5    30     21     
03/06/1978  0       10.2   31     20     
04/06/1978  0       9.6    29     17     
05/06/1978  0       10.4   36     15     
06/06/1978  0       8.2    30     21     
07/06/1978  0       9.7    35     20     
08/06/1978  0       9.2    38     24     
09/06/1978  0       6.2    35     20     
10/06/1978  0       12.2   32     19     
11/06/1978  0       10.1   34     21     
12/06/1978  0       6.1    39     19     
13/06/1978  0       10     36     22     
14/06/1978  0       12.4   37     22     
15/06/1978  0       10.1   37     22     
16/06/1978  0       11.3   34     21     
17/06/1978  0       8.9    34     22     
18/06/1978  0       7.1    35     21     
19/06/1978  0       11.4   32     22     
20/06/1978  0       9.8    34     20     
21/06/1978  0       10.1   39     22     
22/06/1978  0       9.1    38     25     
23/06/1978  0       9.1    36     26     
24/06/1978  0       12     36     24     
25/06/1978  0       10.2   37     23     
26/06/1978  0       12.9   38     24     
27/06/1978  0       13.5   34     24     
28/06/1978  0       9.5    33     23     
29/06/1978  0       10.1   33     23     
30/06/1978  0       14.2   35     24     
01/07/1978  0       14.4   35     23     
02/07/1978  0       8.6    31     24     
03/07/1978  0       14.3   33     25     
04/07/1978  0       12.1   35     25     
05/07/1978  0       9.2    33     25     
06/07/1978  0       10.1   32     25     
07/07/1978  0       11.1   35     25     
08/07/1978  0       10.2   36     27     
09/07/1978  0       13.4   38     28     
10/07/1978  0       14.7   34     25     
11/07/1978  0       12.4   34     25     
12/07/1978  0       9.2    35     27     
13/07/1978  0       14.2   35     26     
14/07/1978  0       15.8   36     27     
15/07/1978  0       6.2    33     25     
16/07/1978  0       14.2   33     25     
17/07/1978  0       10.1   37     26     
18/07/1978  0       10     38     27     
19/07/1978  0       3.2    35     27     
20/07/1978  0       5.2    32     25     
21/07/1978  0       6.9    31     25     
22/07/1978  0       6.1    33     25     
23/07/1978  0       4.2    35     28     
24/07/1978  0       7.1    33     25     
25/07/1978  0       10.1   33     26     
26/07/1978  0       11.1   32     26     
27/07/1978  0       8.2    38     25     
28/07/1978  0       8.1    33     27     
29/07/1978  0       10.1   32     25     
30/07/1978  0       5.1    31     24     
31/07/1978  0       8.2    33     24     
01/08/1978  0       6.2    34     24     
02/08/1978  0       11.1   33     23     
03/08/1978  0       9.2    40     22     
04/08/1978  0       9.4    31     23     
05/08/1978  0       7.4    32     27     
06/08/1978  0       9.1    34     24     
07/08/1978  0       6.1    35     25     
08/08/1978  0       8.3    35     25     
09/08/1978  0       10.9   34     20     
10/08/1978  0       8.1    33     25     
11/08/1978  0       9.1    35     25     
12/08/1978  0       7.1    33     25     
13/08/1978  0       7      35     26     
14/08/1978  0       10.2   35     25     
15/08/1978  0       6.1    34     24     
16/08/1978  0       9.2    39     25     
17/08/1978  0       11.1   34     25     
18/08/1978  0       9.1    30.1   26     
19/08/1978  0       9.9    35     26     
20/08/1978  0       10.1   36     27     
21/08/1978  0       8.1    30     26     
22/08/1978  0       9.1    38     26     
23/08/1978  0       11.1   34     24     
24/08/1978  0       12.1   35     27     
25/08/1978  0       8.1    35     26     
26/08/1978  0       10.1   35     26     
27/08/1978  0       6.1    36     26     
28/08/1978  0       9.1    36     26     
29/08/1978  0       11.1   35     26     
30/08/1978  0       12.1   34     25     
31/08/1978  0       11.1   34     25     
01/09/1978  0       11.1   34     24     
02/09/1978  0       4.1    33     26     
03/09/1978  0       8.1    32     24     
04/09/1978  0       9.1    35     25     
05/09/1978  0       10.9   33     23     
06/09/1978  0       11.3   33     22     
07/09/1978  0       9.1    32     23     
08/09/1978  0       8.1    33     24     
09/09/1978  0       6.1    33     23     
10/09/1978  0       9.1    33     21     
11/09/1978  0       5      34     23     
12/09/1978  0       5.1    34     20     
13/09/1978  0       4      30     18     
14/09/1978  0       6      35     22     
15/09/1978  0       4.1    32     22     
16/09/1978  0       6      35     20     
17/09/1978  0       7.1    35     20     
18/09/1978  0       8.1    31     21     
19/09/1978  0       10.1   31     22     
20/09/1978  0       7.1    32     21     
21/09/1978  0       9.1    33     24     
22/09/1978  0       7.1    32     23     
23/09/1978  0       7      33     21     
24/09/1978  0       7.1    34     24     
25/09/1978  20      2.9    35     23     
26/09/1978  14      4.9    30     25     
27/09/1978  8       6.9    30     21     
28/09/1978  12      3.4    31     24     
29/09/1978  9       5.1    31     23     
30/09/1978  0       6.8    34     22     
01/10/1978  0       7.9    32     21     
02/10/1978  0       10.7   33     23     
03/10/1978  0       8.6    33     20     
04/10/1978  0       10.2   34     20     
05/10/1978  0       6.1    31     21     
06/10/1978  0       3.1    32     26     
07/10/1978  0       7.1    32     22     
08/10/1978  0       7.2    31     25     
09/10/1978  0       7.1    32     24     
10/10/1978  0       5.9    33     23     
11/10/1978  0       9.1    33     22     
12/10/1978  0       10.1   37     24     
13/10/1978  0       11.1   34     23     
14/10/1978  0       5.1    36     24     
15/10/1978  0       5.1    36     23     
16/10/1978  0       7.1    37     23     
17/10/1978  0       8.1    32     24     
18/10/1978  0       5.1    31     24     
19/10/1978  0       5.1    34     24     
20/10/1978  12      7.4    34     20     
21/10/1978  0       4.9    32     20     
22/10/1978  0       5.1    30     18     
23/10/1978  0       4.5    29     17     
24/10/1978  0       3.1    29     18     
25/10/1978  0       5.1    27     20     
26/10/1978  0       5.1    29     17     
27/10/1978  0       4.1    28     17     
28/10/1978  0       5.1    30     20     
29/10/1978  0       6.1    30     21     
30/10/1978  0       2      29     17     
31/10/1978  0       4.1    27     16     
01/11/1978  0       6.1    29     15     
02/11/1978  0       6.9    31     12     
03/11/1978  0       3      30     12     
04/11/1978  0       6      30     19     
05/11/1978  0       6.6    28     15     
06/11/1978  0       3.1    28     18     
07/11/1978  0       3.1    29     19     
08/11/1978  0       5.1    30     19     
09/11/1978  0       5.2    30     20     
10/11/1978  0       4.1    28     20     
11/11/1978  0       6.1    28     19     
12/11/1978  0       7.9    29     18     
13/11/1978  0       6.1    28     19     
14/11/1978  0       8.1    27     18     
15/11/1978  0       6.4    25     18     
16/11/1978  0       6.6    24     16     
17/11/1978  0       3      25     17     
18/11/1978  0       4.1    25     18     
19/11/1978  0       5.1    25     17     
20/11/1978  0       5.1    26     16     
21/11/1978  0       5.1    33     15     
22/11/1978  0       5.1    29     17     
23/11/1978  0       4.1    27     19     
24/11/1978  0       7.1    28     20     
25/11/1978  0       2      26     17     
26/11/1978  0       8.1    25     16     
27/11/1978  0       5.1    23     14     
28/11/1978  0       6.1    23     16     
29/11/1978  0       5.1    25     16     
30/11/1978  0       1      23     15     
01/12/1978  0       6.1    25     16     
02/12/1978  0       4.1    26     16     
03/12/1978  0       4      28     18     
04/12/1978  0       5.5    28     11     
05/12/1978  0       4.5    25     13     
06/12/1978  0       5.1    23     14     
07/12/1978  0       4.1    22     13     
08/12/1978  0       5.1    23     12     
09/12/1978  0       5.1    22     14     
10/12/1978  0       5.7    20     12     
11/12/1978  0       4.1    21     14     
12/12/1978  0       4.2    23     14     
13/12/1978  5       8.1    23     13     
14/12/1978  0       4.1    23     17     
15/12/1978  0       4.1    25     15     
16/12/1978  0       3      25     16     
17/12/1978  0       4.1    26     16     
18/12/1978  0       2      28     18     
19/12/1978  0       4.1    26     20     
20/12/1978  0       7      24     18     
21/12/1978  0       4.1    25     13     
22/12/1978  0       1.5    20.1   12     
23/12/1978  0       1.5    20     10     
24/12/1978  0       1.9    21     12     
25/12/1978  0       2      22     13     
26/12/1978  0       5.1    21     11     
27/12/1978  0       3      21     13     
28/12/1978  0       4.1    23     14     
29/12/1978  0       2      22     13     
30/12/1978  0       1.7    24     12     
31/12/1978  0       2.3    23     13     
01/01/1979  0       7.1    20     11     
02/01/1979  0       4.2    21     10     
03/01/1979  0       3.9    20     9      
04/01/1979  0       3      21     12     
05/01/1979  0       2      23     11     
06/01/1979  0       5.1    27     12     
07/01/1979  0       4.1    22     13     
08/01/1979  0       3      21     12     
09/01/1979  0       2      21     13     
10/01/1979  0       5.1    20     12     
11/01/1979  0       4.1    20     10     
12/01/1979  0       2      23     11     
13/01/1979  0       3      22     12     
14/01/1979  0       3.2    22     12     
15/01/1979  0       2.2    25     13     
16/01/1979  2       3.5    22     11     
17/01/1979  13      4      24     16     
18/01/1979  0       3.9    20     10     
19/01/1979  0       4      25     14     
20/01/1979  0       3.5    20.1   15     
21/01/1979  0       4.7    24     11     
22/01/1979  0       3.9    22     10     
23/01/1979  16      2.2    21     12     
24/01/1979  30      1.3    21     13     
25/01/1979  0       5.1    21     14     
26/01/1979  0       1      19     15     
27/01/1979  0       1      17     14     
28/01/1979  0       3      17     10     
29/01/1979  0       1.5    20     11     
30/01/1979  0       2.5    18     11     
31/01/1979  0       3      20     10     
01/02/1979  0       2.1    20     12     
02/02/1979  0       2.8    20     13     
03/02/1979  11.5    1      17     12     
04/02/1979  2       1.4    16     11     
05/02/1979  0       2      19     10     
06/02/1979  0       3      17     9      
07/02/1979  0       1.3    20     10     
08/02/1979  0       4.1    21     11     
09/02/1979  0       4.1    23     10     
10/02/1979  0       4.1    23     11     
11/02/1979  0       4.1    23     12     
12/02/1979  0       5.1    24     13     
13/02/1979  0       3.7    26     13     
14/02/1979  0       1.3    21     11     
15/02/1979  0       1.9    27     12     
16/02/1979  0       4.1    25     15     
17/02/1979  0       3      22     14     
18/02/1979  0       2      23     12     
19/02/1979  0       4      24     11     
20/02/1979  0       4.1    24     12     
21/02/1979  0       5.1    28     11     
22/02/1979  0       6.1    23     14     
23/02/1979  0       4.1    22     14     
24/02/1979  0       5.1    23     12     
25/02/1979  0       5.2    23     13     
26/02/1979  0       4      25     12     
27/02/1979  0       6.1    22     12     
28/02/1979  0       7.1    22     11     
01/03/1979  0       3      23     12     
02/03/1979  0       5.1    25     15     
03/03/1979  0       6.1    20     10     
04/03/1979  0       4.3    24     10     
05/03/1979  0       9.1    24     12     
06/03/1979  0       6.1    23     15     
07/03/1979  0       9.1    22     14     
08/03/1979  0       5.1    27     12     
09/03/1979  0       4.1    29     12     
10/03/1979  0       2      25     19     
11/03/1979  0       5.1    25     15     
12/03/1979  0       4.1    27     17     
13/03/1979  0       6.1    30     18     
14/03/1979  0       5.1    25     15     
15/03/1979  0       6.1    22     14     
16/03/1979  0       3.8    27     15     
17/03/1979  0       7.1    27     13     
18/03/1979  0       7.1    22     13     
19/03/1979  0       7.1    24     13     
20/03/1979  0       7.1    25     15     
21/03/1979  0       6.1    25     14     
22/03/1979  0       5.3    22     15     
23/03/1979  0       4.7    23     15     
24/03/1979  0       6.1    24     16     
25/03/1979  0       5.1    26     14     
26/03/1979  0       6.1    25     15     
27/03/1979  0       4.1    28     15     
28/03/1979  0       8.1    30     18     
29/03/1979  0       5.1    25     16     
30/03/1979  0       7.1    22     14     
31/03/1979  0       6.1    25     13     
01/04/1979  0       8.1    25     13     
02/04/1979  0       6.1    26     16     
03/04/1979  0       6.2    27     15     
04/04/1979  0       8.1    27     14     
05/04/1979  0       6.1    27     15     
06/04/1979  0       6.1    29     15     
07/04/1979  0       7.1    27     17     
08/04/1979  0       9.1    30     18     
09/04/1979  0       7.1    25     16     
10/04/1979  0       8.1    30     16     
11/04/1979  0       7.1    27     15     
12/04/1979  0       4.8    25     15     
13/04/1979  0       6.1    27     14     
14/04/1979  0       7.1    30     14     
15/04/1979  0       6.1    31     12     
16/04/1979  0       9.1    31     16     
17/04/1979  0       8.1    31     15     
18/04/1979  0       5.1    27     15     
19/04/1979  0       8.1    25     14     
20/04/1979  0       7.1    29     14     
21/04/1979  0       7.1    28     15     
22/04/1979  0       7.1    28     18     
23/04/1979  0       8.2    30     20     
24/04/1979  0       6.1    28     19     
25/04/1979  0       8.1    30     16     
26/04/1979  0       9.1    32     17     
27/04/1979  0       7.1    31     17     
28/04/1979  0       10.7   35     20     
29/04/1979  0       11.6   32     17     
30/04/1979  0       9.9    32     20     
01/05/1979  0       9.1    29     17     
02/05/1979  0       13.1   29     16     
03/05/1979  0       5.1    33     18     
04/05/1979  0       8.1    29     15     
05/05/1979  0       5.1    26     19     
06/05/1979  0       10.4   22     15     
07/05/1979  0       9.3    34     14     
08/05/1979  0       10.1   29     22     
09/05/1979  0       10.1   26     15     
10/05/1979  0       6.1    25     15     
11/05/1979  0       5.1    26     17     
12/05/1979  0       8.1    32     15     
13/05/1979  0       4.1    30     20     
14/05/1979  0       7.3    30     24     
15/05/1979  0       8.1    29     18     
16/05/1979  0       5.1    29     18     
17/05/1979  0       9.1    28     18     
18/05/1979  13.5    3.5    22     18     
19/05/1979  0       8.1    29     15     
20/05/1979  0       7.1    25     16     
21/05/1979  0       6.1    31     17     
22/05/1979  0       10.1   31     18     
23/05/1979  0       9.1    32     18     
24/05/1979  0       8.1    33     17     
25/05/1979  0       7.7    31     15     
26/05/1979  0       10.1   29     16     
27/05/1979  0       13     30     18     
28/05/1979  0       6.1    29     15     
29/05/1979  0       7.1    29     17     
30/05/1979  0       11.1   30     17     
31/05/1979  0       9.4    32     17     
01/06/1979  0       9.1    30     14     
02/06/1979  0       10.1   32     22     
03/06/1979  0       10.1   32     21     
04/06/1979  0       9.1    32     13     
05/06/1979  0       11.1   30     17     
06/06/1979  0       12.1   30     18     
07/06/1979  0       9.1    27     18     
08/06/1979  0       6.4    27     17     
09/06/1979  0       9.1    24     17     
10/06/1979  0       7.1    30     19     
11/06/1979  0       9.1    34     17     
12/06/1979  0       6      36     22     
13/06/1979  0       8.1    33     23     
14/06/1979  0       7.1    34     22     
15/06/1979  0       9      30     22     
16/06/1979  0       6.4    35     20     
17/06/1979  0       7.1    30     23     
18/06/1979  0       6.1    30     20     
19/06/1979  0       8.1    30     19     
20/06/1979  0       6.9    33     20     
21/06/1979  0       9      35     22     
22/06/1979  0       9.1    34     23     
23/06/1979  0       6      35     21     
24/06/1979  0       8.1    35     23     
25/06/1979  0       7      35     22     
26/06/1979  0       8.1    32     24     
27/06/1979  0       10.1   33     25     
28/06/1979  0       10     35     23     
29/06/1979  0       10.1   36     25     
30/06/1979  0       10.1   33     22     
01/07/1979  0       8.6    33     20     
02/07/1979  0       5.1    35     22     
03/07/1979  0       7.1    34     21     
04/07/1979  0       8.1    33     22     
05/07/1979  0       13     37     23     
06/07/1979  0       9      37     25     
07/07/1979  0       10.1   34     25     
08/07/1979  0       8.1    35     26     
09/07/1979  0       13.1   35     27     
10/07/1979  0       12     33     23     
11/07/1979  0       11     34     23     
12/07/1979  0       8.2    38     22     
13/07/1979  0       10.9   35     23     
14/07/1979  0       7.7    34     22     
15/07/1979  0       9      34     23     
16/07/1979  0       12.1   33     25     
17/07/1979  0       8      35     25     
18/07/1979  0       8.1    35     26     
19/07/1979  0       8.4    35     24     
20/07/1979  0       9.7    33     25     
21/07/1979  0       10.1   35     26     
22/07/1979  0       11     35     26     
23/07/1979  0       8.1    37     22     
24/07/1979  0       10.9   36     25     
25/07/1979  0       10.1   34     25     
26/07/1979  0       10.6   35     26     
27/07/1979  0       10.9   36     25     
28/07/1979  0       9.9    32     25     
29/07/1979  5       4.3    30     24     
30/07/1979  0       5      29     23     
31/07/1979  0       3      35     23     
01/08/1979  0       9.9    34     25     
02/08/1979  0       6.4    33     23     
03/08/1979  0       6.2    40     22     
04/08/1979  0       11.1   31     23     
05/08/1979  0       8.6    32     26     
06/08/1979  0       7.6    34     24     
07/08/1979  0       4.8    35     25     
08/08/1979  0       8.1    35     25     
09/08/1979  0       6.1    35     26     
10/08/1979  0       8.3    33     25     
11/08/1979  0       10.9   35     25     
12/08/1979  0       8.1    33     25     
13/08/1979  0       9.1    35     26     
14/08/1979  0       7.1    35     25     
15/08/1979  0       7.1    36     24     
16/08/1979  0       10.2   33     25     
17/08/1979  0       6.1    34     23     
18/08/1979  0       9.2    37     26     
19/08/1979  0       11.1   37     26     
20/08/1979  0       9.1    36     25     
21/08/1979  0       9.9    36     26     
22/08/1979  0       10.1   38     27     
23/08/1979  0       7.7    34     27     
24/08/1979  0       9.5    35     24     
25/08/1979  0       10.9   35     26     
26/08/1979  0       12.3   35     26     
27/08/1979  0       12.1   36     26     
28/08/1979  0       11.6   36     23     
29/08/1979  0       8.5    35     26     
30/08/1979  0       9.1    34     25     
31/08/1979  0       5.1    34     25     
01/09/1979  0       10.1   34     26     
02/09/1979  0       10.1   34     27     
03/09/1979  0       8.2    36     26     
04/09/1979  0       11.1   37     26     
05/09/1979  0       14     35     27     
06/09/1979  0       10.2   34     26     
07/09/1979  0       10.1   35     26     
08/09/1979  0       10.6   35     27     
09/09/1979  0       8.7    36     27     
10/09/1979  0       7.1    36     24     
11/09/1979  4       6.1    31     24     
12/09/1979  4       4.4    30     23     
13/09/1979  15      5      34     22     
14/09/1979  38      5.4    28     24     
15/09/1979  0       6.1    31     22     
16/09/1979  0       5.1    30     20     
17/09/1979  0       4.4    31     22     
18/09/1979  0       6.1    30     24     
19/09/1979  0       7.1    35     25     
20/09/1979  0       8.1    35     25     
21/09/1979  0       7.2    34     24     
22/09/1979  0       8      32     25     
23/09/1979  0       5.1    34     24     
24/09/1979  0       7.3    35     26     
25/09/1979  0       8.1    34     25     
26/09/1979  0       6.9    34     25     
27/09/1979  0       7.1    34     25     
28/09/1979  0       8.1    35     23     
29/09/1979  0       8.1    34     24     
30/09/1979  0       5.1    33     22     
01/11/1979  0       5.2    33     8.5    
02/11/1979  0       5      31     13     
03/11/1979  0       6.6    31     13     
04/11/1979  0       5.1    31     13     
05/11/1979  0       7.3    31     12.5   
06/11/1979  0       5      32     15.5   
07/11/1979  0       3.3    29     16     
08/11/1979  0       7.7    27     12     
09/11/1979  0       4      25     13     
10/11/1979  0       5.2    28     13     
11/11/1979  0       5.4    29     9      
12/11/1979  0       7      30     8      
13/11/1979  0       7.4    31     8      
14/11/1979  0       9.1    31     8      
15/11/1979  0       4.4    29     10.5   
16/11/1979  0       3.7    31     10     
17/11/1979  0       5.6    29     11     
18/11/1979  0       3      28     12     
19/11/1979  0       2.9    25     9      
20/11/1979  0       4.2    29     10     
21/11/1979  0       5.7    26     5.5    
22/11/1979  0       7.2    26     6      
23/11/1979  0       4.3    27     7      
24/11/1979  0       5      27     5.5    
25/11/1979  0       4.8    30     5      
26/11/1979  0       5.8    30     5      
27/11/1979  0       6.2    29.5   9      
28/11/1979  0       6      31     10.5   
29/11/1979  0       3.4    30     10     
30/11/1979  0       3.3    29     10     
01/12/1979  0       Nulo   21     12     
02/12/1979  0       Nulo   20     10     
03/12/1979  0       Nulo   20     9      
04/12/1979  0       Nulo   20     11     
05/12/1979  0       Nulo   20     11     
06/12/1979  0       Nulo   25     11     
07/12/1979  0       Nulo   24     11     
08/12/1979  0       Nulo   23     10     
09/12/1979  0       Nulo   21     12     
10/12/1979  0       Nulo   24     11     
11/12/1979  0       Nulo   21     11     
12/12/1979  0       Nulo   20     10     
13/12/1979  0       Nulo   20     9      
14/12/1979  0       Nulo   24     11     
15/12/1979  0       Nulo   21     12     
16/12/1979  0       Nulo   19     9      
17/12/1979  0       Nulo   19     8      
18/12/1979  0       Nulo   19     12     
19/12/1979  0       Nulo   19     10     
20/12/1979  0       Nulo   23     12     
21/12/1979  0       Nulo   20     10     
22/12/1979  0       Nulo   18     10     
23/12/1979  0       Nulo   20     9      
24/12/1979  0       Nulo   21     10     
25/12/1979  0       Nulo   25     9      
26/12/1979  0       Nulo   20     10     
27/12/1979  0       Nulo   31     13     
28/12/1979  0       Nulo   22     4      
29/12/1979  0       Nulo   29     9      
30/12/1979  0       Nulo   24     10     
31/12/1979  0       Nulo   20     11     
04/01/1980  0       2.5    23     11     
05/01/1980  0       3.1    21.5   12     
06/01/1980  0       3.6    22     10.5   
07/01/1980  0       3.4    24     11     
08/01/1980  0       3.6    22     12     
09/01/1980  0       4.1    25     13     
10/01/1980  0       4.8    24     13.5   
11/01/1980  0       4.1    23     14     
12/01/1980  0       3.6    24     14     
13/01/1980  0       3.7    22     15     
14/01/1980  0       3.2    23     13     
15/01/1980  0       3.1    24     12     
16/01/1980  0       4.2    25     13     
17/01/1980  0       3.7    26     12.5   
18/01/1980  0       4.5    30     14     
19/01/1980  0       2      23     15     
20/01/1980  0       3.9    22     13     
21/01/1980  0       4.1    23     12.5   
22/01/1980  0       4.1    22.5   12     
23/01/1980  0       5      21     13     
24/01/1980  0       3.9    22     12     
25/01/1980  0       4.9    22.5   11     
26/01/1980  0       4.2    20     10.5   
27/01/1980  0       3.4    23     10     
28/01/1980  0       3.2    25     11     
29/01/1980  0       4.8    23.5   12     
30/01/1980  0       4.6    23     13     
31/01/1980  0       5.2    22.5   12     
01/02/1980  0       6.3    25     18     
02/02/1980  0       2      23     16     
03/02/1980  0       6.1    22     15     
04/02/1980  0       6.1    23     15     
05/02/1980  0       5.1    22     12     
06/02/1980  0       4.1    22     15     
07/02/1980  0       4.1    26     16     
08/02/1980  0       6.1    26     17     
09/02/1980  0       7.1    22     17     
10/02/1980  0       5.1    21     14     
11/02/1980  0       3      22     16     
12/02/1980  2       1.2    23     14     
13/02/1980  0       1.4    22     16     
14/02/1980  0       1.5    25     17     
15/02/1980  0       5.1    23     16     
16/02/1980  0       5      26     18     
17/02/1980  0       4.1    25     17     
18/02/1980  0       6.2    24     17     
19/02/1980  0       5.1    28     18     
20/02/1980  0       7.9    28     14     
21/02/1980  0       4.1    25     14     
22/02/1980  0       5.1    25     15     
23/02/1980  0       4.1    24     15     
24/02/1980  0       7.1    25     15     
25/02/1980  0       2      22     14     
26/02/1980  0       2      21     17     
27/02/1980  0       4.1    26     16     
28/02/1980  0       5.1    27     17     
29/02/1980  0       5.1    28     15     
01/03/1980  0       5.1    25     15     
02/03/1980  0       3.1    30     15     
03/03/1980  0       4.2    30     12     
04/03/1980  0       5.8    31     17     
05/03/1980  0       6.6    32     17     
06/03/1980  0       6.8    27     18     
07/03/1980  0       7.1    24     17     
08/03/1980  0       6.1    24     17     
09/03/1980  0       7.1    25     17     
10/03/1980  0       5.1    30     20     
11/03/1980  0       6.1    29     17     
12/03/1980  0       7.1    25     17     
13/03/1980  0       4.1    25     15     
14/03/1980  0       6.1    25     15     
15/03/1980  0       7.1    28     15     
16/03/1980  0       5.1    30     18     
17/03/1980  0       7.1    25     16     
18/03/1980  0       6.1    27     15     
19/03/1980  0       7.1    25     15     
20/03/1980  0       5.1    30     14     
21/03/1980  0       5.1    30     17     
22/03/1980  0       10.1   30     14     
23/03/1980  0       9.1    26     15     
24/03/1980  0       9.1    26     15     
25/03/1980  0       6.9    27     15     
26/03/1980  0       5.9    30     17     
27/03/1980  0       5.1    27     15     
28/03/1980  0       5.2    25     15     
29/03/1980  0       5.1    25     15     
30/03/1980  0       5.1    25     14     
31/03/1980  0       5      30     17     
01/04/1980  0       3.5    30     15     
02/04/1980  0       1.5    24     15     
03/04/1980  0       5.2    23     14     
04/04/1980  0       5.1    30     15     
05/04/1980  0       5.1    31     17     
06/04/1980  0       5      30     15     
07/04/1980  0       5.1    29     15     
08/04/1980  0       4.6    30     17     
09/04/1980  0       5.1    30     17     
10/04/1980  0       5      30     17     
11/04/1980  0       7.1    30     18     
12/04/1980  0       8.1    26     15     
13/04/1980  0       6.1    26     15     
14/04/1980  0       4.1    26     15     
15/04/1980  0       4.8    27     17     
16/04/1980  0       7.3    28     17     
17/04/1980  0       5.6    30     17     
18/04/1980  0       5.1    34     19     
19/04/1980  0       5.7    33     20     
20/04/1980  0       9.6    30     22     
21/04/1980  0       7.1    35     22     
22/04/1980  0       6.2    30     22     
23/04/1980  0       4.1    23.1   18     
24/04/1980  0       6.1    25     17     
25/04/1980  0       5.7    31     17     
26/04/1980  0       3      32     18     
27/04/1980  0       1.3    29     16     
28/04/1980  0       5.1    28     19     
29/04/1980  0       8.1    30     18     
30/04/1980  0       6.1    26     18     
01/05/1980  0       10.3   29     15     
02/05/1980  0       6.1    26     16     
03/05/1980  0       4.9    30     15     
04/05/1980  0       5.1    27     15     
05/05/1980  0       5      26     18     
06/05/1980  0       5.8    25     15     
07/05/1980  0       4.4    26     16     
08/05/1980  0       5.1    30     15     
09/05/1980  0       5.1    30     15     
10/05/1980  0       5.1    29     17     
11/05/1980  0       5.1    25     18     
12/05/1980  0       6.1    25     17     
13/05/1980  0       7.1    29     17     
14/05/1980  0       6.9    30     16     
15/05/1980  0       5.2    26     15     
16/05/1980  0       4.9    26     17     
17/05/1980  0       5.2    26     17     
18/05/1980  0       5.1    30     15     
19/05/1980  0       5.3    30     19     
20/05/1980  0       4.6    30     20     
21/05/1980  0       10.2   30     18     
22/05/1980  0       5.2    33     20     
23/05/1980  0       4.7    30     18     
24/05/1980  0       5.3    29     18     
25/05/1980  0       5.1    28     18     
26/05/1980  0       5.1    28     18     
27/05/1980  0       4.4    26.1   23     
28/05/1980  0       5.2    30     16     
29/05/1980  0       5      30     22     
30/05/1980  0       5      30     17     
31/05/1980  0       5      30     22     
01/06/1980  0       5      35     23     
02/06/1980  0       5      30     23     
03/06/1980  0       5.1    35     23     
04/06/1980  0       5      35     24     
05/06/1980  0       5.3    30     20     
06/06/1980  0       5      30     23     
07/06/1980  0       5.1    30     23     
08/06/1980  0       5      35     24     
09/06/1980  0       5.1    38     25     
10/06/1980  0       5.1    35     28     
11/06/1980  0       5.1    35     27     
12/06/1980  0       5      32     23     
13/06/1980  0       9.1    35     23     
14/06/1980  0       11     35     25     
15/06/1980  0       5.3    35     23     
16/06/1980  0       5      35     26     
17/06/1980  0       5      34     23     
18/06/1980  0       5      35     22     
19/06/1980  0       5.1    35     22     
20/06/1980  0       5      34     22     
21/06/1980  0       5.1    30     23     
22/06/1980  0       4.8    34     23     
23/06/1980  0       5.2    32     24     
24/06/1980  0       4.7    32     24     
25/06/1980  0       5.9    34     25     
26/06/1980  0       4.9    34     24     
27/06/1980  0       4.8    35     27     
28/06/1980  0       5.2    40     27     
29/06/1980  0       4.9    38     28     
30/06/1980  0       5.1    34     27     
01/07/1980  0       8.1    34     27     
02/07/1980  0       7.1    36     28     
03/07/1980  0       5.1    36     27     
04/07/1980  0       9.1    35     27     
05/07/1980  0       11.2   34     23     
06/07/1980  0       4.6    34     25     
07/07/1980  0       4.9    35     28     
08/07/1980  0       4.8    35     25     
09/07/1980  0       5.2    34     25     
10/07/1980  0       5.1    30.1   28     
11/07/1980  0       9.1    32     26     
12/07/1980  0       9.6    32     26     
13/07/1980  0       7.4    34     25     
14/07/1980  0       8.9    35     29     
15/07/1980  0       13     38     27     
16/07/1980  0       8.2    34     27     
17/07/1980  0       8.4    35     28     
18/07/1980  0       11.2   35     27     
19/07/1980  0       9.6    35     25     
20/07/1980  0       7.9    37     25     
21/07/1980  0       12.1   35     27     
22/07/1980  0       9.1    34     29     
23/07/1980  0       11.1   35     27     
24/07/1980  0       9.1    34     22     
25/07/1980  0       8.1    35     26     
26/07/1980  0       11.1   34     28     
27/07/1980  0       7.3    35     28     
28/07/1980  0       10.1   35     29     
29/07/1980  0       7.1    30     27     
30/07/1980  0       9.7    35     25     
31/07/1980  0       8.4    35     25     
01/08/1980  0       Nulo   34     27     
02/08/1980  0       Nulo   36     27     
03/08/1980  0       Nulo   34     27     
04/08/1980  0       Nulo   37     27     
05/08/1980  0       Nulo   35     25     
06/08/1980  0       Nulo   32     27     
07/08/1980  0       Nulo   37     27     
08/08/1980  0       Nulo   40     25     
09/08/1980  0       Nulo   39     27     
10/08/1980  0       Nulo   36     27     
11/08/1980  0       Nulo   36     27     
12/08/1980  0       Nulo   34     27     
13/08/1980  0       Nulo   30.1   27     
14/08/1980  0       Nulo   35     25     
15/08/1980  0       Nulo   30     25     
16/08/1980  0       Nulo   30     24     
17/08/1980  0       Nulo   35     25     
18/08/1980  0       Nulo   34     25     
19/08/1980  0       Nulo   36     20     
20/08/1980  0       Nulo   35     29     
21/08/1980  0       Nulo   32     25     
22/08/1980  0       Nulo   35     27     
23/08/1980  0       Nulo   32     25     
24/08/1980  0       Nulo   34     28     
25/08/1980  0       Nulo   35     28     
26/08/1980  0       Nulo   35     27     
27/08/1980  0       Nulo   35     27     
28/08/1980  0       Nulo   35     27     
29/08/1980  0       Nulo   35     26     
30/08/1980  0       Nulo   35     29     
31/08/1980  0       Nulo   32     25     
01/11/1980  0       2      25     18     
02/11/1980  0       3      24     18     
03/11/1980  0       3      24     17     
04/11/1980  0       4.3    22     18     
05/11/1980  0       5.1    30     16     
06/11/1980  0       5.1    30     17     
07/11/1980  0       5.1    28     18     
08/11/1980  0       5.1    23     18     
09/11/1980  0       5      30     13     
10/11/1980  0       5.1    30     19     
11/11/1980  0       5.2    30     20     
12/11/1980  0       5.1    30     22     
13/11/1980  0       5.1    27     22     
14/11/1980  0       4.1    27     21     
15/11/1980  0       6.1    30     18     
16/11/1980  0       5.1    28     20     
17/11/1980  0       4.1    26     18     
18/11/1980  0       5.9    25     16     
19/11/1980  0       6.1    24     19     
20/11/1980  0       4.1    24     17     
21/11/1980  0       5.1    25     17     
22/11/1980  0       5.1    25     15     
23/11/1980  0       3      25     17     
24/11/1980  0       2      27     17     
25/11/1980  0       5.1    24     19     
26/11/1980  0       5.1    24     19     
27/11/1980  0       5.1    25     19     
28/11/1980  0       5.1    26     18     
29/11/1980  0       5.1    26     15     
30/11/1980  0       5.1    25     16     
01/12/1980  0       Nulo   26     18     
02/12/1980  0       Nulo   25     15     
03/12/1980  0       Nulo   25     15     
04/12/1980  0       Nulo   28     18     
05/12/1980  0       Nulo   29     18     
06/12/1980  0       Nulo   26     17     
07/12/1980  0       Nulo   27     17     
08/12/1980  0       Nulo   23     16     
09/12/1980  0       Nulo   22     15     
10/12/1980  0       Nulo   24     13     
11/12/1980  0       Nulo   24     15     
12/12/1980  0       Nulo   25     16     
17/12/1980  0       Nulo   25     13     
18/12/1980  0       Nulo   25     15     
19/12/1980  0       Nulo   25     15     
20/12/1980  0       Nulo   24     14     
21/12/1980  0       Nulo   25     14     
22/12/1980  0       Nulo   25     17     
23/12/1980  0       Nulo   25     15     
24/12/1980  0       Nulo   26     15     
25/12/1980  0       Nulo   24     15     
26/12/1980  0       Nulo   25     15     
27/12/1980  0       Nulo   25     16     
28/12/1980  0       Nulo   24     15     
29/12/1980  0       Nulo   25     14     
30/12/1980  0       Nulo   25     17     
31/12/1980  0       Nulo   25     15     
01/01/1981  0       Nulo   25     14     
02/01/1981  0       Nulo   24     15     
03/01/1981  0       Nulo   24     16     
04/01/1981  0       Nulo   25     16     
05/01/1981  7       Nulo   25     17     
06/01/1981  0       Nulo   25     15     
07/01/1981  0       Nulo   25     15     
08/01/1981  0       Nulo   24     15     
09/01/1981  0       Nulo   24     15     
10/01/1981  0       Nulo   22     16     
11/01/1981  3       Nulo   22     17     
12/01/1981  4       Nulo   23     18     
13/01/1981  5       Nulo   24     17     
14/01/1981  0       Nulo   23     18     
15/01/1981  0       Nulo   22     14     
16/01/1981  0       Nulo   24     14     
21/01/1981  0       Nulo   24     14     
22/01/1981  0       Nulo   24     13     
23/01/1981  0       Nulo   20     13     
24/01/1981  0       Nulo   22     13     
25/01/1981  0       Nulo   25     12     
26/01/1981  7       Nulo   21     13     
27/01/1981  0       Nulo   22     13     
28/01/1981  0       Nulo   23     14     
29/01/1981  0       Nulo   22     14     
30/01/1981  0       Nulo   24     14     
31/01/1981  0       Nulo   22     15     
01/02/1981  0       Nulo   23     15     
02/02/1981  0       Nulo   20     14     
03/02/1981  0       Nulo   23     13     
04/02/1981  0       Nulo   24     12     
05/02/1981  0       Nulo   23     14     
06/02/1981  0       Nulo   22     13     
07/02/1981  0       Nulo   25     15     
08/02/1981  0       Nulo   25     14     
09/02/1981  0       Nulo   30     16     
10/02/1981  0       Nulo   25     18     
11/02/1981  0       Nulo   25     14     
12/02/1981  0       Nulo   26     15     
13/02/1981  0       Nulo   25     14     
14/02/1981  0       Nulo   27     15     
15/02/1981  0       Nulo   24     15     
16/02/1981  0       Nulo   22     17     
17/02/1981  0       Nulo   27     15     
18/02/1981  0       Nulo   26     14     
19/02/1981  0       Nulo   27     15     
20/02/1981  0       Nulo   30     18     
21/02/1981  0       Nulo   25     17     
22/02/1981  0       Nulo   25     18     
23/02/1981  0       Nulo   26     18     
24/02/1981  0       Nulo   28     15     
25/02/1981  0       Nulo   27     16     
26/02/1981  0       Nulo   26     18     
27/02/1981  0       Nulo   27     18     
28/02/1981  0       Nulo   27     18     
01/03/1981  0       Nulo   26     18     
02/03/1981  9       Nulo   24     18     
03/03/1981  0       Nulo   26     16     
04/03/1981  0       Nulo   23     18     
05/03/1981  0       Nulo   24     12     
06/03/1981  0       Nulo   22     14     
07/03/1981  0       Nulo   23     16     
08/03/1981  0       Nulo   28     13     
09/03/1981  0       Nulo   24     14     
10/03/1981  0       Nulo   26     13     
11/03/1981  0       Nulo   26     15     
12/03/1981  0       Nulo   25     13     
13/03/1981  0       Nulo   25     15     
14/03/1981  0       Nulo   24     16     
15/03/1981  0       Nulo   23     17     
16/03/1981  0       Nulo   24     15     
27/03/1981  0       Nulo   30     15     
28/03/1981  0       Nulo   30     15     
29/03/1981  0       Nulo   28     16     
30/03/1981  0       Nulo   25     15     
31/03/1981  0       Nulo   24     15     
01/04/1981  0       Nulo   25     15     
02/04/1981  0       Nulo   25     15     
03/04/1981  0       Nulo   24     15     
04/04/1981  0       Nulo   25     18     
05/04/1981  0       Nulo   25     16     
06/04/1981  0       Nulo   30     18     
07/04/1981  0       Nulo   30     20     
08/04/1981  0       Nulo   30     16     
09/04/1981  0       Nulo   34     18     
10/04/1981  0       Nulo   30     20     
11/04/1981  0       Nulo   28     20     
12/04/1981  0       Nulo   30     16     
13/04/1981  0       Nulo   30     18     
24/04/1981  0       Nulo   26     14     
25/04/1981  0       Nulo   30     14     
26/04/1981  0       Nulo   27     14     
27/04/1981  0       Nulo   30     20     
28/04/1981  0       Nulo   28     16     
29/04/1981  0       Nulo   28     15     
30/04/1981  0       Nulo   28     17     
07/05/1981  0       Nulo   28     17     
08/05/1981  0       Nulo   28     17     
09/05/1981  0       Nulo   27     17     
10/05/1981  0       Nulo   26     16     
11/05/1981  0       Nulo   26     18     
12/05/1981  0       Nulo   26     16     
13/05/1981  0       Nulo   30     18     
14/05/1981  0       Nulo   30     17     
15/05/1981  0       Nulo   30     17     
16/05/1981  0       Nulo   34     17     
17/05/1981  0       Nulo   26     18     
18/05/1981  0       Nulo   28     17     
19/05/1981  0       Nulo   26     16     
20/05/1981  0       Nulo   34     17     
21/05/1981  0       Nulo   30     18     
22/05/1981  0       Nulo   28     16     
23/05/1981  0       Nulo   30     17     
24/05/1981  0       Nulo   30     16     
25/05/1981  0       Nulo   30     18     
26/05/1981  0       Nulo   27     16     
27/05/1981  0       Nulo   28     17     
28/05/1981  0       Nulo   28     16     
29/05/1981  0       Nulo   29     17     
30/05/1981  0       Nulo   28     17     
31/05/1981  0       Nulo   Nulo   Nulo   
01/06/1981  0       Nulo   26     19     
02/06/1981  0       Nulo   30     18     
03/06/1981  0       Nulo   28     17     
04/06/1981  0       Nulo   28     17     
05/06/1981  0       Nulo   28     17     
06/06/1981  0       Nulo   26     18     
07/06/1981  0       Nulo   28     17     
08/06/1981  0       Nulo   28     17     
09/06/1981  0       Nulo   28     20     
10/06/1981  0       Nulo   33     18     
11/06/1981  0       Nulo   28     18     
12/06/1981  0       Nulo   27     17     
13/06/1981  0       Nulo   28     18     
14/06/1981  0       Nulo   27     18     
15/06/1981  0       Nulo   31     18     
16/06/1981  0       Nulo   33     20     
17/06/1981  0       Nulo   36     18     
18/06/1981  0       Nulo   36     21     
19/06/1981  0       Nulo   30     21     
20/06/1981  0       Nulo   34     20     
21/06/1981  0       Nulo   36     22     
22/06/1981  0       Nulo   36     18     
23/06/1981  0       Nulo   36     17     
24/06/1981  0       Nulo   34     22     
25/06/1981  0       Nulo   34     21     
26/06/1981  0       Nulo   36     18     
27/06/1981  0       Nulo   32     21     
28/06/1981  0       Nulo   34     17     
29/06/1981  0       Nulo   34     20     
30/06/1981  0       Nulo   34     22     
07/07/1981  0       Nulo   34     24     
08/07/1981  0       Nulo   34     24     
09/07/1981  0       Nulo   32     23     
10/07/1981  0       Nulo   30     24     
11/07/1981  0       Nulo   32     24     
12/07/1981  0       Nulo   34     26     
13/07/1981  0       Nulo   34     26     
14/07/1981  0       Nulo   35     27     
15/07/1981  0       Nulo   35     27     
16/07/1981  0       Nulo   34     22     
17/07/1981  0       Nulo   35     25     
18/07/1981  0       Nulo   34     26     
19/07/1981  0       Nulo   35     25     
20/07/1981  0       Nulo   30     25     
21/07/1981  0       Nulo   35     26     
22/07/1981  0       Nulo   35     27     
23/07/1981  0       Nulo   32     25     
24/07/1981  0       Nulo   37     24     
29/07/1981  0       Nulo   32     25     
30/07/1981  0       Nulo   35     25     
31/07/1981  0       Nulo   35     26     
01/08/1981  0       Nulo   32     25     
02/08/1981  0       Nulo   30     26     
03/08/1981  0       Nulo   35     27     
04/08/1981  0       Nulo   30     25     
05/08/1981  0       Nulo   35     24     
06/08/1981  0       Nulo   35     25     
07/08/1981  0       Nulo   35     27     
08/08/1981  0       Nulo   30     26     
09/08/1981  0       Nulo   30     26     
10/08/1981  0       Nulo   30     27     
11/08/1981  0       Nulo   35     27     
12/08/1981  0       Nulo   35     25     
13/08/1981  0       Nulo   35     27     
14/08/1981  0       Nulo   35     25     
15/08/1981  0       Nulo   34     26     
16/08/1981  0       Nulo   35     24     
17/08/1981  0       Nulo   32     27     
18/08/1981  0       Nulo   34     25     
19/08/1981  0       Nulo   33     27     
20/08/1981  0       Nulo   34     24     
21/08/1981  0       Nulo   33     28     
22/08/1981  0       Nulo   32     27     
23/08/1981  0       Nulo   31     27     
24/08/1981  0       Nulo   32     26     
25/08/1981  0       Nulo   32     27     
26/08/1981  0       Nulo   34     28     
27/08/1981  0       Nulo   35     27     
28/08/1981  0       Nulo   35     27     
29/08/1981  2       Nulo   32     27     
30/08/1981  0       Nulo   31     26     
31/08/1981  0       Nulo   34     26     
01/09/1981  0       Nulo   32     21     
02/09/1981  0       Nulo   32     23     
03/09/1981  0       Nulo   32     26     
04/09/1981  0       Nulo   33     21     
05/09/1981  0       Nulo   32     24     
06/09/1981  0       Nulo   31     23     
07/09/1981  0       Nulo   33     23     
08/09/1981  0       Nulo   33     24     
09/09/1981  0       Nulo   35     26     
10/09/1981  0       Nulo   32     25     
11/09/1981  0       Nulo   32     27     
12/09/1981  0       Nulo   33     26     
13/09/1981  0       Nulo   35     28     
14/09/1981  0       Nulo   32     24     
15/09/1981  0       Nulo   32     24     
16/09/1981  0       Nulo   33     24     
17/09/1981  0       Nulo   35     23     
18/09/1981  0       Nulo   35     22     
19/09/1981  0       Nulo   32     26     
20/09/1981  11      Nulo   31     22     
21/09/1981  9       Nulo   32     19     
22/09/1981  0       Nulo   32     24     
23/09/1981  0       Nulo   33     25     
24/09/1981  0       Nulo   34     25     
25/09/1981  0       Nulo   37     24     
26/09/1981  0       Nulo   32     24     
27/09/1981  0       Nulo   32     24     
28/09/1981  0       Nulo   32     20     
29/09/1981  0       Nulo   32     22     
30/09/1981  0       Nulo   35     24     
01/10/1981  0       Nulo   34     22     
02/10/1981  0       Nulo   35     23     
03/10/1981  0       Nulo   33     24     
04/10/1981  0       Nulo   33     21     
05/10/1981  0       Nulo   30     20     
06/10/1981  8       Nulo   34     21     
07/10/1981  26      Nulo   29     21     
08/10/1981  0       Nulo   30     20     
09/10/1981  0       Nulo   32     19     
10/10/1981  0       Nulo   30     17     
11/10/1981  2       Nulo   29     20     
12/10/1981  0       Nulo   30     20     
13/10/1981  0       Nulo   32     21     
14/10/1981  0       Nulo   36     24     
15/10/1981  0       Nulo   30     22     
16/10/1981  0       Nulo   32     23     
17/10/1981  0       Nulo   30     24     
18/10/1981  0       Nulo   32     24     
19/10/1981  0       Nulo   30     21     
20/10/1981  0       Nulo   32     21     
21/10/1981  0       Nulo   35     20     
22/10/1981  0       Nulo   35     20     
23/10/1981  0       Nulo   35     21     
24/10/1981  0       Nulo   36     21     
25/10/1981  0       Nulo   35     19     
26/10/1981  0       Nulo   35     17     
27/10/1981  0       Nulo   30     20     
28/10/1981  0       Nulo   30     19     
29/10/1981  0       Nulo   30     18     
30/10/1981  0       Nulo   35     14     
31/10/1981  0       Nulo   35     17     
01/11/1981  0       Nulo   30     20     
02/11/1981  0       Nulo   32     20     
03/11/1981  0       Nulo   33     19     
04/11/1981  0       Nulo   32     19     
05/11/1981  0       Nulo   34     17     
06/11/1981  0       Nulo   35     18     
07/11/1981  0       Nulo   36     17     
08/11/1981  0       Nulo   35     19     
09/11/1981  0       Nulo   35     19     
10/11/1981  0       Nulo   32     18     
11/11/1981  0       Nulo   37     17     
12/11/1981  0       Nulo   32     17     
13/11/1981  0       Nulo   33     19     
14/11/1981  0       Nulo   31     17     
15/11/1981  0       Nulo   31     17     
16/11/1981  0       Nulo   32     14     
17/11/1981  0       Nulo   33     20     
18/11/1981  0       Nulo   28     19     
19/11/1981  0       Nulo   31     19     
20/11/1981  0       Nulo   32     17     
21/11/1981  0       Nulo   33     15     
22/11/1981  0       Nulo   31     19     
23/11/1981  0       Nulo   32     14     
24/11/1981  0       Nulo   31     19     
25/11/1981  0       Nulo   32     17     
26/11/1981  0       Nulo   33     18     
27/11/1981  0       Nulo   31     14     
28/11/1981  0       Nulo   30     17     
29/11/1981  0       Nulo   30     18     
30/11/1981  0       Nulo   29     16     
04/12/1981  0       Nulo   Nulo   Nulo   
05/12/1981  0       Nulo   30     16     
06/12/1981  0       Nulo   30     16     
07/12/1981  0       Nulo   32     16     
08/12/1981  0       Nulo   30     14     
09/12/1981  0       Nulo   32     15     
10/12/1981  0       Nulo   31     14     
11/12/1981  0       Nulo   32     15     
12/12/1981  0       Nulo   30     17     
13/12/1981  0       Nulo   30     16     
14/12/1981  0       Nulo   28     18     
15/12/1981  0       Nulo   30     17     
16/12/1981  0       Nulo   30     17     
17/12/1981  0       Nulo   31     14     
18/12/1981  0       Nulo   32     15     
19/12/1981  0       Nulo   30     14     
20/12/1981  0       Nulo   27     16     
21/12/1981  0       Nulo   26     14     
22/12/1981  0       Nulo   27     14     
23/12/1981  0       Nulo   29     15     
28/12/1981  0       Nulo   Nulo   Nulo   
29/12/1981  0       Nulo   30     16     
30/12/1981  0       Nulo   29     14     
31/12/1981  0       Nulo   30     12     
01/01/1982  0       Nulo   28     12     
02/01/1982  0       Nulo   28     12     
03/01/1982  0       Nulo   28     13     
04/01/1982  0       Nulo   29     14     
05/01/1982  0       Nulo   31     13     
06/01/1982  0       Nulo   30     14     
07/01/1982  0       Nulo   30     16     
08/01/1982  0       Nulo   29     15     
09/01/1982  0       Nulo   28     15     
10/01/1982  0       Nulo   30     14     
11/01/1982  0       Nulo   30     14     
12/01/1982  0       Nulo   31     13     
13/01/1982  0       Nulo   30     15     
14/01/1982  0       Nulo   27     14     
15/01/1982  0       Nulo   25     15     
16/01/1982  0       Nulo   32     14     
17/01/1982  0       Nulo   32     16     
18/01/1982  0       Nulo   30     16     
19/01/1982  0       Nulo   32     12     
20/01/1982  0       Nulo   32     14     
21/01/1982  0       Nulo   29     14     
22/01/1982  0       Nulo   28     13     
23/01/1982  0       Nulo   30     16     
24/01/1982  0       Nulo   28     15     
25/01/1982  0       Nulo   28     16     
26/01/1982  0       Nulo   30     14     
27/01/1982  0       Nulo   30     13     
28/01/1982  0       Nulo   30     13     
29/01/1982  0       Nulo   28     14     
30/01/1982  0       Nulo   29     14     
31/01/1982  0       Nulo   29     13     
01/02/1982  0       Nulo   26     17     
02/02/1982  0       Nulo   28     10     
03/02/1982  0       Nulo   25     15     
04/02/1982  0       Nulo   28     14     
05/02/1982  0       Nulo   30     11     
06/02/1982  0       Nulo   29     12     
07/02/1982  0       Nulo   28     15     
08/02/1982  0       Nulo   26     11     
09/02/1982  0       Nulo   30     13     
10/02/1982  0       Nulo   30     14     
11/02/1982  0       Nulo   31     14     
12/02/1982  0       Nulo   29     13     
13/02/1982  0       Nulo   28     11     
14/02/1982  0       Nulo   29     12     
15/02/1982  0       Nulo   30     17     
16/02/1982  0       Nulo   30     12     
17/02/1982  0       Nulo   27     17     
18/02/1982  0       Nulo   29     12     
19/02/1982  0       Nulo   30     13     
20/02/1982  0       Nulo   30     17     
21/02/1982  0       Nulo   29     14     
22/02/1982  0       Nulo   29     12     
23/02/1982  0       Nulo   30     12     
24/02/1982  0       Nulo   30     11     
25/02/1982  0       Nulo   29     12     
26/02/1982  0       Nulo   30     12     
27/02/1982  0       Nulo   27     17     
28/02/1982  0       Nulo   30     14     
01/03/1982  0       Nulo   Nulo   Nulo   
02/03/1982  0       Nulo   Nulo   Nulo   
03/03/1982  0       Nulo   Nulo   Nulo   
04/03/1982  0       Nulo   Nulo   Nulo   
05/03/1982  0       Nulo   Nulo   Nulo   
06/03/1982  0       Nulo   Nulo   Nulo   
07/03/1982  0       Nulo   Nulo   Nulo   
08/03/1982  0       Nulo   Nulo   Nulo   
09/03/1982  0       Nulo   Nulo   Nulo   
10/03/1982  0       Nulo   Nulo   Nulo   
11/03/1982  0       Nulo   Nulo   Nulo   
12/03/1982  0       Nulo   Nulo   Nulo   
13/03/1982  0       Nulo   Nulo   Nulo   
14/03/1982  0       Nulo   Nulo   Nulo   
15/03/1982  0       Nulo   Nulo   Nulo   
16/03/1982  0       Nulo   Nulo   Nulo   
17/03/1982  0       Nulo   Nulo   Nulo   
18/03/1982  0       Nulo   Nulo   Nulo   
19/03/1982  0       Nulo   Nulo   Nulo   
20/03/1982  0       Nulo   Nulo   Nulo   
21/03/1982  0       Nulo   Nulo   Nulo   
22/03/1982  0       Nulo   Nulo   Nulo   
23/03/1982  0       Nulo   Nulo   Nulo   
24/03/1982  0       Nulo   Nulo   Nulo   
25/03/1982  0       Nulo   Nulo   Nulo   
26/03/1982  0       Nulo   Nulo   Nulo   
27/03/1982  0       Nulo   Nulo   Nulo   
28/03/1982  0       Nulo   Nulo   Nulo   
29/03/1982  0       Nulo   Nulo   Nulo   
30/03/1982  0       Nulo   Nulo   Nulo   
31/03/1982  0       Nulo   Nulo   Nulo   
16/05/1982  0       6.8    30     17     
17/05/1982  0       5      32     22     
18/05/1982  0       8.6    30     17     
19/05/1982  0       5.5    32     20     
20/05/1982  0       4.4    32     17     
21/05/1982  0       6.6    34     22     
22/05/1982  0       5.1    35     22     
23/05/1982  0       6.4    32     20     
24/05/1982  0       3.6    30     17     
25/05/1982  0       4.2    30     17     
26/05/1982  0       3.1    29     17     
27/05/1982  0       9.2    30     17     
28/05/1982  0       3.9    30     16     
29/05/1982  0       6.7    30     17     
30/05/1982  0       4.7    30     17     
31/05/1982  0       5.1    32     20     
01/06/1982  0       8.9    35     21     
02/06/1982  0       5.8    32     21     
03/06/1982  0       5.2    32     20     
04/06/1982  0       5.1    32     20     
05/06/1982  0       5      32     20     
06/06/1982  0       4.2    28     23     
07/06/1982  0       5      32     20     
08/06/1982  0       5.4    32     22     
13/06/1982  0       2.2    32     21     
14/06/1982  0       3.4    32     22     
15/06/1982  0       3.6    37     22     
16/06/1982  0       7.4    37     20     
17/06/1982  0       6.1    35     22     
18/06/1982  0       4.7    32     20     
19/06/1982  0       6.9    30     22     
20/06/1982  0       4.1    35     23     
21/06/1982  0       6      34     23     
22/06/1982  0       4.1    32     24     
23/06/1982  0       3.7    32     22     
24/06/1982  0       5      35     24     
25/06/1982  0       3.2    35     23     
26/06/1982  0       5.1    35     22     
27/06/1982  0       4.3    35     20     
28/06/1982  0       5      35     22     
29/06/1982  0       6.5    33     23     
30/06/1982  0       6.5    Nulo   Nulo   
01/07/1982  0       Nulo   35     21     
02/07/1982  0       5.7    35     22     
03/07/1982  0       3.8    32     24     
04/07/1982  0       4.7    35     24     
05/07/1982  0       5.3    32     21     
06/07/1982  0       2.1    37     24     
07/07/1982  0       3.9    37     26     
08/07/1982  0       4.2    32     25     
09/07/1982  0       4.3    32     26     
10/07/1982  0       5.9    36     26     
11/07/1982  0       3.5    35     24     
12/07/1982  0       4.2    32     21     
13/07/1982  0       13.4   32     25     
14/07/1982  0       4.4    35     26     
15/07/1982  0       4.1    35     23     
16/07/1982  0       9.4    32     24     
17/07/1982  0       10.1   37     22     
18/07/1982  0       6.4    32     24     
19/07/1982  0       2.8    32     24     
20/07/1982  0       3.2    33     25     
21/07/1982  0       3.5    32     24     
22/07/1982  0       5.4    35     25     
23/07/1982  0       3.5    35     24     
24/07/1982  0       6.4    36     22     
25/07/1982  0       3.7    32     24     
26/07/1982  0       5.7    32     26     
27/07/1982  0       4.4    35     24     
28/07/1982  0       6.6    35     25     
29/07/1982  0       3.9    36     26     
30/07/1982  0       5.3    35     27     
31/07/1982  0       5.5    35     27     
01/08/1982  0       4.9    35     27     
02/08/1982  0       3.7    35     27     
03/08/1982  0       6      35     25     
04/08/1982  0       3.7    35     25     
05/08/1982  0       4.1    34     27     
06/08/1982  0       3.4    35     27     
07/08/1982  0       4.2    37     27     
08/08/1982  0       3.7    35     26     
09/08/1982  0       6.1    37     25     
10/08/1982  0       4.5    37     25     
11/08/1982  0       6.1    37     24     
12/08/1982  0       3.6    32     23     
13/08/1982  0       6.1    34     23     
18/08/1982  0       4.4    35     29     
19/08/1982  0       6.3    36     28     
20/08/1982  0       3.4    32     28     
06/09/1982  0       3.6    35     25     
07/09/1982  0       3.9    35     27     
08/09/1982  0       7.7    35     25     
09/09/1982  0       4.3    34     26     
10/09/1982  0       6.1    35     26     
11/09/1982  0       3.6    35     23     
12/09/1982  0       6.3    30     24     
13/09/1982  0       3.7    30     23     
14/09/1982  0       6.5    35     25     
15/09/1982  0       3.8    35     27     
16/09/1982  0       5.6    32     27     
17/09/1982  0       4.4    35     27     
18/09/1982  0       5.9    37     26     
19/09/1982  0       2.1    35.1   28     
20/09/1982  0       4.5    35     27     
21/09/1982  7       7.3    35     27     
22/09/1982  0       7.2    34     27     
23/09/1982  0       4.5    32     25     
24/09/1982  0       6.3    35     27     
25/09/1982  0       3.9    32     27     
26/09/1982  0       5.8    35     24     
27/09/1982  0       3.7    35     24     
28/09/1982  0       6.5    35     26     
29/09/1982  7       3.3    29     25     
30/09/1982  28      4.2    27     23     
01/10/1982  0       Nulo   35     20     
02/10/1982  0       Nulo   36     20     
03/10/1982  0       Nulo   32     20     
04/10/1982  0       Nulo   32     23     
05/10/1982  0       Nulo   33     24     
06/10/1982  0       Nulo   30     26     
07/10/1982  0       Nulo   32     26     
08/10/1982  0       Nulo   33     21     
09/10/1982  0       Nulo   32     20     
10/10/1982  0       Nulo   32     21     
11/10/1982  0       Nulo   30     23     
12/10/1982  0       Nulo   32     23     
13/10/1982  0       Nulo   30     23     
14/10/1982  0       Nulo   Nulo   Nulo   
21/10/1982  0       Nulo   Nulo   Nulo   
25/10/1982  0       Nulo   Nulo   Nulo   
26/10/1982  0       Nulo   33     22     
27/10/1982  0       Nulo   32     24     
28/10/1982  0       Nulo   34     21     
29/10/1982  0       Nulo   35     22     
30/10/1982  0       Nulo   35     20     
31/10/1982  0       Nulo   Nulo   Nulo   
01/11/1982  0       Nulo   30     19     
02/11/1982  0       Nulo   30     20     
03/11/1982  0       Nulo   30     19     
04/11/1982  0       Nulo   28     18     
05/11/1982  0       Nulo   30     17     
06/11/1982  0       Nulo   29     19     
07/11/1982  0       Nulo   30     18     
08/11/1982  0       Nulo   30     20     
09/11/1982  0       Nulo   30     19     
10/11/1982  0       Nulo   29     17     
11/11/1982  0       Nulo   26     21     
12/11/1982  0       Nulo   30     20     
13/11/1982  0       Nulo   30     19     
14/11/1982  0       Nulo   31     19     
15/11/1982  0       Nulo   32     16     
16/11/1982  0       Nulo   34     17     
17/11/1982  0       Nulo   32     17     
18/11/1982  0       Nulo   34     16     
19/11/1982  0       Nulo   35     16     
20/11/1982  0       Nulo   32     18     
25/11/1982  23      Nulo   32     18     
26/11/1982  0       Nulo   35     15     
27/11/1982  0       Nulo   32     17     
28/11/1982  0       Nulo   35     16     
29/11/1982  0       Nulo   35     17     
30/11/1982  0       Nulo   Nulo   Nulo   
01/12/1982  0       Nulo   35     17     
02/12/1982  0       Nulo   32     12     
03/12/1982  0       Nulo   32     12     
04/12/1982  0       Nulo   32     14     
05/12/1982  0       Nulo   30     15     
06/12/1982  0       Nulo   31     16     
07/12/1982  65      Nulo   34     16     
08/12/1982  50      Nulo   31     14     
09/12/1982  0       Nulo   32     17     
10/12/1982  0       Nulo   32     17     
12/12/1982  0       Nulo   Nulo   Nulo   
14/12/1982  0       Nulo   Nulo   Nulo   
16/12/1982  0       Nulo   Nulo   Nulo   
17/12/1982  0       Nulo   31     16     
22/12/1982  0       Nulo   34     16     
23/12/1982  0       Nulo   30     14     
24/12/1982  Nulo    Nulo   32     12     
29/12/1982  0       Nulo   30     15     
30/12/1982  0       Nulo   30     15     
31/12/1982  0       Nulo   Nulo   Nulo   
01/01/1983  0       Nulo   32     14     
02/01/1983  0       Nulo   32     12     
04/01/1983  0       Nulo   Nulo   Nulo   
05/01/1983  0       Nulo   30     12     
06/01/1983  0       Nulo   32     11     
07/01/1983  0       Nulo   30     12     
08/01/1983  0       Nulo   32     12     
09/01/1983  0       Nulo   30     14     
10/01/1983  0       Nulo   31     11     
11/01/1983  0       Nulo   30     12     
12/01/1983  0       Nulo   32     12     
13/01/1983  0       Nulo   34     11     
14/01/1983  0       Nulo   30     12     
15/01/1983  0       Nulo   30     12     
16/01/1983  0       Nulo   30     14     
17/01/1983  0       Nulo   30     12     
03/02/1983  0       Nulo   30     14     
04/02/1983  0       Nulo   32     16     
21/02/1983  0       Nulo   Nulo   Nulo   
22/02/1983  0       Nulo   32     15     
02/03/1983  3       Nulo   Nulo   Nulo   
05/03/1983  0       Nulo   35     14     
06/03/1983  0       Nulo   35     16     
07/03/1983  0       Nulo   35     16     
08/03/1983  0       Nulo   32     16     
09/03/1983  0       Nulo   35     15     
10/03/1983  0       Nulo   34     17     
11/03/1983  0       Nulo   33     16     
12/03/1983  0       Nulo   32     17     
13/03/1983  0       Nulo   33     18     
14/03/1983  0       Nulo   35     16     
15/03/1983  0       Nulo   35     17     
16/03/1983  0       Nulo   35     17     
17/03/1983  0       Nulo   34     16     
18/03/1983  0       Nulo   34     15     
19/03/1983  0       Nulo   35     16     
20/03/1983  0       Nulo   35     15     
21/03/1983  0       Nulo   35     16     
22/03/1983  0       Nulo   35     15     
23/03/1983  0       Nulo   34     15     
24/03/1983  0       Nulo   35     12     
25/03/1983  0       Nulo   35     16     
26/03/1983  0       Nulo   35     15     
27/03/1983  0       Nulo   34     16     
28/03/1983  0       Nulo   35     16     
29/03/1983  0       Nulo   35     11     
30/03/1983  0       Nulo   36     16     
31/03/1983  0       Nulo   35     17     
01/04/1983  0       Nulo   Nulo   16     
02/04/1983  0       Nulo   Nulo   15     
03/04/1983  0       Nulo   Nulo   16     
04/04/1983  0       Nulo   Nulo   17     
05/04/1983  0       Nulo   Nulo   16     
06/04/1983  0       Nulo   Nulo   17     
07/04/1983  0       Nulo   Nulo   16     
08/04/1983  0       Nulo   Nulo   16     
09/04/1983  0       Nulo   Nulo   14     
10/04/1983  0       Nulo   Nulo   16     
11/04/1983  0       Nulo   36     14     
12/04/1983  0       Nulo   36     14     
17/04/1983  0       Nulo   36     17     
18/04/1983  0       Nulo   35     18     
19/04/1983  0       Nulo   35     16     
20/04/1983  0       Nulo   36     17     
21/04/1983  0       Nulo   36     17     
22/04/1983  0       Nulo   35     15     
23/04/1983  0       Nulo   Nulo   17     
24/04/1983  0       Nulo   Nulo   16     
25/04/1983  0       Nulo   Nulo   16     
26/04/1983  0       Nulo   Nulo   16     
27/04/1983  0       Nulo   Nulo   17     
28/04/1983  0       Nulo   Nulo   15     
29/04/1983  0       Nulo   Nulo   15     
30/04/1983  0       Nulo   Nulo   16     
01/05/1983  0       Nulo   Nulo   Nulo   
02/05/1983  0       Nulo   Nulo   Nulo   
03/05/1983  0       Nulo   Nulo   Nulo   
04/05/1983  0       Nulo   Nulo   Nulo   
05/05/1983  0       Nulo   Nulo   Nulo   
06/05/1983  0       Nulo   Nulo   Nulo   
07/05/1983  0       Nulo   Nulo   Nulo   
08/05/1983  0       Nulo   Nulo   Nulo   
09/05/1983  0       Nulo   Nulo   Nulo   
10/05/1983  0       Nulo   Nulo   Nulo   
11/05/1983  0       Nulo   Nulo   Nulo   
12/05/1983  0       Nulo   Nulo   Nulo   
13/05/1983  0       Nulo   Nulo   Nulo   
14/05/1983  0       Nulo   Nulo   Nulo   
15/05/1983  0       Nulo   Nulo   Nulo   
16/05/1983  0       Nulo   Nulo   Nulo   
17/05/1983  0       Nulo   Nulo   Nulo   
18/05/1983  0       Nulo   Nulo   Nulo   
19/05/1983  0       Nulo   Nulo   Nulo   
20/05/1983  0       Nulo   Nulo   Nulo   
21/05/1983  0       Nulo   Nulo   Nulo   
22/05/1983  0       Nulo   Nulo   Nulo   
23/05/1983  0       Nulo   Nulo   Nulo   
24/05/1983  0       Nulo   Nulo   Nulo   
25/05/1983  0       Nulo   Nulo   Nulo   
26/05/1983  0       Nulo   Nulo   Nulo   
27/05/1983  0       Nulo   Nulo   Nulo   
28/05/1983  0       Nulo   Nulo   Nulo   
29/05/1983  0       Nulo   Nulo   Nulo   
30/05/1983  0       Nulo   Nulo   Nulo   
31/05/1983  0       Nulo   Nulo   Nulo   
01/06/1983  0       Nulo   42     18     
02/06/1983  0       Nulo   38     17     
07/06/1983  0       Nulo   42     17     
08/06/1983  0       Nulo   42     17     
09/06/1983  0       Nulo   36     17     
10/06/1983  0       Nulo   36     18     
12/06/1983  0       Nulo   Nulo   Nulo   
13/06/1983  0       Nulo   32     18     
14/06/1983  0       Nulo   44     18     
15/06/1983  0       Nulo   46     13     
16/06/1983  0       Nulo   46     17     
17/06/1983  0       Nulo   48     17     
18/06/1983  0       Nulo   42     16     
23/06/1983  0       Nulo   42     24     
28/06/1983  0       Nulo   34     22     
29/06/1983  0       Nulo   36     20     
01/07/1983  0       Nulo   43     19     
02/07/1983  0       Nulo   45     23     
03/07/1983  0       Nulo   46     26     
04/07/1983  0       Nulo   46     26     
06/07/1983  0       Nulo   Nulo   Nulo   
07/07/1983  0       Nulo   44     26     
08/07/1983  0       Nulo   36     27     
09/07/1983  0       Nulo   46     26     
10/07/1983  0       Nulo   46     22     
11/07/1983  0       Nulo   45     22     
13/07/1983  0       Nulo   Nulo   Nulo   
14/07/1983  0       Nulo   45     25     
15/07/1983  0       Nulo   45     21     
16/07/1983  0       Nulo   36     21     
17/07/1983  0       Nulo   46     26     
18/07/1983  0       Nulo   45     27     
19/07/1983  0       Nulo   44     22     
20/07/1983  0       Nulo   44     22     
21/07/1983  0       Nulo   41     24     
22/07/1983  0       Nulo   46     24     
23/07/1983  0       Nulo   42     25     
24/07/1983  0       Nulo   45     26     
25/07/1983  0       Nulo   46     21     
27/07/1983  0       Nulo   Nulo   Nulo   
28/07/1983  0       Nulo   45     27     
02/08/1983  0       Nulo   45     25     
03/08/1983  0       Nulo   45     25     
08/08/1983  10      Nulo   42     25     
09/08/1983  0       Nulo   44     24     
10/08/1983  0       Nulo   44     25     
15/08/1983  5       Nulo   Nulo   Nulo   
16/08/1983  0       Nulo   39     22     
18/08/1983  0       Nulo   Nulo   Nulo   
20/08/1983  0       Nulo   Nulo   Nulo   
21/08/1983  0       Nulo   42     24     
26/08/1983  0       Nulo   42     25     
28/08/1983  0       Nulo   Nulo   Nulo   
02/09/1983  0       Nulo   41     23     
03/09/1983  0       Nulo   Nulo   Nulo   
10/09/1983  0       Nulo   41     21     
11/09/1983  0       Nulo   37     22     
12/09/1983  0       Nulo   38     24     
13/09/1983  0       Nulo   42     24     
14/09/1983  0       Nulo   29     21     
15/09/1983  0       Nulo   42     22     
16/09/1983  0       Nulo   Nulo   Nulo   
17/09/1983  0       Nulo   Nulo   Nulo   
20/09/1983  0       Nulo   36     24     
21/09/1983  0       Nulo   42     22     
25/09/1983  0       Nulo   42     24     
26/09/1983  0       Nulo   42     23     
27/09/1983  0       Nulo   42     25     
03/10/1983  0       Nulo   36     25     
04/10/1983  0       Nulo   42     22     
05/10/1983  0       Nulo   Nulo   25     
06/10/1983  0       Nulo   Nulo   25     
07/10/1983  0       Nulo   Nulo   25     
08/10/1983  0       Nulo   Nulo   25     
09/10/1983  0       Nulo   Nulo   24     
10/10/1983  0       Nulo   Nulo   24     
11/10/1983  0       Nulo   Nulo   25     
12/10/1983  0       Nulo   Nulo   24     
13/10/1983  0       Nulo   Nulo   24     
14/10/1983  0       Nulo   Nulo   24     
15/10/1983  0       Nulo   Nulo   22     
21/10/1983  0       Nulo   42     22     
22/10/1983  0       Nulo   42     22     
23/10/1983  0       Nulo   42     22     
24/10/1983  0       Nulo   40     24     
25/10/1983  0       Nulo   42     21     
26/10/1983  0       Nulo   42     20     
27/10/1983  0       Nulo   40     22     
28/10/1983  0       Nulo   40     20     
29/10/1983  0       Nulo   40     20     
30/10/1983  0       Nulo   40     22     
31/10/1983  0       Nulo   40     22     
01/11/1983  0       Nulo   40     22     
02/11/1983  0       Nulo   40     22     
03/11/1983  0       Nulo   40     22     
04/11/1983  0       Nulo   38     20     
05/11/1983  0       Nulo   40     19     
06/11/1983  0       Nulo   40     22     
07/11/1983  0       Nulo   Nulo   Nulo   
14/11/1983  0       Nulo   40     22     
15/11/1983  0       Nulo   38     22     
16/11/1983  0       Nulo   Nulo   Nulo   
23/11/1983  0       Nulo   Nulo   Nulo   
24/11/1983  0       Nulo   38     19     
25/11/1983  0       Nulo   40     19     
26/11/1983  0       Nulo   38     14     
27/11/1983  0       Nulo   37     9      
28/11/1983  0       Nulo   36     17     
29/11/1983  0       Nulo   27     17     
30/11/1983  0       Nulo   36     17     
01/12/1983  0       Nulo   31     17     
02/12/1983  0       Nulo   35     19     
03/12/1983  0       Nulo   36     17     
04/12/1983  0       Nulo   35     17     
07/12/1983  0       Nulo   32     11     
08/12/1983  0       Nulo   32     11     
09/12/1983  0       Nulo   36     17     
10/12/1983  0       Nulo   38     17     
11/12/1983  0       Nulo   36     10     
12/12/1983  0       Nulo   35     17     
13/12/1983  0       Nulo   32     18     
14/12/1983  0       Nulo   35     10     
15/12/1983  0       Nulo   35     17     
16/12/1983  0       Nulo   36     16     
17/12/1983  0       Nulo   34     14     
18/12/1983  0       Nulo   34     14     
19/12/1983  0       Nulo   34     14     
20/12/1983  0       Nulo   34     14     
21/12/1983  0       Nulo   34     16     
29/12/1983  0       Nulo   34     11     
30/12/1983  0       Nulo   34     16     
31/12/1983  0       Nulo   34     18     
--------------------------------------
