CNA-SMN-CG-GMC-SMAA-CLIMATOLOGIA
BASE DE DATOS CLIMATOLOGICA
DATOS DISPONIBLES EN LA BASE DE DATOS A DICIEMBRE 2022

ESTACION  : 7216
NOMBRE    : BAJADA GRANDE
ESTADO    : CHIAPAS
MUNICIPIO : PALENQUE
SITUACION : SUSPENDIDA
ORGANISMO : CONAGUA-DGE
CVE-OMM   : Nulo
LATITUD   : 017.701°
LONGITUD  : -92.261°
ALTITUD   : 20 msnm

EMISIÓN   : 29/12/2022

            PRECIP  EVAP   TMAX   TMIN   
  Fecha     (MM)    (MM)   (°C)   (°C)   
25/05/1973  0       6.6    39     25     
26/05/1973  0       6.7    39     26     
27/05/1973  0       7.4    40     25     
28/05/1973  3.9     6.3    38.5   25.5   
29/05/1973  2.2     4.2    34     22     
30/05/1973  11.7    2.9    31.5   22     
31/05/1973  0       3.2    32     23     
01/06/1973  0       3.8    33     22.5   
02/06/1973  0.5     4.2    34     22.5   
03/06/1973  0       4.7    35     23     
04/06/1973  0       5.1    36     23     
05/06/1973  0       4.7    35     23     
06/06/1973  13      4.9    35.5   22     
07/06/1973  1.2     4.3    34     22     
08/06/1973  28.8    4.5    34.5   22     
09/06/1973  18      4.1    33.5   22     
10/06/1973  10.6    4.5    34.5   23     
11/06/1973  0       4.7    35     23.5   
12/06/1973  0       4.9    35.5   23.5   
13/06/1973  12      5.1    36     23.5   
14/06/1973  0       5      35.5   23.5   
15/06/1973  0       5.1    36     22.5   
16/06/1973  0       5.3    36.5   23     
17/06/1973  9       5.3    36.5   22.5   
18/06/1973  25.4    4.9    35.5   23     
19/06/1973  11.5    4.5    34.5   23     
20/06/1973  0       4.7    35     23.5   
21/06/1973  0       4.5    34.5   24     
22/06/1973  3       4.3    34     23.5   
23/06/1973  0       4.9    35.5   24     
24/06/1973  0       5.2    36.5   24     
25/06/1973  0       5.3    36.5   23     
26/06/1973  14.6    5.3    36.5   24     
27/06/1973  42      4.7    35     24     
28/06/1973  8.3     4.5    34.5   22     
29/06/1973  0       4.9    35.5   22.5   
30/06/1973  4.9     4.3    34     23     
01/07/1973  0       4.7    35     23     
02/07/1973  17.4    4.3    34     23     
03/07/1973  1.3     4.1    33.5   23     
04/07/1973  5.9     3.5    32.5   22.5   
05/07/1973  0       4.1    33.5   23     
06/07/1973  0       4.5    34.5   22.5   
07/07/1973  0       4.7    35     23.5   
08/07/1973  0       4.7    35     23     
09/07/1973  0       4.7    35     23.5   
10/07/1973  0       4.7    35     22     
11/07/1973  1.5     4.7    35     22     
12/07/1973  0       5.1    36     22.5   
13/07/1973  0       4.7    35     22.5   
14/07/1973  0       4.7    35     23     
15/07/1973  0       5.3    36.5   22.5   
16/07/1973  0       5.1    36     23     
17/07/1973  2.1     4.6    34.5   23     
18/07/1973  14      4.7    35     23     
19/07/1973  19.6    4      33.5   22.5   
20/07/1973  0       4.1    33.5   22.5   
21/07/1973  0       3.5    32.5   22.5   
22/07/1973  37.5    4.2    34     22     
23/07/1973  4.5     3.8    33     22     
24/07/1973  53.3    2.5    30     22.5   
25/07/1973  21      2.2    28     22.5   
26/07/1973  32.7    3.8    33     22     
27/07/1973  0       3.8    33     22     
28/07/1973  0       4.5    34.5   23     
29/07/1973  0       4.9    35.5   23     
30/07/1973  12.8    4.5    34.5   22.5   
31/07/1973  9.7     4.7    35     22.5   
01/08/1973  0       4.3    34     23     
02/08/1973  20.4    4.7    35     22     
03/08/1973  3.6     4.5    34.5   22     
04/08/1973  0       3.8    33     22     
05/08/1973  41.5    4.2    34     22     
06/08/1973  0       3.8    33     21     
07/08/1973  0       4.1    33.5   22     
08/08/1973  29.8    4      33.5   22.5   
09/08/1973  31      4.2    34     22     
10/08/1973  23.6    4      33.5   21.5   
11/08/1973  0       3.8    33     22.5   
12/08/1973  0       4.3    34     22.5   
13/08/1973  41.9    3.8    33     23     
14/08/1973  16      3.8    33     22     
15/08/1973  6.2     3.5    32.5   23     
16/08/1973  0       4.1    33.5   23     
17/08/1973  2.2     4.2    34     23     
18/08/1973  0       4.3    34     23.5   
19/08/1973  13.7    2.7    31     24     
20/08/1973  16.5    2.4    29     24     
21/08/1973  184     2.2    24.5   22.5   
22/08/1973  45.6    2.1    27.5   22     
23/08/1973  55.5    2.4    29.5   22     
24/08/1973  95.3    2.5    29.5   22.5   
25/08/1973  22.4    2.5    30     22.5   
26/08/1973  23      2.7    31     23.5   
27/08/1973  13.6    3.2    32     23     
28/08/1973  33.7    2.9    31.5   23.5   
29/08/1973  18      2.7    31     23     
30/08/1973  45.2    2.9    31.5   23     
31/08/1973  6.6     2.2    28     23     
01/09/1973  10.6    2.3    29     23     
02/09/1973  7.2     3.2    32     23.5   
03/09/1973  16.6    4.5    34.5   22.5   
04/09/1973  18.8    4.3    34     23.5   
05/09/1973  25.6    4.1    33.5   24     
06/09/1973  5.1     3.8    33     23     
07/09/1973  0       3.6    32.5   23.5   
08/09/1973  7.6     4.1    33.5   24     
09/09/1973  0       4.1    33.5   23.5   
10/09/1973  0       4.1    33.5   24     
11/09/1973  0       4.7    35     23.5   
12/09/1973  0       5.1    36     23     
13/09/1973  0       5.1    36     23     
14/09/1973  0       4.5    34.5   23     
15/09/1973  15.9    4.2    34     23.5   
16/09/1973  4.1     3.8    33     22.5   
17/09/1973  0       4.1    33.5   23     
18/09/1973  42.6    4.1    33.5   22.5   
19/09/1973  39.6    3.8    33     23     
20/09/1973  32.4    3.2    32     22.5   
21/09/1973  0       3.8    33     22.5   
22/09/1973  13.9    3.5    32.5   22.5   
23/09/1973  3.1     4.3    34     23     
24/09/1973  0       4.2    34     23     
25/09/1973  0       5.1    36     23     
26/09/1973  0       4.7    35     23.5   
27/09/1973  0       5      35.5   23     
28/09/1973  24.6    3.8    33     23.5   
29/09/1973  91.5    3.7    32.5   22     
30/09/1973  26.4    3.6    32.5   22     
01/10/1973  21.7    3.8    33     23     
02/10/1973  0       2.9    31.5   23     
03/10/1973  16.5    3.5    32.5   22.5   
04/10/1973  0       3.2    32     22     
05/10/1973  22.2    2.6    30.5   21.5   
06/10/1973  61.4    2.7    31     23     
07/10/1973  29.6    2.6    30.5   23     
08/10/1973  11.5    2.7    31     23     
09/10/1973  12.3    4.2    34     23.5   
10/10/1973  26.8    4      33.5   24     
11/10/1973  11      4      33.5   23     
12/10/1973  6.4     3.8    33     24     
13/10/1973  0       4.1    33.5   23     
14/10/1973  48.6    3.8    33     23     
15/10/1973  49.1    2.7    31     22.5   
16/10/1973  5.4     2.3    28.5   21.5   
17/10/1973  0       2.5    30     22     
18/10/1973  7.2     2.3    28.5   22     
19/10/1973  0       2.4    29.5   22.5   
20/10/1973  26.1    2.6    30.5   22     
21/10/1973  13.5    2.3    28.5   22     
22/10/1973  46.6    2      26     21.5   
23/10/1973  0       1.6    26     21.5   
24/10/1973  21.4    1.8    26.5   22     
25/10/1973  0       2.7    31     22     
26/10/1973  0       3.2    32     22     
27/10/1973  8.3     2.9    31.5   22     
28/10/1973  9.4     2.3    29     22     
29/10/1973  10.8    2.4    29.5   22     
30/10/1973  0       2.7    31     22     
31/10/1973  8.9     3.8    33     22.5   
01/11/1973  0       3.5    32.5   23     
02/11/1973  0       3.8    33     22.5   
03/11/1973  4.5     3.8    33     23.5   
04/11/1973  0       3.5    32.5   22.5   
05/11/1973  0       3.6    32.5   22.5   
06/11/1973  25.6    3.5    32.5   23     
07/11/1973  13.6    2.9    31.5   22.5   
08/11/1973  7.2     3.2    32     21.5   
09/11/1973  35.8    2.9    31.5   22     
10/11/1973  25.4    2.6    30.5   21.5   
11/11/1973  0       2.5    30     20     
12/11/1973  0       2.5    30     20     
13/11/1973  0       2.5    30     20     
14/11/1973  0       2.5    30     21.5   
15/11/1973  0       2.7    31     21.5   
16/11/1973  94.4    2.7    32     22.5   
17/11/1973  0       2.7    31     22     
18/11/1973  0       2.7    31     21.5   
19/11/1973  0       3.5    32.5   21.5   
20/11/1973  0       3.8    33     20     
21/11/1973  12.2    3.2    32     21.5   
22/11/1973  5.5     3.5    32.5   22.5   
23/11/1973  0       3.3    32     22.5   
24/11/1973  0       2.9    31.5   21     
25/11/1973  0       3.9    33     21     
26/11/1973  0       4.1    33.5   22     
27/11/1973  0       4.3    34     23.5   
28/11/1973  66.2    2.7    31     23.5   
29/11/1973  24.8    0.2    21.5   19     
30/11/1973  0       0.7    23.5   18     
01/12/1973  0       1.6    26     19     
02/12/1973  4.2     1.3    25     19     
03/12/1973  0       2.5    30     19.5   
04/12/1973  0       2.5    30     19     
05/12/1973  0       2.6    30.5   19.5   
06/12/1973  44.6    3      31.5   21     
07/12/1973  50.7    1.1    24.5   21     
08/12/1973  16.1    1.1    24.5   18     
09/12/1973  0       1.5    25.5   15.5   
10/12/1973  0       1.8    26.5   14     
11/12/1973  0       1.3    25     14     
12/12/1973  0       1.5    25.5   12.5   
13/12/1973  0       1.8    26.5   14     
14/12/1973  0       2.3    28     15     
15/12/1973  0       2.3    28.5   15.5   
16/12/1973  24.6    2.3    28.5   17     
17/12/1973  10.5    0.9    24     16.5   
18/12/1973  0       1.3    25     13     
19/12/1973  0       2.3    28.5   14.5   
20/12/1973  42      0.2    21.5   14.5   
21/12/1973  2.6     0.2    20     14.5   
22/12/1973  0       0.3    22     14.5   
23/12/1973  0       1.3    25     13.5   
24/12/1973  0       2.5    29.5   14     
25/12/1973  0       2.6    30.5   16.5   
26/12/1973  0       2.3    29     17     
27/12/1973  11.8    2.3    28     19     
28/12/1973  0       2.3    29     20.5   
29/12/1973  0       2.5    29.5   18     
30/12/1973  0       2.7    31     18.5   
31/12/1973  0       3      31.5   19     
01/01/1974  0       2.7    31     19.5   
02/01/1974  33.2    2.5    29.5   20     
03/01/1974  17.1    2.4    29     19.5   
04/01/1974  42.6    2.3    28.5   19.5   
05/01/1974  0       2.3    28.5   19.5   
06/01/1974  0       2.6    30.5   19     
07/01/1974  0       2.5    30     19.5   
08/01/1974  0       2.7    31     19.5   
09/01/1974  0       2.7    31     18.5   
10/01/1974  0       3      31.5   18.5   
11/01/1974  0       2.5    30     18.5   
12/01/1974  2       2.7    31     20.5   
13/01/1974  0       2.3    28     21     
14/01/1974  0       2.3    28.5   19     
15/01/1974  0       2.5    30     20     
16/01/1974  0       2.4    29     18.5   
17/01/1974  0       2.5    30     19     
18/01/1974  0       2.5    30     18     
19/01/1974  0       2.7    31     19     
20/01/1974  0       2.5    30     20     
21/01/1974  0       2.7    31     21     
22/01/1974  0       3      31.5   19.5   
23/01/1974  0       2.6    30.5   17.5   
24/01/1974  0       2.7    31     19.5   
25/01/1974  0       2.5    30     19     
26/01/1974  0       2.6    30.5   18.5   
27/01/1974  0       3.3    32     18     
28/01/1974  0       3.6    32.5   19     
29/01/1974  0       3      31.5   20     
30/01/1974  0       3      31.5   21     
31/01/1974  0       2.7    31     19     
01/02/1974  0       3.2    32     18.5   
02/02/1974  0       3.8    33     18.5   
03/02/1974  0       4      33.5   19.5   
04/02/1974  8.6     3.2    32     20.5   
05/02/1974  0       2.5    29.5   20     
06/02/1974  0       3.5    32.5   18.5   
07/02/1974  0       3.3    32     17.5   
08/02/1974  58.6    2.5    30     18.5   
09/02/1974  42.6    0.2    20.5   18.5   
10/02/1974  0       0.2    20     16     
11/02/1974  0       1.5    25.5   14     
12/02/1974  0       1.7    26     15     
13/02/1974  0       2.5    30     14     
14/02/1974  0       2.6    30.5   15.5   
15/02/1974  0       3.5    32.5   17.5   
16/02/1974  0       2.6    30.5   18.5   
17/02/1974  0       2.5    30     19     
18/02/1974  0       3      31.5   17     
19/02/1974  0       3      31.5   18     
20/02/1974  0       3.2    32     19.5   
21/02/1974  0       4.6    34.5   19     
22/02/1974  31.6    1.2    25     21.5   
23/02/1974  0       0.6    23     17     
24/02/1974  34.6    2.2    28     16.5   
25/02/1974  127.6   1.2    22     19     
26/02/1974  0       0.2    21     16     
27/02/1974  0       1.3    25     14     
28/02/1974  0       2      27     14     
01/03/1974  0       2.2    28     15.5   
02/03/1974  0       2.4    29     16.5   
03/03/1974  0       3.3    32     17     
04/03/1974  0       4.1    33.5   18     
05/03/1974  0       4.3    34     19.5   
06/03/1974  0       3.2    32     21     
07/03/1974  0       3.5    32.5   20.5   
08/03/1974  0       4.3    34     21     
09/03/1974  0       3.5    32.5   20.5   
10/03/1974  0       3.8    33     21     
11/03/1974  8       3.5    32.5   21.5   
12/03/1974  0       3.5    32.5   20.5   
13/03/1974  10.6    2.9    31.5   20.5   
14/03/1974  0       2.7    31     20.5   
15/03/1974  0       3.3    32     20.5   
16/03/1974  5       2.5    30     20.5   
17/03/1974  0       2.2    27.5   21.5   
18/03/1974  0       2.7    31     20.5   
19/03/1974  0       4.3    34     20     
20/03/1974  0       4.6    34.5   20.5   
21/03/1974  0       5.1    36     22     
22/03/1974  0       4.1    33.5   23.5   
23/03/1974  0       5.1    36     22.5   
24/03/1974  0       5.2    36     23.5   
25/03/1974  0       3.8    33     23     
26/03/1974  0       4.1    33.5   23.5   
27/03/1974  1.2     3.8    33     22.5   
28/03/1974  0       4.2    34     21.5   
29/03/1974  0       4.3    34     21     
30/03/1974  0       4.6    34.5   21.5   
31/03/1974  0       5.1    36     20     
01/04/1974  0       5.6    37.5   21     
02/04/1974  0       5.3    36.5   22.5   
03/04/1974  0       6.1    38     23.5   
04/04/1974  0       6.4    38.5   22.5   
05/04/1974  56.3    2.3    29     24.5   
06/04/1974  15      0.3    22     19     
07/04/1974  0       2.9    31.5   18.5   
08/04/1974  21.8    4.2    34     20     
09/04/1974  9       3.5    32.5   21.5   
10/04/1974  0       3.8    33     21     
11/04/1974  0       4.5    34.5   21.5   
12/04/1974  0       5      35.5   21.5   
13/04/1974  0       5.1    36     21.5   
14/04/1974  0       5.4    36.5   22.5   
15/04/1974  2       4.7    35     22.5   
16/04/1974  11.9    3.8    33     23.5   
17/04/1974  0       4.1    33.5   22     
18/04/1974  0       3.9    33     22.5   
19/04/1974  0       4.5    34.5   21.5   
20/04/1974  0       4.6    34.5   21.5   
21/04/1974  0       4.9    35.5   21     
22/04/1974  0       4.7    35     22     
23/04/1974  0       4.6    34.5   22     
24/04/1974  29.3    2.6    30.5   23.5   
25/04/1974  5.6     4.2    34     22.5   
26/04/1974  13.4    2.6    30.5   23     
27/04/1974  0       3.2    32     21.5   
28/04/1974  0       3      31.5   22.5   
29/04/1974  0       4.1    33.5   19     
30/04/1974  0       4.6    34.5   21     
01/05/1974  0       4.5    34.5   21.5   
02/05/1974  0       4.6    34.5   21     
03/05/1974  0       5      35.5   21     
04/05/1974  0       5.2    36.5   22.5   
05/05/1974  0       5.3    36.5   21.5   
06/05/1974  0       4.5    34.5   23.5   
07/05/1974  0       4.7    35     23     
08/05/1974  0       5.6    37.5   23.5   
09/05/1974  0       5.4    36.5   24.5   
10/05/1974  0       7.4    40     24     
11/05/1974  0       6.8    39     26     
12/05/1974  15.6    5.6    37.5   25.5   
13/05/1974  0       5.1    36     22     
14/05/1974  0       6.7    39     23     
15/05/1974  0       6.8    39     23.5   
16/05/1974  0       5.9    38     23     
17/05/1974  14.4    4.9    35.5   23     
18/05/1974  5.6     4.2    34     20.5   
19/05/1974  0       3.8    33     20     
20/05/1974  0       4      33.5   21.5   
21/05/1974  36.6    4.7    35     21.5   
22/05/1974  6       3.8    33     21     
23/05/1974  0       4      33.5   22     
24/05/1974  6.8     4.1    33.5   22.5   
25/05/1974  0       4.2    34     22.5   
26/05/1974  0       4.5    34.5   22.5   
27/05/1974  15.8    4.7    35     24     
28/05/1974  3       3.2    32     23     
29/05/1974  0       4.9    35.5   22     
30/05/1974  0       5.4    37     22     
31/05/1974  0       5.7    37.5   23     
01/06/1974  0       5.4    37     23.5   
02/06/1974  44.6    4.5    34.5   24     
03/06/1974  51      4.5    33.5   22.5   
04/06/1974  0       4.5    34.5   23     
05/06/1974  0       4.9    35.5   23.5   
06/06/1974  0       5.7    37.5   22.5   
07/06/1974  0       5.6    37.5   24.5   
08/06/1974  0       6.3    38.5   25.5   
09/06/1974  0       6.3    38.5   24.5   
10/06/1974  8.6     5.7    37.5   23.5   
11/06/1974  19      4.5    34.5   22     
12/06/1974  0       4.5    34.5   22     
13/06/1974  0       4.7    35     22.5   
14/06/1974  26.5    4      33.5   23.5   
15/06/1974  0       3.2    32     22.5   
16/06/1974  0       2.5    29.5   21.5   
17/06/1974  21.3    2.7    31     22     
18/06/1974  27      3.1    32     21.5   
19/06/1974  33.3    3.5    32.5   22.5   
20/06/1974  25      3.5    32.5   22.5   
21/06/1974  17.7    3      31.5   23     
22/06/1974  0       2.7    31     23.5   
23/06/1974  0       2.4    29.5   24     
24/06/1974  33.6    2.2    28     23.5   
25/06/1974  4.1     2.4    29.5   23     
26/06/1974  0       2.5    30     22.5   
27/06/1974  0       2.5    30     21.5   
28/06/1974  29.3    2.6    30.5   21.5   
29/06/1974  16.1    3      31.5   22     
30/06/1974  0       3.5    32.5   22     
01/07/1974  23.8    2.7    31     23     
02/07/1974  25.4    3.5    32.5   22.5   
03/07/1974  12      2.9    31.5   22.5   
04/07/1974  0       3.8    33     23     
05/07/1974  0       3.8    33     21.5   
06/07/1974  0       4      33.5   21.5   
07/07/1974  0       4.2    34     22     
08/07/1974  0       4.1    33.5   22     
09/07/1974  0       4.1    33.5   21     
10/07/1974  0.6     3.6    32.5   21.5   
11/07/1974  0       3.8    33     22     
12/07/1974  0       3.9    33     22     
13/07/1974  0       3.3    32     22.5   
14/07/1974  0       3.3    32     21.5   
15/07/1974  0       3.3    32     21.5   
16/07/1974  1.9     4.1    33.5   22.5   
17/07/1974  0       4.7    35     21     
18/07/1974  0       4.3    34     21     
19/07/1974  46.1    3.8    33     20.5   
20/07/1974  32.6    3.8    33     21     
21/07/1974  52.5    4      33.5   21     
22/07/1974  34.8    3.8    33     20.5   
23/07/1974  10.6    3.8    33     20.5   
24/07/1974  0       3.8    33     21.5   
25/07/1974  0       4.2    34     21.5   
26/07/1974  0       4.7    35     22     
27/07/1974  0       4.6    34.5   21.5   
28/07/1974  0       4.3    34     21     
29/07/1974  0       4.9    35.5   22     
30/07/1974  1.1     5      35.5   22     
31/07/1974  4       5      35.5   21.5   
01/08/1974  0       4.6    34.5   23     
02/08/1974  4.6     3.9    33     22.5   
03/08/1974  3       4.2    34     21.5   
04/08/1974  28.1    3.7    32     22     
05/08/1974  0       3.8    33     22.5   
06/08/1974  0       4.5    34.5   21.5   
07/08/1974  0       5      35.5   21     
08/08/1974  0       4.6    34.5   22     
09/08/1974  0       4.5    34.5   22     
10/08/1974  3.3     4.3    34     23.5   
11/08/1974  0       4.3    34     22     
12/08/1974  26.4    4.3    34     21.5   
13/08/1974  6.2     4.5    34.5   22     
14/08/1974  0       4.3    34     22.5   
15/08/1974  9       4.2    34     22     
16/08/1974  0       3.5    32.5   22     
17/08/1974  0       4.5    34.5   23.5   
18/08/1974  0       4.3    34     22     
19/08/1974  0       4.3    34     21.5   
20/08/1974  0       4.3    34     20.5   
21/08/1974  0       4.5    34.5   21     
22/08/1974  3.7     4.6    34.5   21.5   
23/08/1974  0       3.8    33     22.5   
24/08/1974  5       4      33.5   22     
25/08/1974  26.5    4.2    34     21.5   
26/08/1974  7.1     4.3    34     23.5   
27/08/1974  10.6    3.5    32.5   21.5   
28/08/1974  0       3.2    32     22.5   
29/08/1974  0       4      33.5   21.5   
30/08/1974  0       3.8    33     21.5   
31/08/1974  17.6    4.5    34.5   23     
01/09/1974  0       4.5    34.5   22     
02/09/1974  39.4    3.2    32     22     
03/09/1974  5.4     2.3    28.5   21.5   
04/09/1974  2.8     2.1    27.5   22.5   
05/09/1974  48.6    2.3    29     22.5   
06/09/1974  0       2.4    29     22.5   
07/09/1974  15.6    3      31.5   20     
08/09/1974  0       3.5    32.5   19.5   
09/09/1974  0       4.1    33.5   22     
10/09/1974  46.4    4.3    34     22.5   
11/09/1974  0       3.5    32.5   22.5   
12/09/1974  0       4.8    35     22.5   
13/09/1974  25.8    4.7    35     23     
14/09/1974  7.5     3.8    33     22     
15/09/1974  0       4.3    34     22.5   
16/09/1974  10.6    4.1    33.5   22.5   
17/09/1974  8.2     3.8    33     23     
18/09/1974  10.8    3.6    32.5   22.5   
19/09/1974  126.5   3      29.5   22     
20/09/1974  19.8    2.5    30     22.5   
21/09/1974  0       2.7    31     22.5   
22/09/1974  30.7    4.1    33.5   23.5   
23/09/1974  10.3    3.8    33     22.5   
24/09/1974  0       4.7    35     23     
25/09/1974  25.4    4.1    33.5   23.5   
26/09/1974  5.7     3.8    33     23     
27/09/1974  0       4.6    34.5   23.5   
28/09/1974  0       4.7    35     23.5   
29/09/1974  66.3    3.7    33     23.5   
30/09/1974  29      2.7    31     22.5   
01/10/1974  30      2.6    30.5   20.5   
02/10/1974  45.3    2.3    29     21     
03/10/1974  66.8    2.4    27.5   21.5   
04/10/1974  13.3    2.4    29.5   21     
05/10/1974  21.6    2.5    29.5   22     
06/10/1974  0       2.4    29.5   20     
07/10/1974  4       2.7    31     20     
08/10/1974  0       2.3    28.5   21     
09/10/1974  0       2.4    29     19.5   
10/10/1974  0       2.2    28.5   21.5   
11/10/1974  0       2.5    29.5   20     
12/10/1974  41.8    2.3    28     19.5   
13/10/1974  37.6    2.4    29.5   20.5   
14/10/1974  14.4    2.5    30     21.5   
15/10/1974  44.8    3.3    32     21.5   
16/10/1974  16      2.7    31     22.5   
17/10/1974  7.8     2.1    27.5   21.5   
18/10/1974  10.9    2.2    28     21.5   
19/10/1974  4.2     2.3    28.5   19     
20/10/1974  0       2.5    30     19.5   
21/10/1974  0       2.5    30     20     
22/10/1974  15.9    2.2    28     20.5   
23/10/1974  13.3    1.7    26.5   21     
24/10/1974  27.6    2.3    28.5   22.5   
25/10/1974  35.5    2.2    28     21.5   
26/10/1974  0       2.4    29.5   21     
27/10/1974  0       2.8    31     21.5   
28/10/1974  0       2.7    31     20     
29/10/1974  0       3.5    32.5   21.5   
30/10/1974  0       4.1    33.5   22     
31/10/1974  0       3.2    32     22     
01/11/1974  0       3.1    31.5   23     
02/11/1974  0       3.3    32     22     
03/11/1974  0       3.9    33     21.5   
04/11/1974  0       3.8    33     20.5   
05/11/1974  0       3.8    33     20     
06/11/1974  0       3.5    32.5   20     
07/11/1974  24.6    2.7    31     21     
08/11/1974  0       2.9    31.5   21.5   
09/11/1974  0       3      31.5   20     
10/11/1974  0       3.3    32     21.5   
11/11/1974  50.8    2      31.5   21     
12/11/1974  24.1    0.7    23.5   20     
13/11/1974  0       1.5    25.5   17.5   
14/11/1974  3       2.3    28.5   15.5   
15/11/1974  5       2.4    29     18     
16/11/1974  0       2.5    30     21     
17/11/1974  0       2.7    31     20.5   
18/11/1974  0       2.7    31     21.5   
19/11/1974  0       3.2    32     20.5   
20/11/1974  0       3.3    32     21     
21/11/1974  5.4     2.5    30.5   21.5   
22/11/1974  0       2.6    30.5   20     
23/11/1974  0       2.7    31     21     
24/11/1974  30.8    2.6    30.5   19.5   
25/11/1974  26.4    1.1    24.5   20.5   
26/11/1974  4.7     0.3    22     17.5   
27/11/1974  0       1.8    26.5   18     
28/11/1974  0       1.2    25     17.5   
29/11/1974  0       2.4    29     18     
30/11/1974  25.5    1.9    27     20     
01/12/1974  24.3    0.3    22     19     
02/12/1974  0       0.9    24     17     
03/12/1974  0       2.1    27.5   16.5   
04/12/1974  0       2.1    27.5   16     
05/12/1974  0       2.2    28     16     
06/12/1974  0       2.3    28.5   16     
07/12/1974  0       2.4    29     16.5   
08/12/1974  0       2.4    29     18     
09/12/1974  10.7    2.2    28     19     
10/12/1974  1.7     1.2    25     19.5   
11/12/1974  0       2.4    29     19     
12/12/1974  0       2.5    30     19     
13/12/1974  14.6    2.4    29.5   20     
14/12/1974  0       2.5    30     21     
15/12/1974  0       2.7    31     19.5   
16/12/1974  13.7    2.9    31.5   20.5   
17/12/1974  32.5    1.7    26     22     
18/12/1974  0       1.9    27     16.5   
19/12/1974  0       1.3    25     17     
20/12/1974  0       2.2    28     19     
21/12/1974  5.4     2.1    27.5   20.5   
22/12/1974  0       2.5    29.5   21     
23/12/1974  0       2.7    31     17.5   
24/12/1974  0       3      31.5   18.5   
25/12/1974  0       2.5    29.5   19     
26/12/1974  0       2.6    30.5   19     
27/12/1974  0       3.1    31.5   19     
28/12/1974  0       3.3    32     21     
29/12/1974  0       2.4    29.5   16.5   
30/12/1974  0       2.7    31     19     
31/12/1974  0       2.8    31     17.5   
01/01/1975  2.8     2.5    30     16.5   
02/01/1975  0       2.2    28     19     
03/01/1975  0       2.8    31     19     
04/01/1975  29.6    2.5    29.5   19.5   
05/01/1975  0.6     0.8    23.5   17.5   
06/01/1975  0       2.1    27.5   17     
07/01/1975  0       2.5    30     18.5   
08/01/1975  0       2.6    30.5   16     
09/01/1975  0       2.5    30     18     
10/01/1975  0       3.6    32.5   17     
11/01/1975  0       3.1    31.5   17     
12/01/1975  4.6     2.5    30     17     
13/01/1975  39.7    0.2    20.5   17.5   
14/01/1975  0       0.1    20     16     
15/01/1975  0       0.8    23.5   14.5   
16/01/1975  0       1.7    26     16     
17/01/1975  0       2.3    28.5   16.5   
18/01/1975  0       2.5    29.5   18.5   
19/01/1975  40.8    2.5    30     19     
20/01/1975  91.4    2      23     19.5   
21/01/1975  0       1.4    25.5   17     
22/01/1975  0       1.7    26     17.5   
23/01/1975  5.8     2.3    28.5   19     
24/01/1975  0       2.3    28.5   19.5   
25/01/1975  0       2.4    29     19     
26/01/1975  0       2.6    30.5   19.5   
27/01/1975  0       2.3    29     19.5   
28/01/1975  0       2.5    30     19     
29/01/1975  0       2.5    30     19.5   
30/01/1975  0       3      31.5   19     
31/01/1975  0       3.1    31.5   19     
01/02/1975  0       2.7    31     19     
02/02/1975  0       2.7    31     18.5   
03/02/1975  0       2.7    31     19     
04/02/1975  0       3      31.5   17.5   
05/02/1975  0       3.3    32     18     
06/02/1975  0       3.1    31.5   19     
07/02/1975  48.6    1.5    25.5   20.5   
08/02/1975  0       2.1    27.5   18.5   
09/02/1975  5.8     2.7    31     19     
10/02/1975  0       2.7    31     20     
11/02/1975  0       3.2    32     19.5   
12/02/1975  30      2.9    31.5   19     
13/02/1975  28.7    2.1    27.5   20.5   
14/02/1975  0       2.4    29.5   19.5   
15/02/1975  0       3      31.5   19     
16/02/1975  0       3.5    32.5   18.5   
17/02/1975  0       3.3    32     18.5   
18/02/1975  0       4.1    33.5   19.5   
19/02/1975  13.7    3.1    31.5   21     
20/02/1975  0       2.3    28.5   21.5   
21/02/1975  0       3.2    32     21.5   
22/02/1975  0       4.2    34     20     
23/02/1975  32.6    3.8    33     20.5   
24/02/1975  16.3    0.1    19.5   17.5   
25/02/1975  0       1.6    26     15     
26/02/1975  0       2.5    30     15     
27/02/1975  0       2.4    29     16.5   
28/02/1975  0       2.5    29.5   19     
01/03/1975  0       2.7    30.5   21.5   
02/03/1975  0       3      31.5   20     
03/03/1975  0       3.3    32     19.5   
04/03/1975  10.6    4.1    33.5   21     
05/03/1975  0       3.4    32     22     
06/03/1975  0       3.9    33     20     
07/03/1975  0       4.1    33.5   20     
08/03/1975  3       3.8    33     22     
09/03/1975  0       3.3    32     22     
10/03/1975  0       4.6    34.5   17.5   
11/03/1975  0       4.6    34.5   20.5   
12/03/1975  0       5      35.5   21     
13/03/1975  42.3    4.5    34.5   21     
14/03/1975  0       1.3    25     20.5   
15/03/1975  0       3.3    32     17     
16/03/1975  0       4.2    34     20     
17/03/1975  0       4.2    34     22     
18/03/1975  0       4.5    34.5   19.5   
19/03/1975  0       3.6    32.5   22     
20/03/1975  0       3.9    33     20.5   
21/03/1975  0       4.7    35     22     
22/03/1975  0       4.7    35     19.5   
23/03/1975  0       5.4    36.5   19.5   
24/03/1975  0       5.6    37     21.5   
25/03/1975  0       4.2    34     23     
26/03/1975  0       4.5    34.5   23     
27/03/1975  0       5.3    36.5   21     
28/03/1975  0       5      35.5   21.5   
29/03/1975  0       5.1    36     20.5   
30/03/1975  4       2.3    29     22     
31/03/1975  0       3.7    33     20     
01/04/1975  0       4.7    35     21.5   
02/04/1975  0       5.3    36.5   23     
03/04/1975  0       3.2    32     21     
04/04/1975  0       4.5    34.5   23     
05/04/1975  0       4.7    35     22.5   
06/04/1975  0       5      35.5   22     
07/04/1975  0       5.5    37     22.5   
08/04/1975  0       5.4    37     21     
09/04/1975  0       5.5    37     22.5   
10/04/1975  0       5.5    37     23     
11/04/1975  0       5.3    36.5   23     
12/04/1975  0       4.3    34     23.5   
13/04/1975  0       6.1    38     23.5   
14/04/1975  0       5.7    37.5   23     
15/04/1975  0       5      35.5   24     
16/04/1975  0       5      35.5   21.5   
17/04/1975  0       5.1    36     22     
18/04/1975  0       5.7    37.5   21     
19/04/1975  0       5.4    37     21.5   
20/04/1975  0       5.1    35.5   23.5   
21/04/1975  0       4.9    35.5   22.5   
22/04/1975  0       4.9    35.5   21     
23/04/1975  0       5.2    36     21     
24/04/1975  0       5.1    36     21     
25/04/1975  0       5.3    36.5   22     
26/04/1975  0       5.4    37     22     
27/04/1975  0       5.5    37     21.5   
28/04/1975  0       5.3    36.5   22     
29/04/1975  0       5.3    36.5   22.5   
30/04/1975  0       6.5    39     23.5   
01/05/1975  0       4.9    35.5   23.5   
02/05/1975  0       6.1    38     22.5   
03/05/1975  0       6      38     22     
04/05/1975  0       6      38     22     
05/05/1975  0       6.2    38     23     
06/05/1975  0       7.8    40.5   25.5   
07/05/1975  0       6.8    39     25     
08/05/1975  0       6.1    38     25     
09/05/1975  0       6.7    39     25     
10/05/1975  0       5.1    36     24     
11/05/1975  0       5.3    36.5   24     
12/05/1975  0       4.3    34     24     
13/05/1975  0       4.1    33.5   23     
14/05/1975  0       5.4    37     24     
15/05/1975  0       6.1    38     23.5   
16/05/1975  0       5.3    36.5   23     
17/05/1975  0       6.1    38     23.5   
18/05/1975  0       6.4    38.5   24     
19/05/1975  0       6      38     23.5   
20/05/1975  0       7.7    40.5   23.5   
21/05/1975  0       5.5    37     24     
22/05/1975  0       7.2    39.5   24     
23/05/1975  20.8    5.4    37     23.5   
24/05/1975  0       5.5    37     24     
25/05/1975  51.6    4.9    35.5   24.5   
26/05/1975  22      3.5    32.5   22.5   
27/05/1975  0       5      35.5   23     
28/05/1975  0       6      38     24     
29/05/1975  7.2     7.1    39.5   25     
30/05/1975  10.5    5.7    39     24.5   
31/05/1975  17.8    5.1    36     24.5   
01/06/1975  27.4    2.7    31     24     
02/06/1975  38.4    3      31.5   21.5   
03/06/1975  10.3    3.2    32     22.5   
04/06/1975  0       4.5    34.5   22     
05/06/1975  0       5      35.5   23     
06/06/1975  0       5.4    37     24     
07/06/1975  0       5.7    37.5   23.5   
08/06/1975  4.4     6.1    38     24     
09/06/1975  0       5.8    37.5   23     
10/06/1975  0       5.8    37.5   23     
11/06/1975  0       5.4    37     23.5   
12/06/1975  21.9    4.9    35.5   23     
13/06/1975  30.8    4.7    35     22     
14/06/1975  0       4.9    35.5   22     
15/06/1975  0       5.1    36     23     
16/06/1975  0       5.2    36     24     
17/06/1975  0       5.1    36     22     
18/06/1975  0       5.3    36.5   22     
19/06/1975  0       5.1    36     24     
20/06/1975  0       5.2    36     22.5   
21/06/1975  0       5.3    36.5   23.5   
22/06/1975  59.8    5.1    36     23     
23/06/1975  7.2     4.2    34     21.5   
24/06/1975  0       4      33.5   21     
25/06/1975  6       4.5    34.5   22.5   
26/06/1975  0       4.6    34.5   23     
27/06/1975  0       4.7    35     21.5   
28/06/1975  0       4.9    35.5   22     
29/06/1975  0       4.8    35     22     
30/06/1975  0       5.1    36     21.5   
01/07/1975  11.5    4.7    35     22     
02/07/1975  2.2     4.3    34     21.5   
03/07/1975  6.4     3      31.5   22     
04/07/1975  8.8     3.8    33     21.5   
05/07/1975  0       4.2    34     21.5   
06/07/1975  0       4.3    34     21.5   
07/07/1975  0       4.6    34.5   22     
08/07/1975  0       4.3    34     22     
09/07/1975  4.5     4.5    34.5   21.5   
10/07/1975  4.3     3.5    32.5   22     
11/07/1975  0       4.3    34     22     
12/07/1975  0       5.2    36     22.5   
13/07/1975  0       5.4    37     22     
14/07/1975  0       5.5    37     22     
15/07/1975  0       5.1    36     22.5   
16/07/1975  6.1     5.1    36     22     
17/07/1975  0       5.3    36.5   22     
18/07/1975  4.9     4.7    35     22     
19/07/1975  0       5      35.5   20.5   
20/07/1975  0       5.5    37     22     
21/07/1975  0       5.3    36.5   22     
22/07/1975  0       5.1    36     22.5   
23/07/1975  3.6     5.1    36     22.5   
24/07/1975  35.4    4.5    34.5   22     
25/07/1975  1.3     4.1    33.5   22     
26/07/1975  11.8    2.3    28.5   22     
27/07/1975  0       4.7    35     22.5   
28/07/1975  0       4.9    35.5   22     
29/07/1975  0       4.7    35     22     
30/07/1975  2.5     5.3    36.5   22     
31/07/1975  0       5.4    36.5   22.5   
01/08/1975  0       5.2    36     21.5   
02/08/1975  0       5.1    36     23     
03/08/1975  0       5.1    36     22     
04/08/1975  8.7     4.3    34     21.5   
05/08/1975  0       3.5    32.5   23     
06/08/1975  12.2    5.1    36     23     
07/08/1975  6.5     5      35.5   22     
08/08/1975  0       5      35.5   21.5   
09/08/1975  0       4.6    34.5   22     
10/08/1975  8.3     4.7    35     21.5   
11/08/1975  0       4.7    35     22     
12/08/1975  14.3    4.7    35     22.5   
13/08/1975  15      5.2    36.5   22     
14/08/1975  0       4.9    35.5   21     
15/08/1975  2.4     4.9    35.5   21     
16/08/1975  7.5     5.1    36     21.5   
17/08/1975  0       4.6    34.5   22.5   
18/08/1975  0       4.5    34.5   22     
19/08/1975  0       4.6    34.5   22.5   
20/08/1975  3       4.7    35     22     
21/08/1975  8.6     3.7    33     22.5   
22/08/1975  10.4    4.3    34     22     
23/08/1975  0       4.2    34     21.5   
24/08/1975  0       4.9    35.5   21.5   
25/08/1975  8       4.8    35     21.5   
26/08/1975  0       4.7    35     21.5   
27/08/1975  0       5.1    36     21.5   
28/08/1975  12.7    5.2    36     22     
29/08/1975  16      4.7    35     21.5   
30/08/1975  0       5.1    36     22     
31/08/1975  0       5      35.5   22     
01/09/1975  0       5.2    36     23     
02/09/1975  44.8    4.5    34.5   22.5   
03/09/1975  0       3.3    32     22.5   
04/09/1975  0       4      33.5   21.5   
05/09/1975  20      3.8    33     23     
06/09/1975  19      4.3    34     22     
07/09/1975  18.9    4.1    33.5   22     
08/09/1975  16.2    3.5    32.5   22     
09/09/1975  10      3.2    32     22     
10/09/1975  0       3.4    32.5   22.5   
11/09/1975  0       4.2    34     23     
12/09/1975  23.7    3.7    33     22.5   
13/09/1975  0       3.9    33     22.5   
14/09/1975  10.4    4.1    33.5   23     
15/09/1975  0       3.2    32     22     
16/09/1975  5       4.4    34     22.5   
17/09/1975  6.3     4.3    34     22     
18/09/1975  0       4.3    34     23.5   
19/09/1975  2       4.9    35.5   23     
20/09/1975  0       3.8    33     23     
21/09/1975  0       3.9    33     21     
22/09/1975  49.6    3.8    33     22     
23/09/1975  54.8    2.4    24.5   22.5   
24/09/1975  15.4    1      24.5   21.5   
25/09/1975  13.5    2.7    31     20     
26/09/1975  0       2.6    30.5   20     
27/09/1975  0       2.7    31     19.5   
28/09/1975  0       2.5    29.5   21.5   
29/09/1975  0       2.7    31     21     
30/09/1975  20.8    2.7    31     21     
01/10/1975  63.7    2.3    29.5   21.5   
02/10/1975  19.8    1.8    26.5   22     
03/10/1975  4       2.5    30     21.5   
04/10/1975  25.6    2.9    31.5   22     
05/10/1975  35.4    2.6    30.5   22     
06/10/1975  70.8    2.5    28     22     
07/10/1975  27.8    2.5    30     22     
08/10/1975  33.6    2.7    31.5   21.5   
09/10/1975  34.7    2.9    31.5   22     
10/10/1975  37.8    2.7    31     22     
11/10/1975  0       2.7    31     21.5   
12/10/1975  0       2.6    30.5   22     
13/10/1975  11.3    2.6    30.5   22     
14/10/1975  39.2    2.9    31.5   22.5   
15/10/1975  0       3.2    32     22     
16/10/1975  0       3.8    33     23     
17/10/1975  20.8    2.7    31     23     
18/10/1975  46.7    2.5    27     22     
19/10/1975  0       2.4    29     21     
20/10/1975  0       2.4    29.5   20     
21/10/1975  0       2.6    30.5   20.5   
22/10/1975  0       3      31.5   20.5   
23/10/1975  0       3.8    33     21     
24/10/1975  0       4.7    35     22     
25/10/1975  0       4.6    34.5   22     
26/10/1975  0       3.8    33     22.5   
27/10/1975  0       3.6    32.5   22     
28/10/1975  18.7    3.6    32.5   22.5   
29/10/1975  122.5   2.9    25     21     
30/10/1975  46.9    2.2    28     21     
31/10/1975  0       2.3    29     21.5   
01/11/1975  0       2.6    30.5   21     
02/11/1975  0       3      31.5   22     
03/11/1975  28.8    3.1    32     22.5   
04/11/1975  0       2.7    30.5   21.5   
05/11/1975  10      2.5    30.5   22.5   
06/11/1975  0       2.5    30     21.5   
07/11/1975  0       2.7    30.5   21.5   
08/11/1975  0       2.4    30     22.5   
09/11/1975  0       3      31.5   22.5   
10/11/1975  10.9    2.7    31     22     
11/11/1975  18.6    1.5    25.5   21.5   
12/11/1975  42.2    2.6    30.5   21     
13/11/1975  29      1.5    25.5   22     
14/11/1975  6.6     1.2    25     19     
15/11/1975  0       1.8    27     18     
16/11/1975  0       1.9    27.5   15.5   
17/11/1975  0       2.2    28.5   16.5   
18/11/1975  0       2.2    28     18.5   
19/11/1975  0       2.4    29     20     
20/11/1975  46.9    3.2    31.5   20.5   
21/11/1975  30      2.4    29.5   21.5   
22/11/1975  16.9    2.4    29     21     
23/11/1975  2       2.4    29.5   20     
24/11/1975  0       1.7    26.5   20     
25/11/1975  0       2      27.5   20     
26/11/1975  0       2.7    31     19     
27/11/1975  0       2.8    31.5   19.5   
28/11/1975  0       3      31.5   21     
29/11/1975  0       3.4    32.5   21     
30/11/1975  0       3.2    31.5   20     
01/12/1975  0       3      31.5   20     
02/12/1975  0       2.6    30     20.5   
03/12/1975  0       2.5    30     20     
04/12/1975  0       2.3    28.5   19.5   
05/12/1975  0       2.5    30     19     
06/12/1975  29.5    2.5    30     18.5   
07/12/1975  10.6    2.4    29     19.5   
08/12/1975  0       2.2    28.5   17     
09/12/1975  0       2.3    29     18     
10/12/1975  0       2.5    29     17     
11/12/1975  0       2      27     18     
12/12/1975  0       2.1    27.5   18     
13/12/1975  0       2.4    29     16     
14/12/1975  0       2.4    29.5   16.5   
15/12/1975  0       2.5    30     19     
16/12/1975  0       2.5    30     19     
17/12/1975  0       2.5    30     20     
18/12/1975  5       2.4    30     19.5   
19/12/1975  4.1     1.1    25     19.5   
20/12/1975  19.6    0.9    24     18     
21/12/1975  0       1.2    25     18.5   
22/12/1975  0       2.1    28     15.5   
23/12/1975  0       2.1    27.5   14.5   
24/12/1975  0       2.2    28     15.5   
25/12/1975  30.2    2.2    28.5   15.5   
26/12/1975  32.8    0.5    23     16.5   
27/12/1975  0       0.9    24.5   18.5   
28/12/1975  0       2.5    30     18     
29/12/1975  2.6     2.7    31     17.5   
30/12/1975  0       1.6    26     19     
31/12/1975  0       2      27.5   19.5   
01/01/1976  0       2.5    30     18     
02/01/1976  0       2.7    31     16.5   
03/01/1976  2.5     2.6    30.5   16.5   
04/01/1976  0       0.9    24     19     
05/01/1976  0       0.9    24     16.5   
06/01/1976  0       2.2    28     17     
07/01/1976  0       2.4    29.5   17.5   
08/01/1976  20.6    1.2    25     18     
09/01/1976  0       0.1    19     16     
10/01/1976  0       0.5    23     17     
11/01/1976  0       2.3    28.5   18     
12/01/1976  10.8    1.4    25.5   18.5   
13/01/1976  0       2.3    29     19     
14/01/1976  14.2    2.3    29     19     
15/01/1976  17.9    2.3    28.5   20     
16/01/1976  3.5     2.5    29.5   19     
17/01/1976  10.3    0.4    22.5   19.5   
18/01/1976  0       0.2    21.5   15.5   
19/01/1976  0       0.6    23     12     
20/01/1976  2.2     1.1    25     14     
21/01/1976  6.8     1.1    25     17     
22/01/1976  0       1.2    25     17     
23/01/1976  0       1.7    26     14     
24/01/1976  0       2.2    28     14     
25/01/1976  0       3.6    32.5   16     
26/01/1976  0       2.5    30     17     
27/01/1976  91.7    1.3    24     19.5   
28/01/1976  15.6    0.2    20.5   17.5   
29/01/1976  7.9     0.3    22     17     
30/01/1976  0       1.6    26     17     
31/01/1976  0       2.1    27.5   14.5   
01/02/1976  8.5     0.5    23     17     
02/02/1976  0       1.5    25.5   12.5   
03/02/1976  0       2.3    29     13.5   
04/02/1976  0       2.5    30     14.5   
05/02/1976  0       2.9    31.5   16.5   
06/02/1976  5.4     3.1    32     18     
07/02/1976  11.2    2.3    28.5   18.5   
08/02/1976  0       1.9    27     20     
09/02/1976  0       1.9    27     18     
10/02/1976  0       2.3    28.5   15.5   
11/02/1976  0       2.5    30     15     
12/02/1976  0       2.4    29.5   15.5   
13/02/1976  0       2.5    29.5   15.5   
14/02/1976  0       2.7    31     17.5   
15/02/1976  0       2.9    31.5   19     
16/02/1976  0       3.5    32.5   18     
17/02/1976  0       3.6    32.5   17     
18/02/1976  0       3.2    32     17     
19/02/1976  0       3.3    32     18     
20/02/1976  0       3.5    32.5   16.5   
21/02/1976  12.6    4      33.5   18     
22/02/1976  27.6    0.7    23.5   20     
23/02/1976  7.7     0.2    19     15     
24/02/1976  1.4     0.2    21     15     
25/02/1976  0       0.9    24     15.5   
26/02/1976  32.7    0.2    21     16.5   
27/02/1976  0       1.5    25.5   17.5   
28/02/1976  0       2.4    29     18.5   
29/02/1976  0       2.5    29.5   18     
01/03/1976  0       3.5    32.5   17     
02/03/1976  0       3.8    33     18     
03/03/1976  0       3.5    32.5   18.5   
04/03/1976  0       3.8    33     19     
05/03/1976  0       3.8    33     19     
06/03/1976  0       3.9    33     19     
07/03/1976  0       3.5    32.5   19.5   
08/03/1976  0       4      33.5   18.5   
09/03/1976  0       3.8    33     19     
10/03/1976  2.4     3.5    32.5   21.5   
11/03/1976  0       3.8    33     21.5   
12/03/1976  0       4.5    34.5   19     
13/03/1976  0       4.6    34.5   18     
14/03/1976  0       4.1    33.5   19     
15/03/1976  0       4.3    34     19     
16/03/1976  0       4      33.5   19     
17/03/1976  9.7     2.6    30.5   21.5   
18/03/1976  0       3.4    32.5   22     
19/03/1976  0       4.1    33.5   18     
20/03/1976  0       4.5    34.5   19     
21/03/1976  0       4.6    34.5   19     
22/03/1976  0       4.1    33.5   20     
23/03/1976  0       4.3    34     21.5   
24/03/1976  0       4.3    34     20     
25/03/1976  0       4.7    35     20     
26/03/1976  0       4.8    35     19.5   
27/03/1976  0       4.7    35     20.5   
28/03/1976  0       5      35.5   21     
29/03/1976  0       5.3    36.5   19.5   
30/03/1976  0       5.1    36     19     
31/03/1976  7.4     3.8    33     20     
01/04/1976  40.2    1.2    25     20.5   
02/04/1976  5.8     2.5    30     21     
03/04/1976  0       4.2    34     20     
04/04/1976  0       4.1    33.5   20     
05/04/1976  0       4.2    34     20.5   
06/04/1976  0       3.8    33     22     
07/04/1976  0       4.2    33.5   22.5   
08/04/1976  0       2.8    31     23     
09/04/1976  0       3.3    32     19.5   
10/04/1976  0       3.5    32.5   18.5   
11/04/1976  0       3.3    32     19.5   
12/04/1976  0       4.6    34.5   20     
13/04/1976  0       4.6    34.5   21     
14/04/1976  0       4.7    35     20     
15/04/1976  0       4.7    35     21     
16/04/1976  0       5.2    36     20.5   
17/04/1976  0       5.2    36     19.5   
18/04/1976  0       5.5    37     21.5   
19/04/1976  0       4.7    35     21     
20/04/1976  0       5.2    36     21     
21/04/1976  0       4.7    35     21     
22/04/1976  0       5      35.5   21.5   
23/04/1976  0       5.3    36.5   21     
24/04/1976  0       5.2    36     20     
25/04/1976  9.3     3.5    32.5   21.5   
26/04/1976  0       3.8    33     21     
27/04/1976  0       5.4    37     22     
28/04/1976  0       5.3    36.5   22     
29/04/1976  0       5.1    36     23     
30/04/1976  19.4    4.1    33.5   22     
01/05/1976  20.7    3.7    33     21     
02/05/1976  4.9     2.4    29.5   22     
03/05/1976  0       3      31.5   22     
04/05/1976  43.4    3.8    33     20.5   
05/05/1976  0       4.2    34     20.5   
06/05/1976  0       4.7    35     21     
07/05/1976  0       5.4    37     22.5   
08/05/1976  0       5.3    36.5   22     
09/05/1976  0       4.7    35     22.5   
10/05/1976  0       4.7    35     22.5   
11/05/1976  0       5.2    36     21.5   
12/05/1976  0       4.9    35.5   22     
13/05/1976  0       5.4    37     22.5   
14/05/1976  0       2.5    29.5   22.5   
15/05/1976  0       4.8    35     23.5   
16/05/1976  14.2    6      38     24     
17/05/1976  0       5      35.5   22     
18/05/1976  37.5    3.5    32.5   22     
19/05/1976  4.3     3.4    32.5   22     
20/05/1976  0       4.2    34     21.5   
21/05/1976  0       4.2    34     22.5   
22/05/1976  0       4.3    34     22.5   
23/05/1976  0       5.1    36     23     
24/05/1976  0       5.4    37     23     
25/05/1976  0       5.6    37.5   23     
26/05/1976  0       6      38     24     
27/05/1976  0       5.7    37.5   24     
28/05/1976  0       5.3    36.5   24     
29/05/1976  0       5.4    37     22.5   
30/05/1976  0       6.8    39     23     
31/05/1976  0       7.2    39.5   23     
01/06/1976  0       6.3    38.5   23     
02/06/1976  13.7    5.3    36.5   24.5   
03/06/1976  0       4.6    34.5   22     
04/06/1976  26.8    4.3    34     22.5   
05/06/1976  0       4.1    33.5   23     
06/06/1976  8.6     4      33.5   22.5   
07/06/1976  0       2.9    31.5   22     
08/06/1976  14.6    4      33.5   21.5   
09/06/1976  37.5    3.7    33     21.5   
10/06/1976  1.6     3.8    33     21     
11/06/1976  0       4.7    35     22.5   
12/06/1976  6.4     4.9    35.5   23.5   
13/06/1976  21.1    4.1    33.5   23     
14/06/1976  0       4.2    34     23.5   
15/06/1976  0       5.1    36     23.5   
16/06/1976  0       5.4    37     23     
17/06/1976  0       5.3    36.5   23.5   
18/06/1976  0       5.2    36     23     
19/06/1976  6.7     4.6    34.5   23     
20/06/1976  27.6    3.2    32     23     
21/06/1976  15.8    2.7    31     22     
22/06/1976  66.8    3.3    32.5   20     
23/06/1976  0       3.8    33     22     
24/06/1976  44.5    4.5    34.5   23.5   
25/06/1976  17      4.2    34     22     
26/06/1976  30.5    2.9    31.5   23     
27/06/1976  28.2    3.2    32     22.5   
28/06/1976  0       2.4    29.5   22     
29/06/1976  16.4    2.9    31.5   22.5   
30/06/1976  6.8     2.3    29     22.5   
01/07/1976  34.5    4      33.5   23     
02/07/1976  17.9    3.8    33     22.5   
03/07/1976  0       3.8    33     22.5   
04/07/1976  0       3.1    32     23     
05/07/1976  25.6    4      33.5   22     
06/07/1976  0       3.8    33     22.5   
07/07/1976  22.4    4.2    34     22.5   
08/07/1976  22.8    4.4    34.5   23     
09/07/1976  0       4.1    33.5   22.5   
10/07/1976  0       4.3    34     22.5   
11/07/1976  0       4.5    34.5   22     
12/07/1976  0       4.6    34.5   22     
13/07/1976  0       4.7    35     22.5   
14/07/1976  1.5     5.1    35.5   22     
15/07/1976  0       3.6    32.5   23     
16/07/1976  0       4.5    34.5   24     
17/07/1976  1.6     4.2    34     22     
18/07/1976  0       4.5    34.5   22     
19/07/1976  0       3.8    33     21.5   
20/07/1976  0       4.5    32.5   22.5   
21/07/1976  0       4.3    34     21     
22/07/1976  26.8    4.2    34     21.5   
23/07/1976  7.4     4.2    34     22     
24/07/1976  11.8    2.7    31     21     
25/07/1976  32.4    3.1    32     21     
26/07/1976  13.7    3.7    33     21     
27/07/1976  0       3.4    32.5   21.5   
28/07/1976  0       4.1    33.5   21     
29/07/1976  0       4.2    34     21.5   
30/07/1976  0       3.5    32.5   22     
31/07/1976  0       4.3    34     21.5   
01/08/1976  0       4.3    34     21.5   
02/08/1976  0       4.5    34.5   21     
03/08/1976  10      5      35.5   23     
04/08/1976  16.8    4.3    34     22.5   
05/08/1976  0       4.5    34.5   21.5   
06/08/1976  0       4.6    34.5   21.5   
07/08/1976  0       3.9    33     21     
08/08/1976  0       3.8    33     21     
09/08/1976  30.6    4.1    33.5   21.5   
10/08/1976  14.9    3.8    33     21.5   
11/08/1976  12.6    4.5    34.5   21.5   
12/08/1976  13.5    4.2    34     21     
13/08/1976  15.9    4.3    34     22     
14/08/1976  2       4.3    34     22.5   
15/08/1976  37.6    3.7    33     23.5   
16/08/1976  5       3.5    32.5   22.5   
17/08/1976  0       4.3    34     22.5   
18/08/1976  0       4.6    34.5   23     
19/08/1976  34.6    3.1    32     22.5   
20/08/1976  26.4    4      33.5   22     
21/08/1976  14.7    4.2    34     22     
22/08/1976  0       4.1    33.5   22     
23/08/1976  28.2    4.2    34     22.5   
24/08/1976  0       4.1    33.5   22     
25/08/1976  7.7     3.8    33     22.5   
26/08/1976  5.3     3.7    33     22     
27/08/1976  0       4      33.5   22.5   
28/08/1976  10.7    4.7    35     22.5   
29/08/1976  0       3.5    32.5   21     
30/08/1976  54.3    3.5    33     21     
31/08/1976  18.4    3.5    32.5   22     
01/09/1976  15.8    3.5    32.5   22     
02/09/1976  20.7    3.2    32     23     
03/09/1976  4.4     3.7    33     23     
04/09/1976  22.8    3.8    33     22.5   
05/09/1976  4.7     4.3    34     22     
06/09/1976  0       4.2    34     22     
07/09/1976  0       4.1    33.5   21.5   
08/09/1976  2.8     2.6    30.5   22     
09/09/1976  0       4.1    33.5   22     
10/09/1976  11.6    3.2    32     22.5   
11/09/1976  14.8    4.2    34     22     
12/09/1976  8.5     3.5    32.5   22.5   
13/09/1976  0       4.2    34     22     
14/09/1976  4.6     4.2    34     23     
15/09/1976  31.2    3.8    33     22.5   
16/09/1976  39.7    3.5    32.5   21.5   
17/09/1976  0       4.1    33.5   21     
18/09/1976  0       4.3    34     22     
19/09/1976  0       4.3    34     22     
20/09/1976  0       4.7    35     23     
21/09/1976  7.2     4.5    34.5   23.5   
22/09/1976  0       3.9    33     21     
23/09/1976  0       4.5    34.5   23     
24/09/1976  0       4.7    35     23     
25/09/1976  0       4.7    35     24     
26/09/1976  0       4.9    35.5   23     
27/09/1976  0       5.2    36     22     
28/09/1976  0       5.1    35.5   23     
29/09/1976  22.9    4.7    35     23     
30/09/1976  14.5    3.8    33     22     
01/10/1976  0       4.5    34.5   22.5   
02/10/1976  24.6    4.2    34     23     
03/10/1976  0       4.1    33.5   22     
04/10/1976  0       4.5    34.5   22     
05/10/1976  46.6    4.9    35.5   22     
06/10/1976  24.4    2.9    31.5   21.5   
07/10/1976  0       2.5    30     22.5   
08/10/1976  12.6    2.9    31.5   22     
09/10/1976  126.9   1.7    23     20     
10/10/1976  20.5    0.5    23     19     
11/10/1976  0       1      24.5   20     
12/10/1976  0       2.2    28     21     
13/10/1976  2.5     2.4    29.5   21     
14/10/1976  0       2.5    30     21.5   
15/10/1976  0       3      31.5   21.5   
16/10/1976  11.7    3.7    33     22.5   
17/10/1976  3.6     3.4    32.5   22.5   
18/10/1976  0       2.3    28.5   21     
19/10/1976  0       2.7    31     20.5   
20/10/1976  4.4     2.3    28.5   22     
21/10/1976  0       1.8    26.5   20     
22/10/1976  0       2.3    28.5   19     
23/10/1976  0       2.5    30     19     
24/10/1976  0       2.9    31.5   20     
25/10/1976  32.8    3.8    33     21     
26/10/1976  0       3.8    33     23     
27/10/1976  0       4.1    33.5   22.5   
28/10/1976  0       4.2    34     21.5   
29/10/1976  0       4.1    33.5   22     
30/10/1976  28.6    3.8    33     22.5   
31/10/1976  0       3.2    32     23     
01/11/1976  11.4    1.8    26.5   21.5   
02/11/1976  6.8     2.1    27.5   19.5   
03/11/1976  4.6     1.9    27     19     
04/11/1976  0       0.2    21     17.5   
05/11/1976  0       1.8    26.5   18     
06/11/1976  1.6     1.3    25     17     
07/11/1976  5.9     1.5    25.5   18     
08/11/1976  0       1.3    25     18     
09/11/1976  0       1.8    26.5   17     
10/11/1976  0       2.2    28     17.5   
11/11/1976  0       2.4    29     19     
12/11/1976  4.2     2.5    30     20     
13/11/1976  36.7    2.5    30     22     
14/11/1976  25.2    1.4    25.5   22     
15/11/1976  2.1     1.9    27     21     
16/11/1976  24      2.3    29     22     
17/11/1976  23.6    0.9    24     22     
18/11/1976  3.2     0.7    23.5   20     
19/11/1976  0       1.6    25.5   20     
20/11/1976  0       2      27     21     
21/11/1976  47.4    2.3    28.5   22.5   
22/11/1976  117.8   1.4    22.5   20.5   
23/11/1976  9.5     0.4    22.5   20     
24/11/1976  0       0.3    22     19.5   
25/11/1976  0       1.8    26.5   19     
26/11/1976  0       2.4    29     18.5   
27/11/1976  0       3.3    32     20     
28/11/1976  1.8     3.5    32.5   21.5   
29/11/1976  62.4    1.8    25     22.5   
30/11/1976  14.9    0.1    20.5   17     
01/12/1976  0       1.7    26     18     
02/12/1976  16.5    1.6    26     19     
03/12/1976  9.8     0.1    20.5   18.5   
04/12/1976  0       1.7    26     16.5   
05/12/1976  0       1.8    26.5   18     
06/12/1976  0       2.4    29     17     
07/12/1976  61.4    1.3    26.5   19     
08/12/1976  35.9    0.2    21     19     
09/12/1976  12.5    0.6    23     17     
10/12/1976  2.9     0.5    23     17.5   
11/12/1976  4.3     1.1    24.5   18.5   
12/12/1976  26.7    1.9    27     20.5   
13/12/1976  18      1.5    25.5   20.5   
14/12/1976  0       0.7    23.5   20.5   
15/12/1976  6.4     1.6    26     20     
16/12/1976  39.6    1.1    25     20     
17/12/1976  0       0.6    23     19     
18/12/1976  0       1.9    27     19     
19/12/1976  0       2.3    29     19.5   
20/12/1976  0       2.4    29     18     
21/12/1976  22.8    0.9    24     18.5   
22/12/1976  3.2     0.3    22     17     
23/12/1976  0       0.5    23     18     
24/12/1976  0       1.8    26.5   19     
25/12/1976  3.4     2.4    29.5   18     
26/12/1976  19.3    0.9    24     19     
27/12/1976  0       0.3    22     16.5   
28/12/1976  0       1.9    27     14     
29/12/1976  0       1.8    26.5   15.5   
30/12/1976  0       2.4    29     18     
31/12/1976  0       3.3    32     17.5   
01/01/1977  0       2.5    30     19     
02/01/1977  9.1     2.5    30     20.5   
03/01/1977  3.7     1.7    26     21.5   
04/01/1977  0       2.5    30     20.5   
05/01/1977  0       2.4    29     17     
06/01/1977  0       2.6    30.5   18     
07/01/1977  5.6     2.5    30     20     
08/01/1977  0       2.5    29.5   21     
09/01/1977  4.5     3.5    32.5   17.5   
10/01/1977  38.9    0.9    24     19.5   
11/01/1977  0       0.3    22     17     
12/01/1977  0       1.2    25     17.5   
13/01/1977  0       2.2    28     18.5   
14/01/1977  0       2.5    30     16     
15/01/1977  0       1.5    25.5   19     
16/01/1977  39.6    2.2    28     20     
17/01/1977  0       0.4    22     17     
18/01/1977  16.7    0.9    24     17     
19/01/1977  2.2     0.2    21     16     
20/01/1977  0       0.6    23     15.5   
21/01/1977  0       0.9    24     13     
22/01/1977  0       1.1    24.5   15.5   
23/01/1977  0       1.7    26     16     
24/01/1977  0       2.2    28     15     
25/01/1977  0       2      27     16.5   
26/01/1977  0       2.5    29.5   17.5   
27/01/1977  0       2.9    31.5   18     
28/01/1977  0       3.9    33     19     
29/01/1977  3.3     2.2    27.5   20     
30/01/1977  0       2.5    29.5   21     
31/01/1977  66.1    2.4    29.5   20.5   
01/02/1977  0       0.6    23     19     
02/02/1977  0       0.8    23.5   19     
03/02/1977  0       2.6    30.5   19.5   
04/02/1977  12.5    2.1    27.5   20.5   
05/02/1977  10.6    0.9    24     20.5   
06/02/1977  2.8     0.4    22.5   19     
07/02/1977  1.5     2.1    27.5   19.5   
08/02/1977  0       0.9    24     20     
09/02/1977  9.6     1.8    26.5   20     
10/02/1977  0       2.4    29     20     
11/02/1977  0       2.4    29     19.5   
12/02/1977  0       2.7    31     19.5   
13/02/1977  4.7     1.5    25.5   21     
14/02/1977  0       1.2    25     18.5   
15/02/1977  14.8    0.9    24     19     
16/02/1977  11.4    0.3    22     17     
17/02/1977  0       0.6    23     16     
18/02/1977  0       1.6    26     13.5   
19/02/1977  0       2.4    29     15.5   
20/02/1977  0       2.4    29.5   16.5   
21/02/1977  0       2.3    28.5   17     
22/02/1977  0       2.6    30.5   16.5   
23/02/1977  0       4.1    33.5   16.5   
24/02/1977  0       4.5    34.5   20     
25/02/1977  0       3.8    33     20.5   
26/02/1977  0       4.7    35     19.5   
27/02/1977  4.7     0.8    23.5   21.5   
28/02/1977  12.1    0.4    22.5   19     
01/03/1977  0       1.3    25     17     
02/03/1977  0       2.5    30     17     
03/03/1977  0       4.5    34.5   18     
04/03/1977  0       4.1    33.5   18     
05/03/1977  0       2.3    28.5   20.5   
06/03/1977  15.9    2.4    29.5   20     
07/03/1977  27.6    0.5    22.5   21     
08/03/1977  13.1    0.2    21.5   18     
09/03/1977  0       1.2    25     18     
10/03/1977  0       2.7    31     18     
11/03/1977  0       5      35.5   18.5   
12/03/1977  0       2.4    29     20     
13/03/1977  0       2.5    29.5   20     
14/03/1977  0       4.3    34     20.5   
15/03/1977  0       4.5    34.5   20     
16/03/1977  0       4.6    34.5   20.5   
17/03/1977  0       4.1    33.5   20     
18/03/1977  0       4.8    35     20.5   
19/03/1977  0       4.7    35     20     
20/03/1977  0       4.1    33.5   22.5   
21/03/1977  0       4.7    35     23     
22/03/1977  17.6    4.2    34     22     
23/03/1977  1.7     3.5    32.5   22.5   
24/03/1977  0       4.2    34     22     
25/03/1977  0       4.7    35     21     
26/03/1977  0       5      35.5   21     
27/03/1977  0       5.3    36.5   21.5   
28/03/1977  0       5.7    37.5   21     
29/03/1977  0       5.5    37     23     
30/03/1977  0       5.5    37     23.5   
31/03/1977  0       5.1    36     22     
01/04/1977  0       4.9    35.5   21.5   
02/04/1977  0       5.4    37     22     
03/04/1977  0       5.5    37     22     
04/04/1977  1.7     6.1    38     23     
05/04/1977  1.3     1.8    26.5   22.5   
06/04/1977  4.2     1.6    26     18.5   
07/04/1977  4.9     1.6    26     18.5   
08/04/1977  0       1.8    26.5   19     
09/04/1977  1.5     2.9    27     20     
10/04/1977  12.7    2.2    28     19     
11/04/1977  5.3     2.5    30     19     
12/04/1977  3       3.2    32     21     
13/04/1977  0       3      31.5   21     
14/04/1977  0       4.6    34.5   22     
15/04/1977  0       2.7    31     20.5   
16/04/1977  0       2.7    31     22.5   
17/04/1977  0       5.3    36.5   21.5   
18/04/1977  0       4.3    34     22.5   
19/04/1977  0       5.2    36     24     
20/04/1977  0       4.8    35     22.5   
21/04/1977  0       5.5    37     23     
22/04/1977  4.2     3      31.5   22.5   
23/04/1977  0       2.7    31     20.5   
24/04/1977  0       3      31.5   20.5   
25/04/1977  0       2.8    31     16.5   
26/04/1977  0       3.3    32     16     
27/04/1977  0       3      31.5   21.5   
28/04/1977  0       3.6    32.5   22     
29/04/1977  0       4.9    35.5   22     
30/04/1977  0       5.1    36     21.5   
01/05/1977  0       5.3    36.5   20     
02/05/1977  0       5.2    36     20.5   
03/05/1977  0       5.3    36.5   20.5   
04/05/1977  0       4.8    35     22     
05/05/1977  0       5.3    36.5   21.5   
06/05/1977  0       5.4    37     22.5   
07/05/1977  0       5.2    36.5   23     
08/05/1977  0       4.7    35     22.5   
09/05/1977  0       5      35.5   22.5   
10/05/1977  0       5.5    37     22.5   
11/05/1977  0       6      38     23.5   
12/05/1977  1.6     4.7    35     23     
13/05/1977  0       3.3    35     22.5   
14/05/1977  0       4.2    34     23     
15/05/1977  0       5.2    36.5   23     
16/05/1977  0       5.2    36     24.5   
17/05/1977  0       5.3    36.5   23.5   
18/05/1977  0       5.3    36.5   23.5   
19/05/1977  0       5.1    36     23     
20/05/1977  0       5.7    37.5   23.5   
21/05/1977  0       5.9    38     22     
22/05/1977  0       6.1    38     22     
23/05/1977  0       5.4    37     22.5   
24/05/1977  5.4     5.1    36     22.5   
25/05/1977  27.6    4.2    34     22     
26/05/1977  0       4.5    34.5   22.5   
27/05/1977  0       4.7    35     22.5   
28/05/1977  0       5.3    36.5   22.5   
29/05/1977  0       5.9    38     22.5   
30/05/1977  5       5.4    37     24     
31/05/1977  14.9    5.1    36     23     
01/06/1977  0       4.2    34     22.5   
02/06/1977  0       4.1    33.5   22     
03/06/1977  0       4.3    34     22     
04/06/1977  0       4.5    34.5   22.5   
05/06/1977  7.5     3.5    32.5   23     
06/06/1977  38.6    2.9    31.5   22.5   
07/06/1977  26.9    2.5    30     22.5   
08/06/1977  25.3    2.7    31     22.5   
09/06/1977  53.4    4      33.5   21.5   
10/06/1977  36.7    3.2    32     23     
11/06/1977  2.5     4.5    34.5   23     
12/06/1977  0       5.3    36.5   22.5   
13/06/1977  0       5.3    36.5   23     
14/06/1977  0       5.1    36     23     
15/06/1977  0       5.2    36     22.5   
16/06/1977  0       4.3    34     22     
17/06/1977  0       3.6    32.5   22     
18/06/1977  1.8     4.5    34.5   23     
19/06/1977  0       4.2    34     23.5   
20/06/1977  33.3    4.2    34     23     
21/06/1977  0       3.5    32.5   23     
22/06/1977  0       5      35.5   23     
23/06/1977  0       4.8    35     23     
24/06/1977  0       5      35.5   23.5   
25/06/1977  0       4.8    35     23     
26/06/1977  0       4.2    34     21.5   
27/06/1977  0       4.9    35.5   22     
28/06/1977  0       5.5    37     23     
29/06/1977  0       5.1    36     23     
30/06/1977  0       5.2    36     23.5   
01/07/1977  0       4.8    35     21.5   
02/07/1977  0       4.7    35     22     
03/07/1977  0       4.5    34.5   21     
04/07/1977  0       4.5    34.5   22     
05/07/1977  3.5     4.1    33.5   22     
06/07/1977  0       4.2    34     22.5   
07/07/1977  0       4.6    34.5   22     
08/07/1977  25.7    4.1    33.5   22     
09/07/1977  6.3     3.7    33     22     
10/07/1977  2.5     3.8    33     22.5   
11/07/1977  0       4.4    34.5   22.5   
12/07/1977  5.1     4.7    35     22     
13/07/1977  10.9    4.8    35     21.5   
14/07/1977  22.4    4      33.5   21     
15/07/1977  28.6    4.7    35     22.5   
16/07/1977  38      3.5    32.5   21     
17/07/1977  0       4.2    34     22     
18/07/1977  0       4.1    33.5   23     
19/07/1977  0       4.7    35     22.5   
20/07/1977  0       4.7    35     23     
21/07/1977  0       4.7    35     23     
22/07/1977  11.6    3.8    33     22.5   
23/07/1977  2       3.2    32     22.5   
24/07/1977  0       4.1    33.5   22     
25/07/1977  17.8    4.7    35     22.5   
26/07/1977  0       4.7    35     22     
27/07/1977  0       4.9    35.5   22.5   
28/07/1977  0       4.7    35     22     
29/07/1977  6.2     4.5    34.5   22     
30/07/1977  0       4.7    35     21.5   
31/07/1977  0       5.2    36     22     
01/08/1977  0       5.3    36.5   22.5   
02/08/1977  1.4     5.1    36     23     
03/08/1977  2.8     4.7    35     22.5   
04/08/1977  3       3.8    33     22     
05/08/1977  4.5     4.5    34.5   22     
06/08/1977  11.1    4.2    34     22.5   
07/08/1977  0       3.8    33     21.5   
08/08/1977  32.6    3.7    33     22     
09/08/1977  6.5     2.7    31     22     
10/08/1977  31.8    4.4    34.5   21.5   
11/08/1977  10.3    4.5    34.5   22.5   
12/08/1977  42.8    4.2    34     23     
13/08/1977  0       4      33.5   23     
14/08/1977  0       4.2    34     22     
15/08/1977  0       4.5    34.5   22     
16/08/1977  3.9     4.7    35     22     
17/08/1977  4.5     4.3    34     21.5   
18/08/1977  0       3.8    33     21     
19/08/1977  11.6    3.2    32     22.5   
20/08/1977  0       4.5    34.5   22.5   
21/08/1977  0       4.8    35     23.5   
22/08/1977  0       4.3    34     22.5   
23/08/1977  0       5.2    36     23.5   
24/08/1977  0       5      35.5   22     
25/08/1977  4.7     5.2    36     23     
26/08/1977  16.8    4.1    33.5   22.5   
27/08/1977  0       4.6    34.5   23     
28/08/1977  0       5.2    36     22.5   
29/08/1977  0       5      35.5   22.5   
30/08/1977  0       5.2    36.5   23     
31/08/1977  0       5.4    37     24     
01/09/1977  0       5.5    37     22     
02/09/1977  2.7     5.7    37.5   23     
03/09/1977  23.8    4.3    34     23     
04/09/1977  0       4      33.5   22.5   
05/09/1977  0       5.1    36     23     
06/09/1977  0       5.2    36     23.5   
07/09/1977  0       4.8    35.5   23     
08/09/1977  6.7     4.9    35.5   22.5   
09/09/1977  7.3     4.7    35     22     
10/09/1977  0       5      35.5   22     
11/09/1977  0       4.6    34.5   22.5   
12/09/1977  0       4.7    35     22     
13/09/1977  0       4.9    35.5   22.5   
14/09/1977  23.6    5.3    36.5   22.5   
15/09/1977  19.3    3.8    33     22     
16/09/1977  10.4    4.1    33.5   22     
17/09/1977  7.9     4.1    33.5   22.5   
18/09/1977  15.8    2.9    31.5   22.5   
19/09/1977  7.5     2.9    31.5   22     
20/09/1977  31.6    2.7    31     21     
21/09/1977  12.1    2.9    31.5   22     
22/09/1977  18.5    3.5    32.5   22     
23/09/1977  1.5     3.2    32     22.5   
24/09/1977  0       4.4    34.5   23     
25/09/1977  0       4.7    35     22.5   
26/09/1977  28.8    4.7    35     23     
27/09/1977  23.5    4.2    34     22.5   
28/09/1977  49.8    3.8    32     22     
29/09/1977  9.7     3.5    32.5   22     
30/09/1977  0       3.7    33     22.5   
01/10/1977  0       4.7    35     23     
02/10/1977  5.7     4.5    34.5   23.5   
03/10/1977  28.4    4.1    33.5   22.5   
04/10/1977  0       3.2    32     21     
05/10/1977  8.9     3.1    32     22     
06/10/1977  0       3.5    32.5   22.5   
07/10/1977  0       3.8    33     23     
08/10/1977  0       4.6    34.5   23     
09/10/1977  0       5      35.5   23     
10/10/1977  0       4.8    35     23.5   
11/10/1977  32.8    4.7    35     23.5   
12/10/1977  16.6    3.5    32.5   22.5   
13/10/1977  56.8    2.6    24.5   22     
14/10/1977  0       1.7    26     19.5   
15/10/1977  0       2.3    28.5   18.5   
16/10/1977  0       2.4    29     18.5   
17/10/1977  0       2.5    29.5   19.5   
18/10/1977  0       2.3    28.5   17.5   
19/10/1977  0       1.9    27     20     
20/10/1977  0       2.6    30.5   21.5   
21/10/1977  0       2.5    30     22     
22/10/1977  11.7    2.6    30.5   22     
23/10/1977  14.6    2.7    31     22     
24/10/1977  17.9    3.4    32.5   23     
25/10/1977  48.3    3.5    31     23     
26/10/1977  0       3.5    32.5   22     
27/10/1977  1.6     2.9    31.5   23.5   
28/10/1977  32      2.6    30.5   23.5   
29/10/1977  0       2.7    31     23     
30/10/1977  0       2.9    31.5   22     
31/10/1977  17.6    3.2    32     22     
01/11/1977  0       3.2    32     23     
02/11/1977  14.6    4.1    33.5   22.5   
03/11/1977  4       2.6    30.5   22     
04/11/1977  33.5    2.5    30     23     
05/11/1977  0       2.1    27.5   20     
06/11/1977  0       2.5    29.5   18.5   
07/11/1977  0       3      31.5   18.5   
08/11/1977  0       3.8    33     20.5   
09/11/1977  69.6    2.8    34     22     
10/11/1977  133.5   1.7    26.5   22.5   
11/11/1977  41.4    0.6    23     21     
12/11/1977  2       0.3    22     17.5   
13/11/1977  0       2.1    27.5   16.5   
14/11/1977  0       1.9    27     15.5   
15/11/1977  0       2.5    29.5   16.5   
16/11/1977  0       3      31.5   18.5   
17/11/1977  0       3.3    32     20     
18/11/1977  0       3      31.5   21     
19/11/1977  0       2.7    31     22     
20/11/1977  0       2.8    31     21.5   
21/11/1977  0       3.9    33     22.5   
22/11/1977  31.7    2.7    31     21.5   
23/11/1977  48.9    2.7    31     22.5   
24/11/1977  5.6     2.7    31     22     
25/11/1977  0       2.9    31.5   22     
26/11/1977  0       2.4    29.5   20     
27/11/1977  0       2.5    29.5   17.5   
28/11/1977  0       2.7    31     18     
29/11/1977  0       3      31.5   19.5   
30/11/1977  0       2.7    31     21     
01/12/1977  0       3      31.5   22     
02/12/1977  1       2.5    30     22.5   
03/12/1977  4.6     2.5    29.5   21.5   
04/12/1977  0       2.8    31     20.5   
05/12/1977  0       3.9    33     21.5   
06/12/1977  26.7    3      31.5   21.5   
07/12/1977  7.8     0.6    23     21     
08/12/1977  0       2.5    30     19.5   
09/12/1977  11.6    2.4    29.5   20     
10/12/1977  18.4    2.3    29     21     
11/12/1977  9.5     2.3    28.5   19.5   
12/12/1977  0       2.2    28     21     
13/12/1977  0       2.4    29.5   20     
14/12/1977  24.8    2.3    28.5   20.5   
15/12/1977  0       1.9    27     18.5   
16/12/1977  0       2.5    29.5   19.5   
17/12/1977  0       3.5    32.5   20.5   
18/12/1977  0       2.5    29.5   22     
19/12/1977  0       2.5    30     21.5   
20/12/1977  55.8    2.6    30.5   20     
21/12/1977  37.4    0.2    21.6   20     
22/12/1977  6       0.3    21.5   16     
23/12/1977  0       1.1    24.5   12.5   
24/12/1977  0       2.2    28     14.5   
25/12/1977  0       2.3    28.5   17     
26/12/1977  0       1.9    27     20     
27/12/1977  0       2      27     18.5   
28/12/1977  0       2.2    27.5   19     
29/12/1977  0       2.5    29.5   17.5   
30/12/1977  0       2.5    30     16.5   
31/12/1977  0       2.4    29.5   17.5   
01/01/1978  0       2.5    30     18.5   
02/01/1978  31.7    2.5    29.5   21.5   
03/01/1978  25.8    1.7    26     21     
04/01/1978  15.8    0.9    24     20.5   
05/01/1978  0       2.2    28     20     
06/01/1978  0       2.5    29.5   19.5   
07/01/1978  0       2.6    30     19     
08/01/1978  11.9    2.5    30     19.5   
09/01/1978  0       1.2    25     17.5   
10/01/1978  0       1.3    25     15.5   
11/01/1978  0       1.9    27     14.5   
12/01/1978  0       2.5    30     16     
13/01/1978  6.6     1.5    25.5   18     
14/01/1978  0       1.7    26     18     
15/01/1978  0       1.2    25     12     
16/01/1978  0       2.4    29     12.5   
17/01/1978  0       2.5    29.5   15     
18/01/1978  0       2.7    31     16     
19/01/1978  25.8    2      27     17     
20/01/1978  0       0.6    23     17     
21/01/1978  0       1.8    26.5   16     
22/01/1978  6.5     1.1    24.5   17     
23/01/1978  0       1.9    27     20     
24/01/1978  0       2.6    30.5   19     
25/01/1978  2.7     3.7    33     19     
26/01/1978  0       0.9    24     18.5   
27/01/1978  0       1      24     17     
28/01/1978  8.2     0.4    22     17     
29/01/1978  0       1.7    26     18     
30/01/1978  0       1.7    26     19     
31/01/1978  0       2      27     17.5   
01/02/1978  0       2.4    29     15.5   
02/02/1978  15.6    1.9    27     17     
03/02/1978  12.4    1.9    27     19     
04/02/1978  29.7    0.4    22.5   18.5   
05/02/1978  8.7     0.8    23.5   18     
06/02/1978  0       1.6    26     15     
07/02/1978  0       2.2    28     12     
08/02/1978  3.8     0.8    23.5   14.5   
09/02/1978  0       2.1    27.5   18.5   
10/02/1978  0       2.2    28     19     
11/02/1978  0       2.4    29.5   17     
12/02/1978  0       3.8    33     16.5   
13/02/1978  0       2.5    30     18.5   
14/02/1978  0       2.5    30     20.5   
15/02/1978  0       2.5    29.5   21     
16/02/1978  0       2.4    29     21     
17/02/1978  11.8    2.3    29     21.5   
18/02/1978  12.6    1.7    26     22     
19/02/1978  7.2     0.2    21     18     
20/02/1978  0       0.9    24     17.5   
21/02/1978  22.6    0.3    22     18.5   
22/02/1978  2       0.1    20     15     
23/02/1978  0       1.2    25     13.5   
24/02/1978  0       1.6    26     14.5   
25/02/1978  0       2.4    29.5   14.5   
26/02/1978  0       3      31.5   17     
27/02/1978  0       3      31.5   18     
28/02/1978  0       4.6    34.5   19     
01/03/1978  0       4.3    34     21.5   
02/03/1978  0       4.1    33.5   21.5   
03/03/1978  0       4.8    35     22     
04/03/1978  12.5    2.9    31.5   22.5   
05/03/1978  0       2.1    27.5   19     
06/03/1978  0       3.8    33     18     
07/03/1978  0       5      35.5   19.5   
08/03/1978  16.8    2.7    31     21.5   
09/03/1978  14.6    0.4    22.5   18.5   
10/03/1978  0       2.1    27.5   15     
11/03/1978  0       3.5    32.5   16     
12/03/1978  0       4.3    34     18     
13/03/1978  0       4.9    35.5   21     
14/03/1978  0       3.8    33     21.5   
15/03/1978  2.7     3.9    33     22     
16/03/1978  98.8    2      28     22.5   
17/03/1978  8.8     0.1    19     16     
18/03/1978  0       0.1    20     15.5   
19/03/1978  0       1.9    27     15     
20/03/1978  0       2.5    29.5   17.5   
21/03/1978  0       2.7    31     19.5   
22/03/1978  0       2.9    31.5   20.5   
23/03/1978  0       3.8    33     21.5   
24/03/1978  0       4.9    35.5   21.5   
25/03/1978  0       3.5    32.5   23     
26/03/1978  62.6    2.5    29.5   22.5   
27/03/1978  9.3     0.3    22     19     
28/03/1978  0       2.1    27.5   17     
29/03/1978  0       2.3    29     16.5   
30/03/1978  0       2.1    27.5   18     
31/03/1978  0       2.4    29     18     
01/04/1978  0       2.7    31     19     
02/04/1978  0       3.5    32.5   17     
03/04/1978  0       3.8    33     18     
04/04/1978  0       4.1    33.5   19     
05/04/1978  0       4.2    33.5   19.5   
06/04/1978  0       4.3    34     19.5   
07/04/1978  0       4.3    34     19.5   
08/04/1978  0       4.3    34     21     
09/04/1978  0       4.8    35     21     
10/04/1978  0       5.1    36     22     
11/04/1978  4.6     5.2    36.5   23     
12/04/1978  10.7    3.2    32     23.5   
13/04/1978  8.4     1.3    25     22.5   
14/04/1978  2.4     2.3    29     22     
15/04/1978  0       3.4    32.5   22     
16/04/1978  0       4.5    34.5   22.5   
17/04/1978  0       4.7    35     22     
18/04/1978  0       5.3    36.5   21.5   
19/04/1978  0       5.3    36.5   23     
20/04/1978  0       5.2    36     24     
21/04/1978  0       4.3    34     25     
22/04/1978  0       5.4    36.5   24     
23/04/1978  0       5.5    37     24     
24/04/1978  0       4.2    34     24     
25/04/1978  0       3.2    32     23     
26/04/1978  0       3.5    32.5   22     
27/04/1978  0       3.8    33     20     
28/04/1978  0       4.7    35     19     
29/04/1978  0       5.1    36     20.5   
30/04/1978  0       5.3    36.5   21     
01/05/1978  0       6.4    38.5   23.5   
02/05/1978  0       6.1    38     24     
03/05/1978  0       7.4    40     24     
04/05/1978  0       4.7    35     23     
05/05/1978  0       5.6    37.5   23     
06/05/1978  0       6.7    39     24     
07/05/1978  0       6.8    39     25.5   
08/05/1978  0       6.4    38.5   25.5   
09/05/1978  0       5.6    37.5   25.5   
10/05/1978  0       5.7    37.5   25     
11/05/1978  0       5.4    37     23.5   
12/05/1978  0       6      38     24     
13/05/1978  0       6.4    38.5   23.5   
14/05/1978  0       5.3    36.5   24.5   
15/05/1978  0       5.3    36.5   24     
16/05/1978  0       5.7    37.5   24     
17/05/1978  0       6.3    38.5   23.5   
18/05/1978  0       6.6    39     23.5   
19/05/1978  4.8     5.1    36     23.5   
20/05/1978  7.5     4.9    35.5   23     
21/05/1978  21.6    4.9    35.5   23     
22/05/1978  3       4.7    35     23     
23/05/1978  24.2    4.2    34     23.5   
24/05/1978  16.5    4.2    34     23     
25/05/1978  21.8    4.7    35     23     
26/05/1978  39.5    4.4    34.5   22.5   
27/05/1978  25.7    4.7    35     23     
28/05/1978  36      4.2    34     23     
29/05/1978  74.3    Nulo   33     23.5   
30/05/1978  4.9     3.7    33     23     
31/05/1978  0       4.2    34     24     
01/06/1978  12.7    4.7    35     23.5   
02/06/1978  18.2    4.5    34.5   23.5   
03/06/1978  16.7    4.1    33.5   23     
04/06/1978  21.1    4.4    34.5   23     
05/06/1978  0       4.7    35     23     
06/06/1978  0       4.2    34     23.5   
07/06/1978  8.6     4.9    35.5   24.5   
08/06/1978  22.9    4      33.5   24     
09/06/1978  36.6    4.1    33.5   23     
10/06/1978  0       4.2    34     22     
11/06/1978  0       4.3    34     22.5   
12/06/1978  7.1     4.3    34     22.5   
13/06/1978  29.5    4.5    34.5   23     
14/06/1978  15      4.1    33.5   22.5   
15/06/1978  4.9     4.1    33.5   22.5   
16/06/1978  15.7    4      33.5   22     
17/06/1978  6.5     3.8    33     22.5   
18/06/1978  22.8    3.7    33     22.5   
19/06/1978  31.9    4.2    34     23     
20/06/1978  8.7     3.8    33     23     
21/06/1978  14.4    4      33.5   22.5   
22/06/1978  10.5    3.7    33     23     
23/06/1978  0       3.8    33     22.5   
24/06/1978  0       4.2    34     23     
25/06/1978  0       4.1    33.5   23     
26/06/1978  5.9     4.4    34.5   23     
27/06/1978  0       4.1    33.5   23     
28/06/1978  0       4.2    34     23.5   
29/06/1978  25.4    4.2    34     22.5   
30/06/1978  12.5    3.7    33     22     
01/07/1978  2.5     3.6    32.5   22.5   
02/07/1978  0       4.2    34     22.5   
03/07/1978  13.8    4.2    34     23     
04/07/1978  0       4.3    34     22     
05/07/1978  0       4.1    33.5   22.5   
06/07/1978  0       4.5    34.5   23     
07/07/1978  6.7     4.1    33.5   22     
08/07/1978  8.4     4.3    34     22     
09/07/1978  15.8    2.7    31     22.5   
10/07/1978  0       3.8    33     23     
11/07/1978  0       3.2    32     22.5   
12/07/1978  10.8    4.2    34     22     
13/07/1978  0       4.3    34     22     
14/07/1978  6.5     3.8    33     21     
15/07/1978  32.9    4.2    34     22.5   
16/07/1978  11.7    4.3    34     22.5   
17/07/1978  18.5    4      33.5   23     
18/07/1978  10.5    4.2    34     23     
19/07/1978  0       4.2    34     22.5   
20/07/1978  0       3.7    33     22     
21/07/1978  16.7    3.7    33     22.5   
22/07/1978  11.9    3.2    32     22.5   
23/07/1978  0       3.5    32.5   22.5   
24/07/1978  28.8    4.1    33.5   22     
25/07/1978  23.8    4.2    34     22.5   
26/07/1978  0       3.7    33     22     
27/07/1978  0       4.5    34.5   21.5   
28/07/1978  11.6    4.3    34     22.5   
29/07/1978  0       4.2    34     23     
30/07/1978  0       4.6    34.5   23     
31/07/1978  0       4.9    35.5   23     
01/08/1978  0       4.5    34.5   22     
02/08/1978  0       4.8    35     21.5   
03/08/1978  12.5    4.5    34.5   22     
04/08/1978  0       4.6    34.5   22     
05/08/1978  44.8    4.2    34     22     
06/08/1978  23.6    4.4    34.5   22.5   
07/08/1978  52.8    4.1    33.5   21.5   
08/08/1978  13.6    4.1    33.5   21.5   
09/08/1978  20.7    3.7    33     22     
10/08/1978  9.5     4.2    34     22.5   
11/08/1978  0       4.2    34     23.5   
12/08/1978  13.9    4.5    34.5   23     
13/08/1978  4.8     4.2    34     22     
14/08/1978  0       4.3    34     23     
15/08/1978  7.5     4.7    35     22     
16/08/1978  19.4    4.5    34.5   22     
17/08/1978  0       4.5    34.5   22     
18/08/1978  0       4.2    34     22     
19/08/1978  0       4.2    34     22.5   
20/08/1978  33.6    4.1    33.5   23     
21/08/1978  0       3.9    33     22     
22/08/1978  0       4.5    34.5   22.5   
23/08/1978  24.8    4.6    34.5   23     
24/08/1978  17.5    4.2    34     23     
25/08/1978  0       3.8    33     23     
26/08/1978  14.9    3.7    33     22.5   
27/08/1978  11.4    4      33.5   22.5   
28/08/1978  0       4.2    34     23     
29/08/1978  9.7     4.7    35     23     
30/08/1978  1.5     4.3    34     23.5   
31/08/1978  16.6    3.8    33     22     
01/09/1988  40      Nulo   35     19     
02/09/1988  0       Nulo   31.5   18.5   
03/09/1988  4       Nulo   28.5   22     
04/09/1988  20      Nulo   30.5   20.5   
05/09/1988  26.5    Nulo   35.5   20     
06/09/1988  25      Nulo   36.5   22     
07/09/1988  10.2    Nulo   32     21.5   
08/09/1988  9.7     Nulo   34     22     
09/09/1988  48      Nulo   32     22     
10/09/1988  7.8     Nulo   31.5   22.5   
11/09/1988  70.5    Nulo   33     23     
12/09/1988  25.1    Nulo   34     22     
13/09/1988  10.4    Nulo   32     22     
14/09/1988  0       Nulo   33     20     
15/09/1988  10.5    Nulo   29.5   20.5   
16/09/1988  0       Nulo   29     21     
17/09/1988  15      Nulo   28.5   20     
18/09/1988  3.1     Nulo   32     22     
19/09/1988  10.3    Nulo   31.5   26.5   
20/09/1988  25.4    Nulo   31     23.5   
21/09/1988  13.5    Nulo   35     23     
22/09/1988  20.8    Nulo   32     23     
23/09/1988  10.1    Nulo   35     20     
24/09/1988  0       Nulo   32.5   24.5   
25/09/1988  5       Nulo   31.5   22.6   
26/09/1988  0       Nulo   30.5   21.5   
27/09/1988  0       Nulo   35.5   20.5   
28/09/1988  10.4    Nulo   30.5   22.5   
29/09/1988  8       Nulo   29     20.5   
30/09/1988  15.2    Nulo   Nulo   22     
01/10/1988  40.3    Nulo   35     22.5   
02/10/1988  0       Nulo   31.5   22     
03/10/1988  20      Nulo   31     21.5   
04/10/1988  26.4    Nulo   32.5   23     
05/10/1988  25      Nulo   29.4   24     
06/10/1988  10.2    Nulo   28     22.5   
07/10/1988  2       Nulo   31.5   23     
08/10/1988  1.5     Nulo   31     22     
09/10/1988  0       Nulo   32     19.5   
10/10/1988  10.5    Nulo   35     20     
11/10/1988  4.5     Nulo   32     20.5   
12/10/1988  6.2     Nulo   31.5   20.5   
13/10/1988  4.8     Nulo   30.5   19.5   
14/10/1988  7.8     Nulo   31     20.5   
15/10/1988  9.7     Nulo   29     20     
16/10/1988  6.2     Nulo   32     19.5   
17/10/1988  40      Nulo   31     22     
18/10/1988  25      Nulo   32     20     
19/10/1988  10      Nulo   29.5   22     
20/10/1988  25.1    Nulo   34     19     
21/10/1988  62.5    Nulo   32     22.5   
22/10/1988  18      Nulo   31     22     
23/10/1988  9.7     Nulo   33     22     
24/10/1988  48      Nulo   34     22     
25/10/1988  78      Nulo   32.5   22.5   
26/10/1988  6.2     Nulo   32     20.5   
27/10/1988  4       Nulo   31     22     
28/10/1988  10      Nulo   28.5   22     
29/10/1988  16.4    Nulo   28.5   20     
30/10/1988  8.5     Nulo   33     20.5   
31/10/1988  0       Nulo   32     23     
01/11/1988  18      Nulo   33     18     
02/11/1988  25      Nulo   33     19     
03/11/1988  7.8     Nulo   31.5   19     
04/11/1988  6       Nulo   33     20     
05/11/1988  2.5     Nulo   34     22     
06/11/1988  0       Nulo   33     22.5   
07/11/1988  10      Nulo   29.5   20.5   
08/11/1988  0       Nulo   39     21     
09/11/1988  15      Nulo   28.5   20     
10/11/1988  5       Nulo   32     22     
11/11/1988  15.2    Nulo   28.5   22.5   
12/11/1988  2.8     Nulo   29     22     
13/11/1988  4.1     Nulo   34     23     
14/11/1988  2.2     Nulo   33.5   23.5   
15/11/1988  0       Nulo   33.5   22.5   
16/11/1988  0       Nulo   32     23     
17/11/1988  5.1     Nulo   28     24     
18/11/1988  20      Nulo   31     21.5   
19/11/1988  28.5    Nulo   30.5   20     
20/11/1988  25      Nulo   32     22     
21/11/1988  22      Nulo   34     24     
22/11/1988  40      Nulo   35     23     
23/11/1988  11.5    Nulo   34     24.5   
24/11/1988  10.3    Nulo   32     21     
25/11/1988  2.8     Nulo   31     22     
26/11/1988  13.6    Nulo   28.5   21.5   
27/11/1988  18      Nulo   29     22     
28/11/1988  24      Nulo   34     21     
29/11/1988  21      Nulo   30.5   17.5   
30/11/1988  0       Nulo   Nulo   21     
01/03/1990  0       Nulo   29     19.5   
02/03/1990  4       Nulo   29     21     
03/03/1990  15      Nulo   26.5   21     
04/03/1990  0       Nulo   28     20     
05/03/1990  0       Nulo   31.5   20     
06/03/1990  0       Nulo   32     20     
07/03/1990  0       Nulo   32.5   19     
08/03/1990  0       Nulo   33.5   19     
09/03/1990  0       Nulo   32.5   20     
10/03/1990  0       Nulo   32.5   20     
11/03/1990  0       Nulo   32     22     
12/03/1990  0       Nulo   32     21     
13/03/1990  0       Nulo   32.5   20     
14/03/1990  0       Nulo   33.5   20     
15/03/1990  0       Nulo   34.5   21     
16/03/1990  9.6     Nulo   35     22.5   
17/03/1990  28.5    Nulo   25     23     
18/03/1990  0       Nulo   26.5   18     
19/03/1990  30      Nulo   28     17.5   
20/03/1990  8       Nulo   24.5   19     
21/03/1990  0       Nulo   27.5   18     
22/03/1990  0       Nulo   26.5   15.5   
23/03/1990  0       Nulo   28.5   17.5   
24/03/1990  0       Nulo   30.5   20.5   
25/03/1990  8.4     Nulo   30     22     
26/03/1990  34.5    Nulo   29     21     
27/03/1990  0.5     Nulo   31     20.5   
28/03/1990  0       Nulo   32     21.5   
29/03/1990  0       Nulo   33.5   20.5   
30/03/1990  0       Nulo   35     22.5   
31/03/1990  0       Nulo   34     22     
01/04/1990  0       Nulo   33     23.5   
02/04/1990  0       Nulo   33     22.5   
03/04/1990  6.7     Nulo   32     23     
04/04/1990  0       Nulo   31.5   24.5   
05/04/1990  0       Nulo   33     23     
06/04/1990  6       Nulo   35     23     
07/04/1990  5.6     Nulo   36     23     
08/04/1990  0       Nulo   31.5   23     
09/04/1990  0       Nulo   33     23     
10/04/1990  0       Nulo   35     21     
11/04/1990  1       Nulo   34.5   22     
12/04/1990  3       Nulo   31.5   22     
13/04/1990  0       Nulo   30     21.5   
14/04/1990  0       Nulo   32.5   21.5   
15/04/1990  0       Nulo   33     23     
16/04/1990  0       Nulo   32.5   22.5   
17/04/1990  0       Nulo   34     21.5   
18/04/1990  0       Nulo   33.5   20.5   
19/04/1990  0       Nulo   32.5   21.5   
20/04/1990  0       Nulo   33     21.5   
21/04/1990  24.7    Nulo   33     21     
22/04/1990  0       Nulo   29.5   21.5   
23/04/1990  0       Nulo   31.5   21     
24/04/1990  0       Nulo   34.5   21.5   
25/04/1990  0       Nulo   35     23.5   
26/04/1990  7.1     Nulo   34.5   22.5   
27/04/1990  0       Nulo   34.5   21     
28/04/1990  0       Nulo   34     24     
29/04/1990  0       Nulo   31     24.5   
30/04/1990  0       Nulo   Nulo   23.5   
01/05/1990  0       Nulo   35.5   23     
02/05/1990  0       Nulo   35     22     
03/05/1990  0       Nulo   35     22     
04/05/1990  0       Nulo   35.5   22     
05/05/1990  13.9    Nulo   35     22.5   
06/05/1990  40.2    Nulo   31     22.5   
07/05/1990  0       Nulo   29     22.5   
08/05/1990  0       Nulo   32     24     
09/05/1990  0       Nulo   34     25     
10/05/1990  9.3     Nulo   34.5   24     
11/05/1990  0       Nulo   34     23     
12/05/1990  0       Nulo   34.5   23     
13/05/1990  0       Nulo   34.5   23.5   
14/05/1990  0       Nulo   34.5   23     
15/05/1990  0       Nulo   35     23     
16/05/1990  0       Nulo   35     23     
17/05/1990  0       Nulo   34.5   23.5   
18/05/1990  0       Nulo   35     22     
19/05/1990  0       Nulo   35     23     
20/05/1990  0       Nulo   35     23.5   
21/05/1990  9.8     Nulo   36     22.5   
22/05/1990  45      Nulo   33     22.5   
23/05/1990  15.8    Nulo   33     22.5   
24/05/1990  4.3     Nulo   32.5   23     
25/05/1990  0       Nulo   33.5   24     
26/05/1990  0       Nulo   34     24     
27/05/1990  0       Nulo   35     24.5   
28/05/1990  0       Nulo   35.5   26     
29/05/1990  0       Nulo   36     24.5   
30/05/1990  0       Nulo   37     25     
31/05/1990  2.3     Nulo   36     25.5   
01/06/1990  0       Nulo   33     25     
02/06/1990  0       Nulo   35.5   24     
03/06/1990  2.1     Nulo   35     24     
04/06/1990  9       Nulo   33.5   22.5   
05/06/1990  0       Nulo   35     23     
06/06/1990  0       Nulo   34.5   22     
07/06/1990  0       Nulo   34.5   21.5   
08/06/1990  0       Nulo   34     21.5   
09/06/1990  20      Nulo   31     22     
10/06/1990  10.3    Nulo   33     22.5   
11/06/1990  4.3     Nulo   33     22.5   
12/06/1990  0       Nulo   32.5   23.5   
13/06/1990  4       Nulo   34     24     
14/06/1990  0       Nulo   34     24     
15/06/1990  0       Nulo   35     24.5   
16/06/1990  0       Nulo   35     24     
17/06/1990  1       Nulo   35     23.5   
18/06/1990  100.4   Nulo   35     24     
19/06/1990  22.4    Nulo   33     23     
20/06/1990  0       Nulo   33     23     
21/06/1990  31.4    Nulo   35     24     
22/06/1990  17.8    Nulo   35     24.5   
23/06/1990  11.2    Nulo   34.5   24     
24/06/1990  30.2    Nulo   33     23     
25/06/1990  1.1     Nulo   34     24     
26/06/1990  0       Nulo   34     23     
27/06/1990  0       Nulo   33     23     
28/06/1990  31.4    Nulo   31     23.5   
29/06/1990  40.1    Nulo   30.5   24     
30/06/1990  8.9     Nulo   Nulo   24     
01/07/1990  1.2     Nulo   33     23.5   
02/07/1990  15.4    Nulo   34.5   23     
03/07/1990  1       Nulo   33.5   23     
04/07/1990  1.1     Nulo   33.5   23     
05/07/1990  49.2    Nulo   32     23.5   
06/07/1990  1.9     Nulo   32     22     
07/07/1990  0       Nulo   33     22.5   
08/07/1990  0       Nulo   34.5   22     
09/07/1990  9.7     Nulo   33     22     
10/07/1990  0.4     Nulo   32     22.5   
11/07/1990  5.3     Nulo   34.5   22.5   
12/07/1990  0       Nulo   34     23     
13/07/1990  5.8     Nulo   34.5   23     
14/07/1990  34.6    Nulo   33.5   22     
15/07/1990  0       Nulo   33     22     
16/07/1990  0       Nulo   33     22     
17/07/1990  0       Nulo   33.5   22.5   
18/07/1990  7.4     Nulo   33     22.5   
19/07/1990  0.5     Nulo   34     23     
20/07/1990  37.4    Nulo   32     21.5   
21/07/1990  50      Nulo   32.5   22     
22/07/1990  0       Nulo   33.5   22.5   
23/07/1990  0       Nulo   34     22     
24/07/1990  0       Nulo   34.5   22     
25/07/1990  0       Nulo   34.5   22.5   
26/07/1990  14.6    Nulo   34     22.5   
27/07/1990  25.8    Nulo   34     22.5   
28/07/1990  0       Nulo   34     23     
29/07/1990  11.8    Nulo   33.5   23     
30/07/1990  22      Nulo   33     22.5   
31/07/1990  2.7     Nulo   32     22     
01/08/1990  0       Nulo   34     22     
02/08/1990  1       Nulo   32     22.5   
03/08/1990  0       Nulo   34     22     
04/08/1990  7.1     Nulo   35.5   22.5   
05/08/1990  5       Nulo   34     22.5   
06/08/1990  4.9     Nulo   33.5   23     
07/08/1990  0       Nulo   34     22.5   
08/08/1990  7.8     Nulo   34     23     
09/08/1990  0       Nulo   33.5   23     
10/08/1990  6.9     Nulo   34     23     
11/08/1990  0       Nulo   34     23     
12/08/1990  34.5    Nulo   34     22.5   
13/08/1990  0.3     Nulo   33.5   23     
14/08/1990  0       Nulo   33     23.5   
15/08/1990  0.4     Nulo   33     23     
16/08/1990  0       Nulo   33     24     
17/08/1990  0       Nulo   33     23     
18/08/1990  6.5     Nulo   34     22     
19/08/1990  0       Nulo   34     22     
20/08/1990  1.8     Nulo   34     22     
21/08/1990  13.7    Nulo   33.5   22.5   
22/08/1990  0.2     Nulo   34     22.5   
23/08/1990  0       Nulo   33     22     
24/08/1990  0       Nulo   34     23     
25/08/1990  26.5    Nulo   34.5   21     
26/08/1990  44.5    Nulo   33.5   23     
27/08/1990  47.7    Nulo   32.5   22.5   
28/08/1990  45      Nulo   32     23.5   
29/08/1990  0       Nulo   33     22     
30/08/1990  0       Nulo   34     Nulo   
31/08/1990  0       Nulo   33.5   23     
01/09/1990  0       Nulo   33.5   23.5   
02/09/1990  4.3     Nulo   34.5   23     
03/09/1990  21      Nulo   32     23.5   
04/09/1990  58.3    Nulo   32     22     
05/09/1990  4.3     Nulo   32     21     
06/09/1990  50      Nulo   31.5   22     
07/09/1990  14.7    Nulo   32     23.5   
08/09/1990  0       Nulo   31     22.5   
09/09/1990  0       Nulo   32.5   22     
10/09/1990  14.2    Nulo   33.5   22.5   
11/09/1990  0.3     Nulo   32     23     
12/09/1990  32.1    Nulo   34     24     
13/09/1990  30      Nulo   33     23     
14/09/1990  8.7     Nulo   33     23.5   
15/09/1990  50.3    Nulo   24.5   21     
16/09/1990  5.2     Nulo   30     2      
17/09/1990  25      Nulo   34     23.5   
18/09/1990  0       Nulo   33.5   23     
19/09/1990  0       Nulo   33.5   23.5   
20/09/1990  0       Nulo   34     23.5   
21/09/1990  0.8     Nulo   33     23.5   
22/09/1990  84.7    Nulo   33     23     
23/09/1990  0.5     Nulo   32.5   23     
24/09/1990  18.5    Nulo   33     23.5   
25/09/1990  27.6    Nulo   32.5   23     
26/09/1990  20.1    Nulo   32     23     
27/09/1990  31.9    Nulo   32.5   22.5   
28/09/1990  30      Nulo   32.5   22     
29/09/1990  5.8     Nulo   32.5   22.5   
30/09/1990  0       Nulo   Nulo   23     
01/10/1990  7       Nulo   29     23     
02/10/1990  18      Nulo   31     23.5   
03/10/1990  181.4   Nulo   30     22.5   
04/10/1990  45.6    Nulo   28     23.5   
05/10/1990  0.9     Nulo   27.5   22.5   
06/10/1990  53.8    Nulo   28.5   22.5   
07/10/1990  20.8    Nulo   27     23     
08/10/1990  11.9    Nulo   28     22.5   
09/10/1990  58.7    Nulo   27     23     
10/10/1990  1       Nulo   26     23     
11/10/1990  15      Nulo   25     21.5   
12/10/1990  2.1     Nulo   27.5   21     
13/10/1990  7.8     Nulo   26     20.5   
14/10/1990  0       Nulo   29     21     
15/10/1990  1.2     Nulo   28     20.5   
16/10/1990  0       Nulo   29.5   21     
17/10/1990  0.2     Nulo   24     19.5   
18/10/1990  0       Nulo   30     21     
19/10/1990  5.3     Nulo   30.5   22     
20/10/1990  0       Nulo   29.5   21     
21/10/1990  0       Nulo   23     2      
22/10/1990  12.7    Nulo   31.5   22.5   
23/10/1990  0       Nulo   32.5   21.5   
24/10/1990  0       Nulo   30     21     
25/10/1990  0.9     Nulo   29     22     
26/10/1990  82.7    Nulo   28.5   22.5   
27/10/1990  2.2     Nulo   29     22.5   
28/10/1990  22.5    Nulo   29     23     
29/10/1990  20.1    Nulo   30     23     
30/10/1990  14.1    Nulo   30     23     
31/10/1990  0.2     Nulo   30     22     
01/11/1990  0       Nulo   29     22     
02/11/1990  8.1     Nulo   31     22     
03/11/1990  0       Nulo   32     22.5   
04/11/1990  1       Nulo   32     20.5   
05/11/1990  6.7     Nulo   32     22     
06/11/1990  2.1     Nulo   29     22     
07/11/1990  4.8     Nulo   28     23     
08/11/1990  0       Nulo   30     21.5   
09/11/1990  67.9    Nulo   31     20.5   
10/11/1990  4.7     Nulo   26.5   19.5   
11/11/1990  4.1     Nulo   25.5   19     
12/11/1990  2       Nulo   26.5   19     
13/11/1990  17.4    Nulo   26     20     
14/11/1990  20.6    Nulo   26     19     
15/11/1990  78      Nulo   26.5   19     
16/11/1990  47.4    Nulo   25.5   20.5   
17/11/1990  25.6    Nulo   27.5   21.5   
18/11/1990  0       Nulo   28.5   21     
19/11/1990  0       Nulo   29.5   19.5   
20/11/1990  0       Nulo   29.5   20     
21/11/1990  0       Nulo   29     20     
22/11/1990  0       Nulo   30     21     
23/11/1990  0       Nulo   31     20.5   
24/11/1990  0       Nulo   31     21     
25/11/1990  0       Nulo   31.5   20.5   
26/11/1990  0       Nulo   30.5   18     
27/11/1990  0       Nulo   33     19.5   
28/11/1990  8.9     Nulo   32     20     
29/11/1990  20.1    Nulo   31     22     
30/11/1990  21.9    Nulo   Nulo   23     
01/12/1990  75      Nulo   27.5   22     
02/12/1990  0.5     Nulo   29     22     
03/12/1990  112.9   Nulo   29.5   22     
04/12/1990  170.4   Nulo   22.5   22     
05/12/1990  8.9     Nulo   22     20     
06/12/1990  0       Nulo   26     20     
07/12/1990  18.7    Nulo   25     20     
08/12/1990  4.7     Nulo   20     19     
09/12/1990  1.1     Nulo   21     18     
10/12/1990  0       Nulo   28     16     
11/12/1990  0       Nulo   23     15     
12/12/1990  0       Nulo   27     16     
13/12/1990  17.5    Nulo   26.5   17     
14/12/1990  0       Nulo   27     21     
15/12/1990  0       Nulo   28     21     
16/12/1990  0       Nulo   30     20     
17/12/1990  0       Nulo   31.5   19     
18/12/1990  0       Nulo   32     19     
19/12/1990  0       Nulo   31     22     
20/12/1990  0       Nulo   30     19     
21/12/1990  0       Nulo   31     18     
22/12/1990  0       Nulo   32     20     
23/12/1990  33.2    Nulo   30     19     
24/12/1990  7.3     Nulo   27     22     
25/12/1990  0       Nulo   24     18     
26/12/1990  1       Nulo   28     19     
27/12/1990  0       Nulo   27     20     
28/12/1990  0.2     Nulo   28     21     
29/12/1990  0       Nulo   30     18     
30/12/1990  0       Nulo   31     20     
31/12/1990  1       Nulo   30.5   21     
--------------------------------------
