CNA-SMN-CG-GMC-SMAA-CLIMATOLOGIA
BASE DE DATOS CLIMATOLOGICA
DATOS DISPONIBLES EN LA BASE DE DATOS A JULIO 2022

ESTACION  : 8315
NOMBRE    : SANTA MONICA
ESTADO    : CHIHUAHUA
MUNICIPIO : GUERRERO
SITUACION : SUSPENDIDA
ORGANISMO : CONAGUA-DGE
CVE-OMM   : Nulo
LATITUD   : 028.399°
LONGITUD  : -107.447°
ALTITUD   : 2100 msnm

EMISIÓN   : 01/07/2022

            PRECIP  EVAP   TMAX   TMIN   
  Fecha     (MM)    (MM)   (°C)   (°C)   
04/08/1979  4.2     4.7    23     13     
05/08/1979  4.7     5.3    22     15     
06/08/1979  0.3     1.8    22     15     
07/08/1979  1.4     2.3    20     14     
08/08/1979  9.2     1.7    22     13     
09/08/1979  0.5     3.5    24     12     
10/08/1979  0       2.8    24     12     
11/08/1979  0       5.3    22     13     
12/08/1979  1       2      25     14     
13/08/1979  11      3      21     13     
14/08/1979  14      2.9    21     9      
15/08/1979  1       4.2    22     13     
16/08/1979  13.5    3.2    22     12     
17/08/1979  1       2.9    21     13     
18/08/1979  5.5     4.3    22     12     
19/08/1979  5.8     3.4    26     11     
20/08/1979  0       5.4    26     11     
21/08/1979  0       4.5    28     11     
22/08/1979  0       5.7    28     11     
23/08/1979  0       3.6    22     11     
24/08/1979  0       7.2    22     11     
25/08/1979  0       6.9    28     11     
26/08/1979  0       4.7    28     10     
27/08/1979  0       6.7    22     9      
28/08/1979  0       4.9    28     10     
29/08/1979  0       5.9    28     10     
30/08/1979  0       6.1    28     9      
31/08/1979  0       5.3    29     8      
01/09/1979  0       3.8    28     10     
02/09/1979  1       6.7    28     14     
03/09/1979  0       5.2    26     12     
04/09/1979  0       3.5    27     9      
05/09/1979  0       5.1    20     11     
06/09/1979  1       6.5    26     11     
07/09/1979  0       4      23     12     
08/09/1979  0       4.2    22     9      
09/09/1979  0       5.2    18     10     
10/09/1979  0       4.1    18     7      
11/09/1979  0       4.8    25     9      
12/09/1979  0       5.9    28     12     
13/09/1979  0       5.3    28     9      
14/09/1979  10.5    4.8    23     11     
15/09/1979  34.5    3.2    18     10     
16/09/1979  2       3.2    15     10     
17/09/1979  1       3.4    18     11     
18/09/1979  0       4.6    16     12     
19/09/1979  0       5.8    20     7      
20/09/1979  0       4.7    22     7      
21/09/1979  3       3.2    22     6      
22/09/1979  0       4.3    22     8      
23/09/1979  0       4.1    22     8      
24/09/1979  0       6.5    23     8      
25/09/1979  0       5.1    21     10     
26/09/1979  0       4.4    22     4      
27/09/1979  0       6.8    23     6      
28/09/1979  0       5.6    24     5      
29/09/1979  0       4.4    25     6      
30/09/1979  0       5.1    23     5      
01/10/1979  0       5.5    23     5      
02/10/1979  0       5.9    24     4      
03/10/1979  0       4.9    26     5      
04/10/1979  0       3.5    26     7      
05/10/1979  0       4.8    25     6      
06/10/1979  0       6.1    25     5      
07/10/1979  0       4.2    21     1      
08/10/1979  0       5.4    25     4      
09/10/1979  0       6.3    25     5      
10/10/1979  0       3.8    25     5      
11/10/1979  0       6      26     5      
12/10/1979  0       5.4    21     5      
13/10/1979  0       5.6    26     2      
14/10/1979  0       4.1    26     5      
15/10/1979  0       5.5    24     2      
16/10/1979  0       7.7    25     3      
17/10/1979  0       4.2    25     2      
18/10/1979  0       3.3    23     1      
19/10/1979  0       6      23     0      
20/10/1979  0       5.8    23     -1     
21/10/1979  0       5.8    21     3      
22/10/1979  0       5.2    24     0      
23/10/1979  0       5.7    26     0      
24/10/1979  0       6.7    25     -1     
25/10/1979  0       5.1    26     0      
26/10/1979  0       4.9    26     1      
27/10/1979  0       5.7    26     0      
28/10/1979  0       6.2    27     1      
29/10/1979  0       6      22     0      
30/10/1979  0       5.9    13     -4     
31/10/1979  0       6.3    16     -5     
01/11/1979  0       4.7    19     0      
02/11/1979  0       4.1    20     1      
03/11/1979  0       2.6    22     3      
04/11/1979  0       1.6    21     -1     
05/11/1979  0       3.3    19     -2     
06/11/1979  0       4.8    21     -1     
07/11/1979  0       4      20     -1     
08/11/1979  0       3.7    20     2      
09/11/1979  0       5.4    18     3      
10/11/1979  0       4.6    13     -1     
11/11/1979  0       3.9    12     -6     
12/11/1979  0       4.4    15     -7     
13/11/1979  0       4      17     -7     
14/11/1979  0       2.1    17     -4     
15/11/1979  1       1.1    10     -2     
16/11/1979  2.8     3.7    13     -2     
17/11/1979  0       2.5    16     -2     
18/11/1979  0       4.7    16     0      
19/11/1979  0       3.2    12     -3     
20/11/1979  0       2.7    18     -2     
21/11/1979  0       5.5    15     -9     
22/11/1979  0       2.5    14     -5     
23/11/1979  0       1.6    8      -12    
24/11/1979  0       0.7    8      -8     
25/11/1979  0       6      15     -8     
26/11/1979  0       3.7    18     -7     
27/11/1979  0       2.9    19     -4     
28/11/1979  0       3.1    15     -5     
29/11/1979  0       2.5    15     -4     
30/11/1979  0       2.4    16     -6     
01/12/1979  0       1      11     -7     
02/12/1979  0       3.4    11     -9     
03/12/1979  0       2.5    13     -9     
04/12/1979  0       4.1    14     -8     
05/12/1979  0       1.7    12     -6     
06/12/1979  0       1      15     -6     
07/12/1979  0       0.9    16     -5     
08/12/1979  0       2.2    19     -4     
09/12/1979  0       1      18     -4     
10/12/1979  0       3      18     -4     
11/12/1979  0       2.2    18     -3     
12/12/1979  1.8     4.6    12     5      
13/12/1979  0       0.7    13     1      
14/12/1979  0       2.2    12     -2     
15/12/1979  0       2.1    13     -5     
16/12/1979  0       2.3    15     -6     
17/12/1979  0       3.7    15     -2     
18/12/1979  12      1      12     -2     
19/12/1979  0       0.6    14     -1     
20/12/1979  0       1      12     0      
21/12/1979  0       1.5    13     1      
22/12/1979  0       3      12     3      
23/12/1979  0       4.8    10     -1     
24/12/1979  0       1.2    19     -6     
25/12/1979  0       3.4    17     -4     
26/12/1979  0       1.6    18     -2     
27/12/1979  0       2.3    15     -3     
28/12/1979  0       3.8    13     -7     
29/12/1979  0       2.3    11     -9     
30/12/1979  0       1.5    15     -8     
31/12/1979  0       2.7    14     -7     
01/01/1980  0       2.1    13     -6     
02/01/1980  0       2.7    15     -4     
03/01/1980  0       2.5    12     -6     
04/01/1980  0       3.7    14     -8     
05/01/1980  0       2.8    13     -7     
06/01/1980  0       2      15     -7     
07/01/1980  0       2.2    14     -7     
08/01/1980  0       2.6    13     -5     
09/01/1980  0.5     2      15     -4     
10/01/1980  0       3      10     -2     
11/01/1980  0       2.2    15     -2     
12/01/1980  0       2.2    14     -4     
13/01/1980  0       4      18     -2     
14/01/1980  0       0.9    20     0      
15/01/1980  0       3.6    15     0      
16/01/1980  0       5.4    16     -2     
17/01/1980  0       3.9    16     -5     
18/01/1980  0       3      11     -3     
19/01/1980  0       7.1    13     -1     
20/01/1980  0       8.1    16     -1     
21/01/1980  0       4.4    13     -1     
22/01/1980  0       1.4    14     -6     
23/01/1980  0       3.7    11     -9     
24/01/1980  0       2      11     -10    
25/01/1980  0       3.4    11     -3     
26/01/1980  0       3.2    14     -7     
27/01/1980  0       2.5    15     -7     
28/01/1980  0       1.7    14     -4     
29/01/1980  0       2.5    16     -4     
30/01/1980  0       2      17     -3     
31/01/1980  1       1.1    14     1      
01/02/1980  1.4     1.3    12     1      
02/02/1980  0       1.4    14     -2     
03/02/1980  0       1.7    13     -4     
04/02/1980  0       5.8    14     -5     
05/02/1980  0       4.2    18     -3     
06/02/1980  0       5.6    20     -4     
07/02/1980  0       4.5    15     -2     
08/02/1980  0       4.1    10     1      
09/02/1980  0       3.2    14     -2     
10/02/1980  0       2.7    12     -2     
11/02/1980  0       1.8    10     1      
12/02/1980  0       2.8    12     -3     
13/02/1980  1       0.6    12     -3     
14/02/1980  1.7     0.9    14     -2     
15/02/1980  1       1.8    15     1      
16/02/1980  0       1.4    15     0      
17/02/1980  0       3.7    14     3      
18/02/1980  0       4.4    19     0      
19/02/1980  1.5     1.1    19     4      
20/02/1980  0       2.9    12     5      
21/02/1980  0       1.5    15     0      
22/02/1980  0       1.1    15     -2     
23/02/1980  0       1.1    17     -3     
24/02/1980  0       1.2    17     -3     
25/02/1980  0       2.1    17     -3     
26/02/1980  0       1.4    17     -3     
27/02/1980  0       1.2    17     0      
28/02/1980  0       2.7    17     0      
29/02/1980  0       1.4    18     1      
01/03/1980  0       2.7    16     -1     
02/03/1980  0       4      18     0      
03/03/1980  0       6.7    18     -1     
04/03/1980  0       4.4    16     1      
05/03/1980  0       5.4    20     -3     
06/03/1980  0       6.1    18     -3     
07/03/1980  0       6.2    15     -2     
08/03/1980  0       4.2    19     3      
09/03/1980  0       5.2    20     4      
10/03/1980  0       6.3    22     5      
11/03/1980  0       4.3    17     6      
12/03/1980  0       5.2    20     5      
13/03/1980  0       4.5    20     2      
14/03/1980  0       4.7    22     0      
15/03/1980  0       5.7    20     -1     
16/03/1980  0       2.2    11     -1     
17/03/1980  0       5.4    15     -4     
18/03/1980  0       6.9    17     -4     
19/03/1980  0       8.2    17     -3     
20/03/1980  0       7.3    19     -1     
21/03/1980  0       7.7    20     -2     
22/03/1980  0       6.4    20     -2     
23/03/1980  0       7.8    15     4      
24/03/1980  6.5     2.5    8      0      
25/03/1980  0       3.5    12     0      
26/03/1980  0       4.2    14     0      
27/03/1980  0       4.7    13     0      
28/03/1980  0       5.7    17     -4     
29/03/1980  0       4.9    18     -5     
30/03/1980  0       7.2    19     -4     
31/03/1980  0       5.1    17     -2     
01/04/1980  0       5.3    19     1      
02/04/1980  0       6.8    21     0      
03/04/1980  0       7.1    21     -4     
04/04/1980  0       6.1    25     -2     
05/04/1980  0       7.6    22     3      
06/04/1980  0       6.5    23     3      
07/04/1980  0       10.9   23     0      
08/04/1980  0       7.9    24     0      
09/04/1980  0       6.7    24     0      
10/04/1980  0       10.2   24     2      
11/04/1980  0       6.5    20     1      
12/04/1980  0       5.6    15     -5     
13/04/1980  0       4.7    15     -5     
14/04/1980  0       6.6    17     -6     
15/04/1980  0       7.7    22     -6     
16/04/1980  0       7.9    22     -1     
17/04/1980  0       6.6    23.5   1      
18/04/1980  0       6.9    22     1      
19/04/1980  0       5.5    22     5      
20/04/1980  0       4.7    14.1   1      
21/04/1980  0       5.4    19     1      
22/04/1980  0       4.6    20     4      
23/04/1980  0       5.3    20     6      
24/04/1980  0       4.2    17     4      
25/04/1980  0       5.9    19     2      
26/04/1980  0       5.9    23     1      
27/04/1980  0       8.2    24     4      
28/04/1980  0       9.6    25     2      
29/04/1980  0       11.9   22     2      
30/04/1980  0       7.2    19     9      
01/05/1980  0       6      21     3      
02/05/1980  0       7.2    24     2      
03/05/1980  0       7.9    25     2      
04/05/1980  0       7.2    24     3      
05/05/1980  0       9.2    25     3      
06/05/1980  0       6.2    25     3      
07/05/1980  0       7.8    25     5      
08/05/1980  0       10.4   24     5      
09/05/1980  0       11.4   23     4      
10/05/1980  0       6.8    29     4      
11/05/1980  0       11.2   22     8      
12/05/1980  0       7      27     4      
13/05/1980  0       6.3    26.5   2      
14/05/1980  0       10.6   23     5      
15/05/1980  0       7.3    20     9      
16/05/1980  0       6.9    22     2      
17/05/1980  0       13.1   22     3      
18/05/1980  0       10.2   26     0      
19/05/1980  0       5.4    27     6      
20/05/1980  0       9.8    27     9      
21/05/1980  0       7.7    29     12     
22/05/1980  0       5.7    28     8      
23/05/1980  0       13.9   24     5      
24/05/1980  0       8.1    25     4      
25/05/1980  0       11.9   26     5      
26/05/1980  0       10.4   26     8      
27/05/1980  0       7.4    27     9      
28/05/1980  0       12.2   28     5      
29/05/1980  0       9.9    28     6      
30/05/1980  0       14     31     5      
31/05/1980  0       12.7   31     7      
01/06/1980  0       8.2    28     12     
02/06/1980  0       9.6    30     15     
03/06/1980  0       8.4    32     10     
04/06/1980  0       6.9    34     12     
05/06/1980  0       10     35     11     
06/06/1980  0       7.5    35     12     
07/06/1980  4       8.1    30     15     
08/06/1980  7       7      26     15     
09/06/1980  5       9.7    30     14     
10/06/1980  0       7.8    30     15     
11/06/1980  0       7.4    31     13.5   
12/06/1980  0       8.6    33     12     
13/06/1980  0       6.2    32     13     
14/06/1980  0       10.7   33     13     
15/06/1980  0       13     33     14     
16/06/1980  0       10.7   34     13     
17/06/1980  0       9.5    33     15     
18/06/1980  0       12.4   33     15     
19/06/1980  0       10.8   32.5   15     
20/06/1980  0       6.4    33     13     
21/06/1980  0       10.4   33     18     
22/06/1980  0       6.4    28     17     
23/06/1980  0       11.8   30     15     
24/06/1980  0       7.1    30     15     
25/06/1980  0       9.9    32     14     
26/06/1980  0       9.4    32     15     
27/06/1980  0       8.9    32     15     
28/06/1980  0       8.1    32     15     
29/06/1980  0       10.6   30     15     
30/06/1980  5       7.2    30     15     
01/07/1980  3.5     5.9    28     15     
02/07/1980  6.5     8.9    27     14     
03/07/1980  0.5     7.9    30     14     
04/07/1980  0       7.6    30     14     
05/07/1980  0.3     6.8    30     14     
06/07/1980  3.5     5.1    27     14     
07/07/1980  1.5     5.6    24     15     
08/07/1980  8       7.1    29     15     
09/07/1980  7       6      28     14     
10/07/1980  8.9     5.9    26     15     
11/07/1980  2.5     5.9    25     13     
12/07/1980  11      5.2    29     15     
13/07/1980  9.1     6      26     16     
14/07/1980  6.5     5.6    26     15     
15/07/1980  1       6.9    28     16     
16/07/1980  2       7.1    26     16     
17/07/1980  4       6.9    26     14     
18/07/1980  0       6.6    29     14     
19/07/1980  1       3.5    29     15     
20/07/1980  1       3.4    28     15     
21/07/1980  12      7.1    26     14     
22/07/1980  1.1     7      25     14     
23/07/1980  13.1    5.2    29     15     
24/07/1980  1       6.2    25     15     
25/07/1980  0       6      27     14     
26/07/1980  0       6.3    29     13     
27/07/1980  0       4.2    30     11     
28/07/1980  1       8.2    29     12     
29/07/1980  1       7.4    28     16     
30/07/1980  0       8.5    28     15     
31/07/1980  0       5.7    28     13     
01/08/1980  0       7.6    30     13     
02/08/1980  0       7.2    29     12     
03/08/1980  0       5.6    27     12     
04/08/1980  15      7.6    27     14     
05/08/1980  0       8.6    28     15     
06/08/1980  0       8.7    29     15     
07/08/1980  0       6.5    27     12     
08/08/1980  0       4.6    28     12     
09/08/1980  0       6.2    28     14     
10/08/1980  5.7     5.1    25     15     
11/08/1980  0       4.6    22     14     
12/08/1980  26      2.2    21     18     
13/08/1980  0       4      25     15     
14/08/1980  0       5.8    24     14     
15/08/1980  4       6.8    25     14     
16/08/1980  0       1.9    23     15     
17/08/1980  38      4.7    23     16     
18/08/1980  2       4.1    20     15     
19/08/1980  0       4.2    21     15     
20/08/1980  0       4.7    24     14     
21/08/1980  1       3.6    23     13     
22/08/1980  0       3.7    21     14     
23/08/1980  9       3.1    23     15     
24/08/1980  18      3.8    20     14     
25/08/1980  7       2.4    21     14     
26/08/1980  0       3.5    22     13     
27/08/1980  0       3.7    21     15     
28/08/1980  9.5     7.3    22     15     
29/08/1980  0       4.1    22     14     
30/08/1980  0       2.9    25     15     
31/08/1980  5.5     3.7    23     15     
01/09/1980  7.5     3.1    23     13     
02/09/1980  5       2.5    21     12     
03/09/1980  4       1.1    18     15     
04/09/1980  8       3      22     12     
05/09/1980  2       3.6    22     11     
06/09/1980  8.3     1.5    20     12     
07/09/1980  9.5     3      23     13     
08/09/1980  3.8     3.6    20     14     
09/09/1980  38.5    3.1    22     14     
10/09/1980  0       2      23     12     
11/09/1980  0       4.5    20     14     
12/09/1980  7       2.8    21     11     
13/09/1980  3.5     3.2    22     14     
14/09/1980  9       2.6    21     15     
15/09/1980  0       4.2    24     13     
16/09/1980  0       4.8    24     12     
17/09/1980  0       2.4    25     11     
18/09/1980  0       2.2    25     10     
19/09/1980  0       3.9    25     12     
20/09/1980  0       3.5    26     10     
21/09/1980  5.4     2.8    23     12     
22/09/1980  27      2.9    21     10     
23/09/1980  22      3.7    21     12     
24/09/1980  7.5     1.6    20     11     
25/09/1980  0       1.3    21     14     
26/09/1980  0.5     1      21     15     
27/09/1980  23      2.3    18     15     
28/09/1980  24      1.8    18     15     
29/09/1980  0       0.9    20     12     
30/09/1980  0       3.3    21     13     
01/10/1980  0       3.3    23     9      
02/10/1980  0       4.5    21     8      
03/10/1980  0       3.6    20     7      
04/10/1980  0       3.5    22     7      
05/10/1980  0       2.2    23     7      
06/10/1980  0       3.9    22     6      
07/10/1980  0       4.4    20     9      
08/10/1980  0       1.1    16     7      
09/10/1980  1       2.5    16     7      
10/10/1980  0.5     1.9    12     4      
11/10/1980  0       1.5    16     5      
12/10/1980  0       0.7    20     3      
13/10/1980  0       4.5    20     6      
14/10/1980  0       1.4    19     8      
15/10/1980  0       4.8    18     7      
16/10/1980  0       1.9    18     4      
17/10/1980  0       2.4    20     3      
18/10/1980  0       4.5    20     5      
19/10/1980  0       5      19     8      
20/10/1980  0       3.3    18     7      
21/10/1980  0       3.1    15     8      
22/10/1980  0       4.1    11     4      
23/10/1980  0       1.2    17     2      
24/10/1980  0       3.8    12     0      
25/10/1980  0       5.9    22     2      
26/10/1980  0       4.9    20     3      
27/10/1980  0       3.8    18     3      
28/10/1980  0       3.7    12     3      
29/10/1980  0       1.2    7      0      
30/10/1980  0       1.8    11     0      
31/10/1980  1       4      14     -1     
01/11/1980  0       1.5    12     -1     
02/11/1980  0       1.2    13     0      
03/11/1980  0       2.3    20     -1     
04/11/1980  0       4.3    19     -2     
05/11/1980  0       2.8    19     -1     
06/11/1980  0       2.2    18     0      
07/11/1980  0       4      20     0      
08/11/1980  0       3.2    20     -1     
09/11/1980  0       1.3    22     -1     
10/11/1980  0       3.7    21     0      
11/11/1980  0       2.8    20     -1     
12/11/1980  0       3.7    20     1      
13/11/1980  0       2.5    20     2      
14/11/1980  0       3      18     0      
15/11/1980  10      2.3    15     0      
16/11/1980  0       2.4    14     2      
17/11/1980  0       0.4    5      0      
18/11/1980  0       1      13     0      
19/11/1980  0       4.3    9      -2     
20/11/1980  0       2.1    12     -3     
21/11/1980  0       1      10     6      
22/11/1980  0       0.8    11     0      
23/11/1980  0       2      12     -1     
24/11/1980  0       4.3    16     0      
25/11/1980  0       1.7    16     -2     
26/11/1980  0       2.7    9      -3     
27/11/1980  0       2.7    14     -7     
28/11/1980  0       0.8    16     -6     
29/11/1980  0       1.1    16     -4     
30/11/1980  0       1.1    18     -3     
01/12/1980  0       3.8    16     -4     
02/12/1980  0       2.7    16     -5     
03/12/1980  0       2.5    20     -4     
04/12/1980  0       1.6    18     -4     
05/12/1980  0       4.3    18     -3     
06/12/1980  3       1.5    18     3      
07/12/1980  20      0.5    8      3      
08/12/1980  0       0.3    9      -3     
09/12/1980  0       0.3    6      -4     
10/12/1980  0       1.1    7      -6     
11/12/1980  0       0.9    7      -5     
12/12/1980  1.3     2.5    15     -2     
13/12/1980  0       2.8    17     -4     
14/12/1980  0       1.9    17     -4     
15/12/1980  0       4.4    13     -4     
16/12/1980  0       0.2    15     -3     
17/12/1980  0       1.4    17     -4     
18/12/1980  0       1.5    18     -4     
19/12/1980  0       4.2    19     -3     
20/12/1980  0       2.4    19     -3     
21/12/1980  0       2.2    17     -3     
22/12/1980  0       0.3    18     -3     
23/12/1980  0       0.8    16     2      
24/12/1980  0       0.6    14     1      
25/12/1980  0       0.8    17     -5     
26/12/1980  0       2.9    17     -6     
27/12/1980  0       2.3    19     -5     
28/12/1980  0       1.3    18     -4     
29/12/1980  0       1.5    20     -3     
30/12/1980  0       2      17     -5     
31/12/1980  0       2      18     -2     
01/01/1981  0       2.8    17     -3     
02/01/1981  0       2.2    17     -4     
03/01/1981  0       2.3    15     -4     
04/01/1981  0       2.7    16     -3     
05/01/1981  5       1.1    9      0      
06/01/1981  10.8    1.2    10     5      
07/01/1981  7       2.7    8      5      
08/01/1981  0       1.4    15     5      
09/01/1981  0       2.1    11     -1     
10/01/1981  0       1.9    13     -1     
11/01/1981  7       1.8    11     2      
12/01/1981  6       1.6    15     2      
13/01/1981  0       1.7    10     -1     
14/01/1981  0       0.6    8      -2     
15/01/1981  0       1.8    10     -1     
16/01/1981  2       1.8    8      -3     
17/01/1981  2       0.6    1      -3     
18/01/1981  0       1      7      -3     
19/01/1981  0       1      8      -2     
20/01/1981  0       1.2    11     -3     
21/01/1981  0       1.9    10     -4     
22/01/1981  0       2      5      -6     
23/01/1981  0       2.2    10     -7     
24/01/1981  0       1.5    15     -7     
25/01/1981  0       3      12     -5     
26/01/1981  5.2     2.7    3      -3     
27/01/1981  0       1.1    10     -4     
28/01/1981  0       1.3    7      -5     
29/01/1981  0       2.1    15     -5     
30/01/1981  0       3.5    16     -3     
31/01/1981  0       1.8    13     -1     
01/02/1981  0       1.3    11     -3     
02/02/1981  0       1.5    12     -6     
03/02/1981  0       2.4    12     -2     
04/02/1981  0       2.1    15     -6     
05/02/1981  0       2      15     -5     
06/02/1981  0       2.1    16     -5     
07/02/1981  0       3.1    15     -5     
08/02/1981  0       3.4    17     -4     
09/02/1981  2       2.7    11     -3     
10/02/1981  0       2.8    13     -5     
11/02/1981  0       1.8    12     -5     
12/02/1981  0       4.4    19     -5     
13/02/1981  0       2.9    15     -4     
14/02/1981  0       1.7    17     -4     
15/02/1981  0       2.5    17     -4     
16/02/1981  0       2.7    13     -3     
17/02/1981  0       4      15     -2     
18/02/1981  0       4.1    16     -1     
19/02/1981  0       4.6    17     -2     
20/02/1981  6       1.1    10     1      
21/02/1981  0       1.8    12     -4     
22/02/1981  0       4.7    15     -2     
23/02/1981  0       4.2    17     -4     
24/02/1981  0       4.5    20     -1     
25/02/1981  0.5     5.1    18     0      
26/02/1981  0       4.7    19     -1     
27/02/1981  0       2      19     1      
28/02/1981  0       5.9    12     2      
01/04/1981  0       9.7    22     3      
02/04/1981  0       6.8    21     8      
03/04/1981  0       5.2    17     2      
04/04/1981  0       7.1    21     0      
05/04/1981  0       7.7    20     0      
06/04/1981  0       8.6    20     6      
07/04/1981  0       1.4    11     5      
08/04/1981  0       8.9    20     4      
09/04/1981  0       7.6    23     5      
10/04/1981  0       7.2    22     4      
11/04/1981  0       2.5    23     4      
12/04/1981  0       8.3    24     4      
13/04/1981  0       5.1    22     7      
14/04/1981  0       4.8    25     6      
15/04/1981  5.5     0.4    18     6      
16/04/1981  1.5     1.7    15     10     
17/04/1981  0       6.6    18     5      
18/04/1981  0       8.3    20     6      
19/04/1981  0       5.4    20     4      
20/04/1981  0       4.8    20     4      
21/04/1981  6.5     4.1    12     10     
22/04/1981  2.5     4.1    12     6      
23/04/1981  0       5.7    12     1      
24/04/1981  0       2.7    14     4      
25/04/1981  0       7.3    22     3      
26/04/1981  0       7.3    23     5      
27/04/1981  0       10.7   23     8      
28/04/1981  0       3.4    22     2      
29/04/1981  0       9.3    25     7      
30/04/1981  7.5     1.5    22     7      
01/05/1981  7       4.4    20     6      
02/05/1981  6.5     3.3    18     10     
03/05/1981  0       5.5    19     8      
04/05/1981  0       7.4    22     7      
05/05/1981  0       7.6    23     6      
06/05/1981  0       9.3    25     5      
07/05/1981  0       4.4    23     6      
08/05/1981  0       10.2   24     5      
09/05/1981  0       8.1    24     4      
10/05/1981  0       6.9    25     3      
11/05/1981  0       6.6    24     8      
12/05/1981  0       6.8    25     4      
13/05/1981  0       10.9   22     3      
14/05/1981  0       8.2    22     4      
15/05/1981  0       10.2   23     5      
16/05/1981  0       11     23     8      
17/05/1981  0       11.7   22     8      
18/05/1981  0       8.9    26     3      
19/05/1981  0       10.7   26     6      
20/05/1981  0       12.2   25     8      
21/05/1981  0       5.1    23     5      
22/05/1981  0       7.1    23     7      
23/05/1981  0       7.2    22     5      
24/05/1981  0       7.6    22     7      
25/05/1981  0       9.5    25     8      
26/05/1981  0       8.6    27     8      
27/05/1981  0       7.7    28     7      
28/05/1981  0       11     26     10     
29/05/1981  0       10.4   24     6      
30/05/1981  0       7.5    24     5      
31/05/1981  0       8.1    28     6      
01/06/1981  0       8.1    26     7      
02/06/1981  0       10     27     8      
03/06/1981  0       5.3    28     9      
04/06/1981  0       7.6    27     11     
05/06/1981  0       7.4    22     10     
06/06/1981  0       5.7    28     9      
07/06/1981  0       9.6    31     12     
08/06/1981  0       6.4    33     13     
09/06/1981  2       9.2    33     13     
10/06/1981  0       7.1    31     12     
11/06/1981  0       7.6    32     12     
12/06/1981  0       6.9    33     12     
13/06/1981  0       8.6    30     14     
14/06/1981  0       6.7    31     11     
15/06/1981  5.5     10.3   29     13     
16/06/1981  0       8      22     15     
17/06/1981  0       7.1    26     7      
18/06/1981  0       5.3    27     14     
19/06/1981  0       7.2    30     13     
20/06/1981  0       12.4   30     15     
21/06/1981  0       10.1   32     14     
22/06/1981  0       9.6    32     15     
23/06/1981  0       2.5    29     15     
24/06/1981  0       3.2    30     13     
25/06/1981  0       4.6    28     12     
26/06/1981  0       7.1    26     12     
27/06/1981  0       6.6    25     13     
28/06/1981  33      6.2    22     12     
29/06/1981  13      3.8    27     17     
30/06/1981  49      6.7    25     13     
01/07/1981  7       3.4    23     14     
02/07/1981  4       4.1    24     15     
03/07/1981  0       5.1    26     15     
04/07/1981  4       3.9    25     15     
05/07/1981  12      7.2    28     15     
06/07/1981  0       5.3    24     15     
07/07/1981  0       4.7    32     11     
08/07/1981  0       8      27     12     
09/07/1981  0       6.9    25     17     
10/07/1981  8       6.3    32     16     
11/07/1981  0       6.2    24     13     
12/07/1981  0       7      24     14     
13/07/1981  5       2.6    26     13     
14/07/1981  8       3.3    25     15     
15/07/1981  0       4.5    24     14     
16/07/1981  6       6      26     14     
17/07/1981  0       5.1    21     13     
18/07/1981  8       6.6    26     15     
19/07/1981  0       7.3    27     15     
20/07/1981  29.5    6.1    22     15     
21/07/1981  10      5.7    26     15     
22/07/1981  0       5.1    28     12     
23/07/1981  1       8.9    28     14     
24/07/1981  5.2     5.7    26     15     
25/07/1981  1       6.1    26     13     
26/07/1981  4       2.8    24     14     
27/07/1981  0       5.4    24     15     
28/07/1981  22      3.7    24     16     
29/07/1981  2       1.7    27     16     
30/07/1981  5.6     2.1    24     14     
31/07/1981  0       3.6    25     15     
01/08/1981  0       4.4    28     14     
02/08/1981  10      5.7    26     13     
03/08/1981  12.2    6.1    25     13     
04/08/1981  0       4.3    25     15     
05/08/1981  0       4.9    25     15     
06/08/1981  0       3.1    23     13     
07/08/1981  26.1    5.3    24     14     
08/08/1981  2       4.9    23     15     
09/08/1981  0       2.5    22     14     
10/08/1981  8       3.5    23     14     
11/08/1981  6.1     3.2    22     13     
12/08/1981  1       4.9    21     9      
13/08/1981  1.1     1.5    22     13     
14/08/1981  5       2.9    21     15     
15/08/1981  3.1     4.4    24     15     
16/08/1981  0       3.9    22     10     
17/08/1981  1       3.4    22     15     
18/08/1981  4.5     2      22     12     
19/08/1981  21      5.6    22     14     
20/08/1981  0       4      22     15     
21/08/1981  0       1.2    22     13     
22/08/1981  0       7.1    24     13     
23/08/1981  0       7.7    22     14     
24/08/1981  0       4.1    23     10     
25/08/1981  0       5.9    23     9      
26/08/1981  0       6      23     10     
27/08/1981  0       2.5    22     10     
28/08/1981  0       4.1    23     10     
29/08/1981  0       6.3    25     10     
30/08/1981  0       6.2    26     13     
31/08/1981  5       8      22     14     
01/09/1981  6.5     1.2    22     13     
02/09/1981  6.5     5.8    24     15     
03/09/1981  0       6.1    25     13     
04/09/1981  11      2.8    25     12     
05/09/1981  4.5     2.3    25     13     
06/09/1981  5       2.3    19     13     
07/09/1981  29.5    3.7    22     14     
08/09/1981  9.3     2.5    22     15     
09/09/1981  6       2.7    21     14     
10/09/1981  3       4.9    20     13     
11/09/1981  24      3.5    22     13     
12/09/1981  0       4.7    22     12     
13/09/1981  0       5.9    20     11     
14/09/1981  0       1.6    19     12     
15/09/1981  7.5     4.1    23     11     
16/09/1981  0       3.1    20     11     
17/09/1981  0       3.3    20     10     
18/09/1981  0       5.6    18     11     
19/09/1981  0       2.8    20     11     
20/09/1981  0       1.7    22     9      
21/09/1981  0.5     2.6    20     10     
22/09/1981  0       3.5    24     14     
23/09/1981  0       3.5    22     9      
24/09/1981  0       6.3    26     10     
25/09/1981  0       3.9    26     8      
26/09/1981  0       4.2    21     10     
27/09/1981  0       3.7    24     7      
28/09/1981  0       4      23     7      
29/09/1981  0       4.9    25     7      
30/09/1981  1       4.3    23     8      
01/10/1981  0.5     1      23     9      
02/10/1981  0       5.9    25     13     
03/10/1981  0       3.9    25     9      
04/10/1981  1.5     1      22     8      
05/10/1981  7.5     0.4    12     10     
06/10/1981  0       4.1    23     10     
07/10/1981  32      2.1    15     11     
08/10/1981  0.1     1.2    20     7      
09/10/1981  0       4.7    20     6      
10/10/1981  0       5.3    22     8      
11/10/1981  0       2      19     10     
12/10/1981  0       3.3    20     7      
13/10/1981  0       3.9    19     5      
14/10/1981  0       2.7    21     4      
15/10/1981  0       5.4    22     3      
16/10/1981  0       3.1    22     2      
17/10/1981  0       3.8    23     2      
18/10/1981  0       4.8    20     2      
19/10/1981  0       2      23     3      
20/10/1981  7       2.4    18     9      
21/10/1981  0.4     0.8    19     6      
22/10/1981  0       0.7    22     7      
23/10/1981  0.2     0.4    12     10     
24/10/1981  0       1.1    17     7      
25/10/1981  0       3.3    17     4      
26/10/1981  0       4      20     3      
27/10/1981  0       3      22     4      
28/10/1981  0       5      21     4      
29/10/1981  0       3      22     5      
30/10/1981  0       2.6    20     1      
31/10/1981  0       2.6    19     2      
01/11/1981  0       3.8    16     1      
02/11/1981  0       2.4    18     -2     
03/11/1981  0       2.9    19     0      
04/11/1981  0       2.5    19     1      
05/11/1981  0       6.6    20     -4     
06/11/1981  0       3.2    22     -1     
07/11/1981  0       5      18     1      
08/11/1981  0       5.7    19     0      
09/11/1981  0       2.4    9      -2     
10/11/1981  0       3.1    12     -3     
11/11/1981  0       2.5    15     0      
12/11/1981  0       2      18     -2     
13/11/1981  0       2.4    20     -3     
14/11/1981  0       4.7    18     -2     
15/11/1981  0       2.9    20     -3     
16/11/1981  0       2.7    22     -3     
17/11/1981  0       4.5    23     -3     
18/11/1981  0       3.9    22     -5     
19/11/1981  0       2.9    19     -4     
20/11/1981  0       2.4    21     -6     
21/11/1981  0       4.5    18     -4     
22/11/1981  0       2.8    21     -3     
23/11/1981  0       2.4    21     -6     
24/11/1981  0       3.7    23     -5     
25/11/1981  0       4.9    20     -2     
26/11/1981  0       3.1    17     -3     
27/11/1981  0       2.6    17     0      
28/11/1981  0       3.3    19     2      
29/11/1981  0       3.3    16     5      
30/11/1981  0       4.8    14     5      
01/12/1981  0       3.4    17     2      
02/12/1981  0       2      18     5      
03/12/1981  0       1.7    20     5      
04/12/1981  0.2     1.9    18     5      
05/12/1981  0.5     2.1    13     6      
06/12/1981  0       2.6    15     2      
07/12/1981  0       0.6    16     -7     
08/12/1981  0       1.2    17     -6     
09/12/1981  0       6.2    18     -6     
10/12/1981  0       2      20     -7     
11/12/1981  0       2.5    20     -5     
12/12/1981  0       3.9    19     0      
13/12/1981  0       2.2    15     2      
14/12/1981  0       2.2    11     -3     
15/12/1981  0       2.2    15     -6     
16/12/1981  0       3.1    18     -6     
17/12/1981  0       2.9    15     -4     
18/12/1981  0       1.5    19     -7     
19/12/1981  0       3.1    18     -5     
20/12/1981  0       2.3    20     -2     
21/12/1981  0       4.6    20     -3     
22/12/1981  0       4.4    15     -3     
23/12/1981  0       1.8    14     -7     
24/12/1981  0       4      11     -5     
25/12/1981  0       3      15     -7     
26/12/1981  0       7.1    15     -3     
27/12/1981  0       1      17     -4     
28/12/1981  0       1.6    17     -6     
29/12/1981  0       3.3    14     -1     
30/12/1981  0       3.7    15     -4     
31/12/1981  0       1.4    16     -4     
01/01/1982  0       4.9    16     -5     
02/01/1982  0       0.6    13     -5     
03/01/1982  0       1.5    12     -2     
04/01/1982  0       5.9    16     -8     
05/01/1982  0       4.3    18     -7     
06/01/1982  0       4      16     -5     
07/01/1982  0       2.8    16     -5     
08/01/1982  0       2.4    12     -5     
09/01/1982  0       2.6    20     -1     
10/01/1982  5       0.3    13     5      
11/01/1982  20      1.7    8      5      
12/01/1982  0       3.2    10     -1     
13/01/1982  0       Nulo   8      -4     
14/01/1982  0       Nulo   13     -7     
15/01/1982  0       4.4    15     -3     
16/01/1982  0       2.8    14     -3     
17/01/1982  0       2.1    20     -5     
18/01/1982  0       2.8    13     -2     
19/01/1982  0       1.9    17     0      
20/01/1982  0.5     3.7    10     2      
21/01/1982  0       4.3    13     -4     
22/01/1982  0       Nulo   13     -1     
23/01/1982  0       Nulo   18     -6     
24/01/1982  0       Nulo   20     -5     
25/01/1982  0       2      21     -6     
26/01/1982  0       4.9    20     -3     
27/01/1982  0       3.2    17     -5     
28/01/1982  0       Nulo   13     -5     
29/01/1982  0       Nulo   13     -7     
30/01/1982  0       Nulo   7      -3     
31/01/1982  0       Nulo   15     -8     
01/02/1982  0       4.7    12     -6     
02/02/1982  0       2.3    12     -3     
03/02/1982  0       3.9    13     -8     
04/02/1982  0       4.1    15     -6     
05/02/1982  0       5      17     -5     
06/02/1982  0       2.4    14     -2     
07/02/1982  0       4      12     -4     
08/02/1982  0       5.6    13     -1     
09/02/1982  0       3.2    16     -3     
10/02/1982  0       1.8    15     2      
11/02/1982  0       3.9    17     -1     
12/02/1982  0       4.7    14     -3     
13/02/1982  0       4.1    15     -3     
14/02/1982  0       4.2    17     -4     
15/02/1982  0       3.8    15     -4     
16/02/1982  0       3.5    21     -3     
17/02/1982  0       6.8    20     -4     
18/02/1982  0       1.4    19     -2     
19/02/1982  0       1.2    15     -3     
20/02/1982  0       4.7    12     -1     
21/02/1982  0       4.6    17     -3     
22/02/1982  0       6.2    22     -2     
23/02/1982  0       3.8    22     0      
24/02/1982  0       1.2    14     2      
25/02/1982  0       3.7    15     1      
26/02/1982  0       4.5    14     0      
27/02/1982  0       4.3    16     -4     
28/02/1982  0       4.2    16     0      
01/03/1982  0       6.4    20     1      
02/03/1982  0       6.6    19     4      
03/03/1982  0       4.6    15     5      
04/03/1982  0       4.7    18     -3     
05/03/1982  0       7.1    18     -2     
06/03/1982  0       2.8    9      -2     
07/03/1982  0       3.9    12     -8     
08/03/1982  0       5.1    16     -5     
09/03/1982  0       6.6    16     -4     
10/03/1982  0       5.1    15     -1     
11/03/1982  0       5.2    22     -2     
12/03/1982  0       5      22     -4     
13/03/1982  0       12     17     5      
14/03/1982  0       9.9    20     -2     
15/03/1982  0       7.4    19     2      
16/03/1982  0       8.6    18     4      
17/03/1982  0       5.7    22     1      
18/03/1982  0       4.8    18     2      
19/03/1982  0       5.8    15     0      
20/03/1982  0       5.9    16     -3     
21/03/1982  0       10.1   16     -3     
22/03/1982  0       4.3    16     -2     
23/03/1982  0       8.5    20     -3     
24/03/1982  0       6.2    19     0      
25/03/1982  0       8.7    22     0      
26/03/1982  0       6.6    20     4      
27/03/1982  0       3.8    18     4      
28/03/1982  0       7      22     2      
29/03/1982  0       9.6    17     4      
30/03/1982  0       5.8    21     2      
31/03/1982  0       6.8    21     0      
01/04/1982  0       10.7   29     1      
02/04/1982  0       7.7    18     5      
03/04/1982  0       8.7    20     -3     
04/04/1982  0       9.8    22     0      
05/04/1982  0       11.2   23     1      
06/04/1982  0       5.7    21     4      
07/04/1982  0       4.7    21     7      
08/04/1982  0       9.2    22     8      
09/04/1982  0       7.9    21     9      
10/04/1982  0       7.9    22     3      
11/04/1982  0       6.6    21     4      
12/04/1982  0       8      26     3      
13/04/1982  0       11.9   24     6      
14/04/1982  0       5.7    24     5      
15/04/1982  0       12.7   22     5      
16/04/1982  0       10.9   21     5      
17/04/1982  0       7.6    21     7      
18/04/1982  0       11.1   21     2      
19/04/1982  0       6.9    20     1      
20/04/1982  0       9      23     1      
21/04/1982  0       7.3    21     7      
22/04/1982  0       1.6    12     7      
23/04/1982  0       6.6    21     5      
24/04/1982  0       8.7    19     2      
25/04/1982  0       6.7    20     1      
26/04/1982  0       9.7    23     2      
27/04/1982  0       6.9    21     9      
28/04/1982  0       8.4    26     6      
29/04/1982  0       2.8    21     9      
30/04/1982  0       3.6    21     2      
01/05/1982  0       4.5    20     5      
02/05/1982  0       7.6    21     10     
03/05/1982  0       6      22     5      
04/05/1982  0       5.5    24     8      
05/05/1982  0       7.3    21     7      
06/05/1982  0       5.1    23     0      
07/05/1982  0       6.5    26     1      
08/05/1982  0       6.9    21     4      
09/05/1982  0       7.4    20     1      
10/05/1982  0       8.9    20     -2     
11/05/1982  0       10.9   25     5      
12/05/1982  0       11.3   23     10     
13/05/1982  0       9.6    22     0      
14/05/1982  0       6      27     -2     
15/05/1982  0       11.9   28     2      
16/05/1982  0       6.9    27     3      
17/05/1982  0       8.4    28     3      
18/05/1982  0       11.6   29     4      
19/05/1982  0       8.2    28     4      
20/05/1982  0       8.9    22     6      
21/05/1982  0       6.9    30     4      
22/05/1982  0       7.4    30     7      
23/05/1982  0       8.1    29     5      
24/05/1982  0       7.6    29     6      
25/05/1982  0       10.2   29     6      
26/05/1982  0       9.7    30     5      
27/05/1982  0       10.1   25     7      
28/05/1982  0       7.6    27     4      
29/05/1982  0       9.1    31     7      
30/05/1982  0       10.2   31     5      
31/05/1982  0       13.1   33     6      
01/06/1982  0       9.7    33     6      
02/06/1982  0       10.2   32     7      
03/06/1982  0       9.8    34     8      
04/06/1982  0       10.1   34     5      
05/06/1982  0       8      34     6      
06/06/1982  0       12.9   33     8      
07/06/1982  0       8.9    31     9      
08/06/1982  0       10.9   28     8      
09/06/1982  0       9.9    32     9      
10/06/1982  0       6.6    32     8      
11/06/1982  0       14.4   31     7      
12/06/1982  0       10.9   32     8      
13/06/1982  0       9.9    33     8      
14/06/1982  0       9.9    30     10     
15/06/1982  0       10.9   30     10     
16/06/1982  0       10.2   32     10     
17/06/1982  0       10.1   34     8      
18/06/1982  0       10.1   32     7      
19/06/1982  0       8.1    31     11     
20/06/1982  0       8.4    30     13     
21/06/1982  0       10.1   32     8      
22/06/1982  0       10     32     8      
23/06/1982  0       10.2   33     9      
24/06/1982  0       9.8    33     9      
25/06/1982  0       10     34     9      
26/06/1982  0       11.5   33     10     
27/06/1982  0       11.3   34     10     
28/06/1982  0       8.9    32     10     
29/06/1982  1.5     6.2    28     12     
30/06/1982  1       6.3    30     14     
01/07/1982  0       7.8    30     13     
02/07/1982  15      3.2    27     14     
03/07/1982  3       5.1    26     14     
04/07/1982  3.5     5.4    23     14     
05/07/1982  0       2.9    29     14     
06/07/1982  0       3      26     10     
07/07/1982  0       4      27     13     
08/07/1982  3.5     5.5    29     16     
09/07/1982  0       5.5    27     14     
10/07/1982  0       7.7    29     16     
11/07/1982  1.5     4.4    30     13     
12/07/1982  0       4.9    28     12     
13/07/1982  0       5.2    28     11     
14/07/1982  0       6.6    29     11     
15/07/1982  1       10.7   30     13     
16/07/1982  3.5     5.4    30     13     
17/07/1982  1       4.5    30     12     
18/07/1982  8       7.5    29     13     
19/07/1982  0.5     7.9    28     13     
20/07/1982  0       5.7    23     13     
21/07/1982  0       7.4    29     11     
22/07/1982  0       6.4    29     13     
23/07/1982  29.5    3.8    22     13     
24/07/1982  5.5     4.7    25     14     
25/07/1982  7.5     2.8    24     12     
26/07/1982  1       2.9    25     14     
27/07/1982  0       3.3    27     11     
28/07/1982  6       10.3   29     12     
29/07/1982  8       8.2    29     13     
30/07/1982  15.5    7.9    28     12     
31/07/1982  0       7.2    27     12     
01/08/1982  0       5.2    27     13     
02/08/1982  2.5     5.8    28     14     
03/08/1982  23.5    8.7    21     13     
04/08/1982  8       3.7    21     13     
05/08/1982  7       5.6    25     13     
06/08/1982  1       4.9    25     13     
07/08/1982  0       3.5    28     11     
08/08/1982  0       5.4    28     11     
09/08/1982  10      4.3    24     16     
10/08/1982  9.8     5.2    24     14     
11/08/1982  2       1.7    21     15     
12/08/1982  0       5.7    26     14     
13/08/1982  0       4.1    25     11     
14/08/1982  0       5.3    25     11     
15/08/1982  8       3.9    23     12     
16/08/1982  0       6.4    22     12     
17/08/1982  0       7.7    23     11     
18/08/1982  0       4.9    22     11     
19/08/1982  2       4.5    23     14     
20/08/1982  0       5.1    21     13.5   
21/08/1982  0       4.7    21     12     
22/08/1982  0       4.5    20     10     
23/08/1982  1       3.3    19     12     
24/08/1982  0       3.7    22     11     
25/08/1982  0       4.5    29     11     
26/08/1982  5       2.9    23     13     
27/08/1982  0       4.5    21     13     
28/08/1982  5.4     6.1    27     13     
29/08/1982  0       8      27     13     
30/08/1982  0       4.4    29     10     
31/08/1982  0       3.4    28     10     
01/09/1982  1       5.7    28     11     
02/09/1982  3.5     5.6    28     12     
03/09/1982  2       3.8    27     11     
04/09/1982  0       5.4    24     11     
05/09/1982  0       4.9    26     9      
06/09/1982  0       4.8    24     8      
07/09/1982  20      2.3    23     11     
08/09/1982  10      1.2    23     14     
09/09/1982  4       2      24     13     
10/09/1982  0       6.2    20     13     
11/09/1982  0       2.9    21     9      
12/09/1982  0       5.9    24     6      
13/09/1982  0       5.1    25     6      
14/09/1982  0       4.3    22     5      
15/09/1982  0       8.1    28     7      
16/09/1982  0       4.2    29     9      
17/09/1982  0       3.8    28     10     
18/09/1982  0       3.5    28     10     
19/09/1982  0       8.6    29     9      
20/09/1982  0       5.8    22     10     
21/09/1982  0       4.6    23     8      
22/09/1982  0       2.4    21     10     
23/09/1982  0       8.4    22     8      
24/09/1982  0       5.8    28     6      
25/09/1982  0       9      29     5.5    
26/09/1982  0       5.1    29     7.5    
27/09/1982  0       4.9    24     9      
28/09/1982  0       4.8    22     10     
29/09/1982  20      1.5    21     11     
30/09/1982  1       4.2    21     11     
01/10/1982  0       3.7    21     8      
02/10/1982  1       5.3    22     7      
03/10/1982  6       0.7    25     8      
04/10/1982  0       5.1    20     8      
05/10/1982  0       5.6    27     8      
06/10/1982  0       4.7    28     9      
07/10/1982  0       3.6    26     8      
08/10/1982  0       6.5    24     4      
09/10/1982  0       4.5    26     2      
10/10/1982  0       6.8    25     2      
11/10/1982  0       3.7    22     0      
12/10/1982  0       4.3    21     -2     
13/10/1982  0       5      22     -3     
14/10/1982  0       3.2    22     -2     
15/10/1982  0       4.4    22     1      
16/10/1982  0       1.7    21     4      
17/10/1982  0       5.7    21     4      
18/10/1982  0       6.3    21     5      
19/10/1982  0       6.2    25     2      
20/10/1982  0       4.6    27     1      
21/10/1982  0       3.9    21     1      
22/10/1982  0       4.1    22     1      
23/10/1982  0       4.4    20     0      
24/10/1982  0       4.9    20     1      
25/10/1982  0       5.1    24     1      
26/10/1982  0       5.1    22     3      
27/10/1982  0       4.1    24     3      
28/10/1982  0       2.8    21     -2     
29/10/1982  0       3.6    24     -3     
30/10/1982  0       4.4    20     -2     
31/10/1982  0       5.4    23     -3     
01/11/1982  0       3.1    22     -2     
02/11/1982  0       4.3    21     -3     
03/11/1982  0       3.5    13     -2     
04/11/1982  0       5      22     -8     
05/11/1982  0       2.1    20     -8     
06/11/1982  0       1      22     -7     
07/11/1982  0       3.2    24     -5     
08/11/1982  0       2      20     -1     
09/11/1982  0       0.5    20     4      
10/11/1982  1.5     0.7    15     4      
11/11/1982  0       1.1    19     4      
12/11/1982  0       3.5    15     4      
13/11/1982  0       5.5    19     4      
14/11/1982  0       4.9    20     -3     
15/11/1982  0       5.5    23     -2     
16/11/1982  0       1.8    20     -2     
17/11/1982  1.5     1      10     -3     
18/11/1982  0       0.8    13     -6     
19/11/1982  0       1.7    18     -3     
20/11/1982  0       2.9    20     -4     
21/11/1982  0       1.8    20     -5     
22/11/1982  0       1.5    19     -5     
23/11/1982  0       4.9    20     -4     
24/11/1982  3.5     0.8    10     -4     
25/11/1982  4.5     0.4    8      1      
26/11/1982  1.5     1      10     1      
27/11/1982  0       1.4    12     1      
28/11/1982  0       2.6    11     -5     
29/11/1982  0       1.9    12     -5     
30/11/1982  0       1.2    11     -5     
01/12/1982  10      3.5    9      -5     
02/12/1982  3       3.3    4      -2     
03/12/1982  0       Nulo   2      -9     
04/12/1982  0       Nulo   4      -9     
05/12/1982  0       3.1    10     -9     
06/12/1982  0       Nulo   16     -9     
07/12/1982  0       Nulo   19     -8     
08/12/1982  16      1.2    9      -7     
09/12/1982  0       1.2    9      -7     
10/12/1982  0       2.3    10     2      
11/12/1982  0       1.3    13     -2     
12/12/1982  0       1      14     -1     
13/12/1982  0       3.2    13     0      
14/12/1982  0       1.7    13     -3     
15/12/1982  0       1.7    15     0      
16/12/1982  0       1.3    20     5      
17/12/1982  0       1.4    19     2      
18/12/1982  0       1.7    13     -4     
19/12/1982  0       4.6    20     -5     
20/12/1982  0       2.1    19     -6     
21/12/1982  0       Nulo   17     -4     
22/12/1982  0       4.4    17     -4     
23/12/1982  0       5.1    16     -1     
24/12/1982  0       4.8    2      -1     
25/12/1982  0       Nulo   0      -2     
26/12/1982  0       Nulo   3      -7     
27/12/1982  0       Nulo   1      -14    
28/12/1982  20      Nulo   1      -14    
29/12/1982  0       Nulo   12     -12    
30/12/1982  0       Nulo   1      -7     
31/12/1982  0       Nulo   9      -2     
01/01/1983  0       Nulo   4      -2     
02/01/1983  2.9     Nulo   3      -7     
03/01/1983  0       Nulo   6      -11    
04/01/1983  0       Nulo   8      -11    
05/01/1983  0       Nulo   15     -8     
06/01/1983  0       Nulo   14     -7     
07/01/1983  0       Nulo   14     -7     
08/01/1983  0       Nulo   15     -6     
09/01/1983  0       Nulo   15     -6     
10/01/1983  0       Nulo   12     -5     
11/01/1983  0       Nulo   17     -5     
12/01/1983  0       Nulo   18     -3     
13/01/1983  3.5     Nulo   18     -4     
14/01/1983  0       Nulo   12     5      
15/01/1983  0       Nulo   9      4      
16/01/1983  0       Nulo   13     4      
17/01/1983  0       Nulo   14     -1     
18/01/1983  0       Nulo   15     -1     
19/01/1983  0       Nulo   13     -1     
20/01/1983  7       Nulo   5      -2     
21/01/1983  0       Nulo   5      -11    
22/01/1983  0       Nulo   10     -11    
23/01/1983  0       Nulo   11     -10    
24/01/1983  0       Nulo   12     -7     
25/01/1983  0       Nulo   13     -6     
26/01/1983  0       Nulo   16     -6     
27/01/1983  0       Nulo   12     -5     
28/01/1983  0       Nulo   17     -5     
29/01/1983  0       Nulo   20     -7     
30/01/1983  22      Nulo   14     -7     
31/01/1983  0       Nulo   15     0      
01/02/1983  0       3.2    14     -6     
02/02/1983  0       0.9    15     -7     
03/02/1983  0       0.9    12     -7     
04/02/1983  15.5    2.2    8      -5     
05/02/1983  0       3      10     -2     
06/02/1983  0       2.1    10     -2     
07/02/1983  0       3.9    14     -5     
08/02/1983  0       2.7    17     -5     
09/02/1983  0       5.2    18     -4     
10/02/1983  0       2.8    12     -5     
11/02/1983  0       3.8    14     -4     
12/02/1983  0       2.2    18     -3     
13/02/1983  0       5      20     -6     
14/02/1983  0       2.6    14     -6     
15/02/1983  0       1.6    15     -5     
16/02/1983  0       6.3    20     -5     
17/02/1983  0       4.3    17     -4     
18/02/1983  0       2.8    20     -5     
19/02/1983  0       6.8    18     -4     
20/02/1983  0       4.1    19     -4     
21/02/1983  0       2      17     -8     
22/02/1983  0       1.1    17     -7     
23/02/1983  0       6.6    20     -5     
24/02/1983  0       2.7    15     -3     
25/02/1983  0       2.7    15     -2     
26/02/1983  0       6.5    15     -4     
27/02/1983  0       3.4    17     -4     
28/02/1983  0       4.1    20     -3     
01/03/1983  0       7.3    22     -4     
02/03/1983  0       1.9    19     -3     
03/03/1983  3       0.9    7      0      
04/03/1983  1       0.6    7      -2     
05/03/1983  1.3     1.3    8      -2     
06/03/1983  0       3.6    13     -2     
07/03/1983  0       3.5    16     -3     
08/03/1983  0       2.7    17     -3     
09/03/1983  0       6.7    20     -2     
10/03/1983  0       5.6    23     -1     
11/03/1983  0       4.2    23     -1     
12/03/1983  0       2.8    23     0      
13/03/1983  0       3.8    22     3      
14/03/1983  0       4.6    21     4      
15/03/1983  0       3.8    15     4      
16/03/1983  0       5.3    14     -1     
17/03/1983  0       7.5    18     -6     
18/03/1983  0       7.4    19     -5     
19/03/1983  0       2.8    12     -2     
20/03/1983  0       5      18     -3     
21/03/1983  0       3.2    18     -2     
22/03/1983  0       4.1    19     0      
23/03/1983  0       4.4    17     -1     
24/03/1983  0       7.6    19     -4     
25/03/1983  0       5.2    15     -2     
26/03/1983  0       5.2    14     -6     
27/03/1983  0       4.5    21     -5     
28/03/1983  0       7.1    22     -3     
29/03/1983  0       5.5    21     -1     
30/03/1983  0       5.8    23     0      
31/03/1983  0       9.1    26     0      
01/04/1983  0       8.7    23     -1     
02/04/1983  0       6.7    24     0      
03/04/1983  0       7      22     1      
04/04/1983  0       5.7    17     6      
05/04/1983  0       4.8    16     5      
06/04/1983  0       5.6    15     4      
07/04/1983  6       5.1    11     0      
08/04/1983  3       4.9    8      -2     
09/04/1983  0       5.5    14     -5     
10/04/1983  0       5.8    19     -4     
11/04/1983  0       6.7    20     -3     
12/04/1983  0       6.6    17     0      
13/04/1983  0       3.6    17     -1     
14/04/1983  0       4.7    21     -6     
15/04/1983  0       6      22     -3     
16/04/1983  0       9.1    23     -1     
17/04/1983  0       6.6    21     0      
18/04/1983  0       6      22     2      
19/04/1983  0       6.9    20     0      
20/04/1983  0       7      21     -1     
21/04/1983  0       6.8    19     0      
22/04/1983  0       7.4    22     1      
23/04/1983  0       7.1    25     0      
24/04/1983  0       8.5    22     -2     
25/04/1983  0       7.2    23     1      
26/04/1983  0       8.1    23     0      
27/04/1983  0       8.4    25     -1     
28/04/1983  0       7.3    27     -1     
29/04/1983  0       6.9    26     -2     
30/04/1983  0       11     11     -3     
01/05/1983  0       11.5   29     2      
02/05/1983  0       12.7   28     4      
03/05/1983  0       5.1    24     -1.5   
04/05/1983  0       9.7    28     0      
05/05/1983  0       13.5   26     3      
06/05/1983  0       11.9   27     4      
07/05/1983  0       10.1   28     0      
08/05/1983  0       10.4   27     5      
09/05/1983  0       11.1   28     1      
10/05/1983  0       6      23     0      
11/05/1983  0       5.9    26     -1     
12/05/1983  0       8.3    26     -2     
13/05/1983  0       9.9    20     -2     
14/05/1983  0       9.8    23     -0.5   
15/05/1983  0       8.3    24     0      
16/05/1983  0       10.7   21     1      
17/05/1983  0       9.1    24     2      
18/05/1983  0       11.1   26     2      
19/05/1983  0       7.6    26     0      
20/05/1983  0       8.6    19     -1     
21/05/1983  0       6.3    28     1      
22/05/1983  0       7.4    30     3      
23/05/1983  0       6.8    31     3      
24/05/1983  7       10     30     7      
25/05/1983  4       6.3    27     7      
26/05/1983  0       7.1    26     10     
27/05/1983  0       4.4    25     8      
28/05/1983  0       8.7    26     9      
29/05/1983  0       7.1    26     7      
30/05/1983  2       5.5    29     9      
31/05/1983  0       6.6    27     8      
01/06/1983  0       11.5   26     5      
02/06/1983  0       6.8    23     4      
03/06/1983  0       10.1   30     6      
04/06/1983  0       9.2    31     9      
05/06/1983  0       10.7   27     4      
06/06/1983  0       9.4    27     4      
07/06/1983  0       10.6   28     5      
08/06/1983  0       9.8    30     6      
09/06/1983  0       8.4    30     6      
10/06/1983  0       8      31     3      
11/06/1983  0       9.8    30     5      
12/06/1983  0       12.6   31     7      
13/06/1983  0       8.7    31     6      
14/06/1983  1       7.7    32     8      
15/06/1983  0       4.3    32     9      
16/06/1983  0       9.9    30     7      
17/06/1983  0       9.7    31     8      
18/06/1983  0       8.1    30     8      
19/06/1983  0       9.7    33     9      
20/06/1983  0       7      34     9      
21/06/1983  0       7.2    30     12     
22/06/1983  23      5.3    27     12     
23/06/1983  0       4.7    21     12     
24/06/1983  0       5.6    27     8      
25/06/1983  0       7.7    34     9      
26/06/1983  0       12.5   29     9      
27/06/1983  0       12.9   29     7      
28/06/1983  0       8.9    30     8      
29/06/1983  0       13.7   33     9      
30/06/1983  0       9.3    32     8      
01/07/1983  0       11.5   31     9      
02/07/1983  0       6.8    31     10     
03/07/1983  0       11     33     10     
04/07/1983  0       8.9    33     11     
05/07/1983  0       10.3   30     10     
06/07/1983  0       8      25     12     
07/07/1983  0       5.9    27     14     
08/07/1983  9       5.6    30     11     
09/07/1983  2.5     6.6    29     13     
10/07/1983  7       5.2    28     11     
11/07/1983  0       4.8    23     10     
12/07/1983  3       3.4    29     10     
13/07/1983  0       7.5    22     10     
14/07/1983  0       4.4    23     13     
15/07/1983  4.5     5.2    30     14     
16/07/1983  0       5.8    29     14     
17/07/1983  0       5.6    30     12     
18/07/1983  0       4.2    30     13     
19/07/1983  4       5.3    22     14     
20/07/1983  35      5.7    26     14     
21/07/1983  7       6      23     13     
22/07/1983  1       6.3    27     14     
23/07/1983  1       7.1    28     11     
24/07/1983  0       8.1    30     11     
25/07/1983  8       7.4    29     14     
26/07/1983  4       5.7    27     13     
27/07/1983  2       5.1    26     15     
28/07/1983  19      5.8    28     14     
29/07/1983  2       3.9    27     14     
30/07/1983  0       4.8    27     13     
31/07/1983  3.5     3.9    27     13     
01/08/1983  0       4.8    26     13     
02/08/1983  0       4.2    26     12     
03/08/1983  0       5.9    29     13     
04/08/1983  0       9.6    27     13     
05/08/1983  2       7.1    24     11     
06/08/1983  5.5     0.4    26     15     
07/08/1983  4       0.9    25     11     
08/08/1983  4       0.9    26     12     
09/08/1983  10      2.2    24     12     
10/08/1983  0       4.9    26     11     
11/08/1983  20      6.6    26     12     
12/08/1983  16      4.7    26     13     
13/08/1983  1       5.1    24     14     
14/08/1983  0       3.4    25     12     
15/08/1983  8.2     2      21     13     
16/08/1983  13      3.9    22     10     
17/08/1983  0       4.6    22     12     
18/08/1983  0       3.9    24     8      
19/08/1983  0       3.3    25     10     
20/08/1983  0       5.7    28     12     
21/08/1983  14      4.2    25     12     
22/08/1983  14      4.2    26     14     
23/08/1983  14      3.8    26     12     
24/08/1983  2       4.1    25     12     
25/08/1983  0       3.6    26     12     
26/08/1983  0       5.9    21     11     
27/08/1983  0       3.8    22     11     
28/08/1983  0       3.9    26     11     
29/08/1983  1       6      26     11     
30/08/1983  0       4.9    25     10     
31/08/1983  0       4.1    26     11     
01/09/1983  0       5.6    28     9      
02/09/1983  0       6.1    28     9      
03/09/1983  0       5      28     8      
04/09/1983  0       4.8    28     11     
05/09/1983  4       4.4    27     13     
06/09/1983  1       5.6    25     14     
07/09/1983  0       3      26     14     
08/09/1983  0       2.9    28     13     
09/09/1983  0       3.9    28     10     
10/09/1983  11      6.3    28     11     
11/09/1983  2       4.3    27     11     
12/09/1983  0       4.3    26     12     
13/09/1983  0       7.6    25     12     
14/09/1983  0       3.4    25     13     
15/09/1983  3       3.2    23     14     
16/09/1983  3.5     5      24     14     
17/09/1983  1       4.9    29     14     
18/09/1983  0       3.4    28     10     
19/09/1983  0       1.2    26     11     
20/09/1983  22      2      25     14     
21/09/1983  0       3.5    27     10     
22/09/1983  3       3.2    25     10     
23/09/1983  0       4.1    25     11     
24/09/1983  1       3.2    26     12     
25/09/1983  0       1.5    21     8      
26/09/1983  0       3.9    26     9      
27/09/1983  1       3.4    25     10     
28/09/1983  0       2.5    24     10     
29/09/1983  1       1.5    19     10     
30/09/1983  0       1      25     10     
01/10/1983  0       3.2    25     8      
02/10/1983  0       2.6    25     9      
03/10/1983  0       5.7    24     7      
04/10/1983  0       3.9    21     7      
05/10/1983  0       1.5    25     7      
06/10/1983  0       5.3    26     8      
07/10/1983  0       5      27     6      
08/10/1983  0       3.8    26     5      
09/10/1983  0       5.1    27     0      
10/10/1983  0       3.5    27     2      
11/10/1983  0       5.2    26     2      
12/10/1983  0       3.2    22     2      
13/10/1983  0       5.5    24     1      
14/10/1983  0       3.6    23     3      
15/10/1983  0       5.1    25     2      
16/10/1983  0       5.4    25     -1     
17/10/1983  0       4.9    27     -3     
18/10/1983  31      3.2    24     -2     
19/10/1983  3       3.5    24     7      
20/10/1983  0       2.8    21     1      
21/10/1983  0       2.2    23     2      
22/10/1983  0       4      24     3      
23/10/1983  0       5.1    23     2      
24/10/1983  0       4.2    23     2      
25/10/1983  12      2      16     3      
26/10/1983  11      2.2    19     5      
27/10/1983  0       3.1    20     5      
28/10/1983  0       3.4    21     5      
29/10/1983  0       3.5    22     2      
30/10/1983  0       4.5    24     3      
31/10/1983  0       4.8    22     2      
01/11/1983  0       3.4    24     1      
02/11/1983  5       2.3    24     1      
03/11/1983  12      1.9    12     2      
04/11/1983  0       2      17     4      
05/11/1983  0       2      16     2      
06/11/1983  0       3.8    18     1      
07/11/1983  0       2      20     1      
08/11/1983  0       2      20     1      
09/11/1983  0       1.6    19     -1     
10/11/1983  0       0.8    20     -3     
11/11/1983  0       4.3    21     -2     
12/11/1983  0       4.6    22     -1     
13/11/1983  0       4.1    21     -2     
14/11/1983  0       2      20     -2     
15/11/1983  0       4.2    20     -2     
16/11/1983  0       1.9    22     -2     
17/11/1983  0       1.8    20     -2     
18/11/1983  0       1.7    18     -3     
19/11/1983  0       0.8    16     -3     
20/11/1983  0       1.8    19     -3     
21/11/1983  3       1.3    11     -3     
22/11/1983  18      1.6    10     -1     
23/11/1983  0       0.6    7      -7     
24/11/1983  0       0.9    19     -7     
25/11/1983  0       1.3    18     -6     
26/11/1983  2.5     0.6    8      -5     
27/11/1983  0       1.1    11     -8     
28/11/1983  0       2.8    16     -8     
29/11/1983  0       2.8    17     -8     
30/11/1983  0       0.6    21     -7     
01/12/1983  2.5     4.1    20     -3     
02/12/1983  1       2      14     -2     
03/12/1983  0       4.3    18     -2     
04/12/1983  0       1.6    19     -5     
05/12/1983  0       4.1    19     -6     
06/12/1983  0       2      18     -8     
07/12/1983  0       0.6    20     -8     
08/12/1983  0       1.1    20     -7     
09/12/1983  0       4      14     -7     
10/12/1983  0       3.3    17     -3     
11/12/1983  0       1.8    21     -3     
12/12/1983  0       2.2    20     -4     
13/12/1983  0       9.3    18     -3     
14/12/1983  0       3.2    15     -2     
15/12/1983  0       1.7    15     -5     
16/12/1983  0       2      17     -5     
17/12/1983  0       2      20     -4     
18/12/1983  0       2.4    19     -5     
19/12/1983  0       4      17     -6     
20/12/1983  0       1.8    17     -8     
21/12/1983  0       3.3    17     -7     
22/12/1983  0       3      20     -4     
23/12/1983  0       1.4    21     -5     
24/12/1983  0       1.9    22     -6     
25/12/1983  0       5.7    22     -8     
26/12/1983  0       3      21     -6     
27/12/1983  0       5      18     -4     
28/12/1983  0       2.3    15     -3     
29/12/1983  0       0.7    11     -1     
30/12/1983  0       0.3    16     -10    
31/12/1983  0       2.2    14     -9     
01/01/1984  0       1.3    17     -9     
02/01/1984  2       1.1    11     -6     
03/01/1984  0       1      10     -2     
04/01/1984  0       1.1    10     2      
05/01/1984  0       1.6    13     1      
06/01/1984  0       2.3    12     -1     
07/01/1984  0       1.2    18     -2     
08/01/1984  0       3.8    12     2      
09/01/1984  0       3.1    13     -4     
10/01/1984  0       1.9    4      -4     
11/01/1984  0       2.1    16     -11    
12/01/1984  0       2      16     -11    
13/01/1984  0       4.8    15     -8     
14/01/1984  0       1.5    17     -4     
15/01/1984  0       1.5    16     -10    
16/01/1984  0       2.3    17     -10    
17/01/1984  0       2.7    14     -8     
18/01/1984  0       1.1    14     -10    
19/01/1984  0       3.2    12     -11    
20/01/1984  0       4.8    15     -11    
21/01/1984  0       2.7    17     -10    
22/01/1984  0       2.7    15     -10    
23/01/1984  0       4.2    15     -8     
24/01/1984  0       3      4      -8     
25/01/1984  0       2.4    13     -10    
26/01/1984  0       1.6    16     -10    
27/01/1984  0       2.6    17     -10    
28/01/1984  0       3.5    15     -8     
29/01/1984  0       1.1    13     -9     
30/01/1984  9.5     1      6      -8     
31/01/1984  0       1.6    7      -4     
01/02/1984  0       1.9    12     -3     
02/02/1984  0       3.5    14     -3     
03/02/1984  0       0.9    18     -3     
04/02/1984  1       2.2    18     -3     
05/02/1984  0       2.6    12     -1     
06/02/1984  0       1.4    12     -2     
07/02/1984  0       3.7    14     -6     
08/02/1984  0       1.4    16     -6     
09/02/1984  0       3.4    17     -5     
10/02/1984  0       3.7    18     -5     
11/02/1984  0       6      16     -5     
12/02/1984  0       3.6    17     -6     
13/02/1984  0       2.6    18     -6     
14/02/1984  0       2      21     -7     
15/02/1984  0       2.4    19     -7     
16/02/1984  0       2      12     -7     
17/02/1984  0       3.8    14     -6     
18/02/1984  0       0.2    18     -5     
19/02/1984  0       5      16     -4     
20/02/1984  0       0      10     -10    
21/02/1984  0       5      12     -10    
22/02/1984  0       2.4    12     -12    
23/02/1984  0       3.4    16     -10    
24/02/1984  0       3.8    19     -8     
25/02/1984  0       4.9    20     -8     
26/02/1984  0       6.6    12     -7     
27/02/1984  0       6.8    12     -11    
28/02/1984  0       3      19     -12    
29/02/1984  Nulo    3      19     -11    
01/03/1984  0       1.8    17     -7     
02/03/1984  0       4.6    20     -3     
03/03/1984  0       5.4    20     -1     
04/03/1984  0       8      18     -2     
05/03/1984  0       1.6    15     -2     
06/03/1984  0       0.4    18     -9     
07/03/1984  0       4.6    20     -8     
08/03/1984  0       6.8    20     -7     
09/03/1984  0       6.9    21     -4     
10/03/1984  0       8.1    21     -4     
11/03/1984  0       6.7    20     -5     
12/03/1984  0       4      20     -3     
13/03/1984  0       7.1    23     -2     
14/03/1984  0       3.9    24     -2     
15/03/1984  0       5      24     -1     
16/03/1984  0       5.2    24     -2     
17/03/1984  0       9.5    25     -1     
18/03/1984  0       4.8    22     0      
19/03/1984  0       9.9    23     -2     
20/03/1984  0       6.8    24     -4     
21/03/1984  0       4.5    22     -3     
22/03/1984  0       6.6    20     0      
23/03/1984  0       9.4    20     2      
24/03/1984  0       4.8    21     -2     
25/03/1984  0       7.3    20     -2     
26/03/1984  0       8.5    18     1      
27/03/1984  0       8.8    21     1      
28/03/1984  0       4.7    23     2      
29/03/1984  0       5.2    22     -2     
30/03/1984  0       9.9    21     -1     
31/03/1984  0       5.6    23     -3     
01/04/1984  0       6.3    21     0      
02/04/1984  0       5.7    17     -1     
03/04/1984  0       4.7    23     -5     
04/04/1984  0       11     23     -3     
05/04/1984  0       8.7    23     0      
06/04/1984  1       11.4   23     2      
07/04/1984  0       5.5    14     2      
08/04/1984  0       7.2    21     -4     
09/04/1984  0       9.1    23     -3     
10/04/1984  0       9.8    23     -2     
11/04/1984  0       5      26     1      
12/04/1984  0       8.6    26     -3     
13/04/1984  0       6.4    26     -2     
14/04/1984  0       10.2   25     2      
15/04/1984  0       5.8    24     2      
16/04/1984  0       5.6    25     0      
17/04/1984  0       4.8    24     3      
18/04/1984  0       4.1    24     6      
19/04/1984  0       7.8    25     3      
20/04/1984  0       8.9    24     5      
21/04/1984  0       5.3    23     3      
22/04/1984  0       6.2    25     0      
23/04/1984  0       7      27     0      
24/04/1984  0       7      25     3      
25/04/1984  0       9.8    22     3      
26/04/1984  0       10.2   21     4      
27/04/1984  0       10     23     2      
28/04/1984  0       9.4    24     3      
29/04/1984  0       8.1    24     3      
30/04/1984  0       8      25     -2     
01/05/1984  0       4.4    24     1      
02/05/1984  0       3      25     1      
03/05/1984  0       4      28     2      
04/05/1984  0       3.9    28     3      
05/05/1984  0       5.4    28     2      
06/05/1984  0       9.7    28     1      
07/05/1984  0       6.5    28     1      
08/05/1984  0       5.8    26     1      
09/05/1984  0       7.7    28     5      
10/05/1984  0       6.3    28     11     
11/05/1984  0       4.9    26     4      
12/05/1984  0       5      29     6      
13/05/1984  0       8.6    27     7      
14/05/1984  0       5      26     11     
15/05/1984  2       3.4    22     11     
16/05/1984  5       2.7    20     10     
17/05/1984  1       4.8    24     8      
18/05/1984  2       4.5    25     6      
19/05/1984  0       4      27     8      
20/05/1984  0       7.7    26     8      
21/05/1984  0       10.6   28     6      
22/05/1984  0       8.8    29     4      
23/05/1984  0       10.6   31     7      
24/05/1984  0       1.1    30     11     
25/05/1984  0       8.7    30     7      
26/05/1984  0       6.5    31     8      
27/05/1984  0       7.2    30     11     
28/05/1984  0       6.2    29     14     
29/05/1984  0       5.9    29     10     
30/05/1984  0       8.2    26     7      
31/05/1984  0       4.2    26     7      
01/06/1984  2       10.1   30     11     
02/06/1984  4       7.3    27     11     
03/06/1984  0       9.3    26     12     
04/06/1984  0       5.4    25     7      
05/06/1984  0       7.9    22     5      
06/06/1984  0       7.2    28     5      
07/06/1984  0       10     29     7      
08/06/1984  0       11     31     6      
09/06/1984  0       8.4    32     8      
10/06/1984  0       3.7    33     10     
11/06/1984  8       13.4   31     10     
12/06/1984  0       10.9   31     9      
13/06/1984  0       6.6    29     12     
14/06/1984  0       8      29     11     
15/06/1984  0       4.7    27     15     
16/06/1984  7.5     4.5    27     13     
17/06/1984  2       4.9    23     13     
18/06/1984  0       5.4    22     14     
19/06/1984  11.5    4.4    20     11     
20/06/1984  2       5.9    25     10     
21/06/1984  1       4      25     10     
22/06/1984  5       4.7    23     14     
23/06/1984  25      6.2    22     15     
24/06/1984  14      7.1    25     13     
25/06/1984  0       7.2    26     13     
26/06/1984  0       7.4    25     14     
27/06/1984  0       7.9    27     11     
28/06/1984  0       4.5    22     13     
29/06/1984  6       6.5    24     15     
30/06/1984  12      6.1    25     15     
01/07/1984  2       5      24     11     
02/07/1984  0       5.1    26     11     
03/07/1984  0.3     4.8    26     12     
04/07/1984  0       5.9    27     13     
05/07/1984  0       5.8    26     13     
06/07/1984  0       4.8    24     12     
07/07/1984  0       4.9    24     13     
08/07/1984  0       5      26     10     
09/07/1984  0       4.4    27     10     
10/07/1984  0       5.5    28     10     
11/07/1984  0       7      28     12     
12/07/1984  0       8      28     12     
13/07/1984  0       7.2    26     12     
14/07/1984  0.5     5.2    24     11     
15/07/1984  0       2.2    22     12     
16/07/1984  0.2     2.2    21     12     
17/07/1984  0       9.4    26     11     
18/07/1984  0       5.1    27     11     
19/07/1984  0.9     5.2    29     12     
20/07/1984  16      3.1    24     13     
21/07/1984  4       2.6    21     13     
22/07/1984  6       2.8    23     12     
23/07/1984  0       5      23     13     
24/07/1984  0       6      27     10     
25/07/1984  3       2      21     12     
26/07/1984  10      1.8    26     12     
27/07/1984  8       3.4    20     12     
28/07/1984  5.5     3.8    22     10     
29/07/1984  0       4.8    24     11     
30/07/1984  0       4.5    25     10     
31/07/1984  0       5.7    25     10     
01/08/1984  0       4      28     11     
02/08/1984  3       3.9    27     12     
03/08/1984  7       5      28     13     
04/08/1984  0       3.7    25     14     
05/08/1984  0       6.2    28     13     
06/08/1984  0       2.5    27     12     
07/08/1984  0.5     3      26     12     
08/08/1984  18      4      21     14     
09/08/1984  0       2.2    21     13     
10/08/1984  27      4.4    23     15     
11/08/1984  14      5.1    24     15     
12/08/1984  8       4.4    25     13     
13/08/1984  20      3      22     13     
14/08/1984  0       2.2    22     13     
15/08/1984  0       3.4    25     10     
16/08/1984  23.5    3.1    23     11     
17/08/1984  3       2      19     10     
18/08/1984  3       2      21     10     
19/08/1984  1       2.2    21     18     
20/08/1984  1       2.4    24     12     
21/08/1984  8       3.2    26     11     
22/08/1984  1       2      24     12     
23/08/1984  1       2      24     9      
24/08/1984  8.5     2.5    23     10     
25/08/1984  2       2.1    23     13     
26/08/1984  0       2.2    21     12     
27/08/1984  0       4.1    22     11     
28/08/1984  0       4.7    25     11     
29/08/1984  1       3.4    22     11     
30/08/1984  0       3.3    20     11     
31/08/1984  0       4      25     11     
01/09/1984  0       2      24     11     
02/09/1984  2       2      25     12     
03/09/1984  0       3.4    23     13     
04/09/1984  0       4.3    22     15     
05/09/1984  0       3.7    21     5      
06/09/1984  0       3.1    23     5      
07/09/1984  2       2.4    21     6      
08/09/1984  0       5      25     11     
09/09/1984  0       3.8    21     12     
10/09/1984  0       3.3    21     11     
11/09/1984  0       5.4    22     12     
12/09/1984  0       3.3    21     9      
13/09/1984  0       5.5    25     8      
14/09/1984  0       3.9    24     7      
15/09/1984  0       4.3    22     9      
16/09/1984  0       5.4    20     6      
17/09/1984  0       4.8    25     8      
18/09/1984  0       3      22     5      
19/09/1984  0       2.3    22     3      
20/09/1984  0       2.9    21     2      
21/09/1984  0       8.8    21     2      
22/09/1984  0       7.1    25     3      
23/09/1984  0       6.1    25     5      
24/09/1984  0       7.4    28     6      
25/09/1984  0       2.4    22     8      
26/09/1984  0       4.7    22     12     
27/09/1984  25      5.9    20     11     
28/09/1984  0       3.2    26     12     
29/09/1984  0       3.2    23     8      
30/09/1984  0       3.6    24     9      
01/10/1984  0       1.9    24     9      
02/10/1984  28      0.8    15     6      
03/10/1984  0       1      21     10     
04/10/1984  0       1.1    20     4      
05/10/1984  0       1.1    23     2      
06/10/1984  0       1.8    23     2      
07/10/1984  0       2.2    24     3      
08/10/1984  0       4.7    24     4      
09/10/1984  0       5      25     2      
10/10/1984  0       2      23     4      
11/10/1984  0       1.1    22     4      
12/10/1984  0       1.6    21     3      
13/10/1984  0       2.7    20     5      
14/10/1984  0       4.4    21     3      
15/10/1984  0       4.7    20     2      
16/10/1984  0       5.3    22     4      
17/10/1984  0       2.6    21     1      
18/10/1984  0       4      23     0      
19/10/1984  0       4.4    22     1      
20/10/1984  0       4.6    23     1      
21/10/1984  0       1.2    20     1      
22/10/1984  0       3.4    21     3      
23/10/1984  27      1.4    20     2      
24/10/1984  15      2.4    19     3      
25/10/1984  3       2.9    16     6      
26/10/1984  0       1.8    14     5      
27/10/1984  0       3.8    19     2      
28/10/1984  0       1.8    20     1      
29/10/1984  0       2.3    23     1      
30/10/1984  0       4      24     1      
31/10/1984  0       3.6    23     1      
01/11/1984  0       2.3    24     0      
02/11/1984  0       1.9    24     0      
03/11/1984  0       2.8    24     -3     
04/11/1984  0       3.1    24     -3     
05/11/1984  0       2.9    24     -4     
06/11/1984  0       3.4    24     -4     
07/11/1984  0       2.1    23     -4     
08/11/1984  0       5.4    20     -7     
09/11/1984  0       1.8    20     -2     
10/11/1984  0       3.7    20     -3     
11/11/1984  0       1.9    23     -4     
12/11/1984  0       2.2    23     -4     
13/11/1984  0       1.9    23     -4     
14/11/1984  0       1.7    22     -2     
15/11/1984  0       2.2    21     -3     
16/11/1984  0       2.4    20     -2     
17/11/1984  0       0.5    9      3      
18/11/1984  0       0.2    14     -5     
19/11/1984  0       0.8    14     -5     
20/11/1984  0       2.7    11     -7     
21/11/1984  0       1.8    11     -6     
22/11/1984  0       1.8    19     0      
23/11/1984  0       1.7    12     1      
24/11/1984  0       2      11     0      
25/11/1984  0       3.5    15     -5     
26/11/1984  0       1      12     -4     
27/11/1984  0       1.9    14     -10    
28/11/1984  0       2.9    18     -9     
29/11/1984  0       3.6    20     -8     
30/11/1984  0       4.1    21     -5     
01/12/1984  0       1.9    18     -7     
02/12/1984  0       2      19     -7     
03/12/1984  0       2.2    18     -7     
04/12/1984  0       1.8    8      -6     
05/12/1984  0       2.2    16     -8     
06/12/1984  0       0.8    16     -8     
07/12/1984  0       2.4    17     -8     
08/12/1984  0       1      17     -7     
09/12/1984  0       1.6    19     -6     
10/12/1984  0       1      25     -5     
11/12/1984  36      1.6    18     -2     
12/12/1984  3       0.7    9      -1     
13/12/1984  10      6.7    8      0      
14/12/1984  14      5.9    10     1      
15/12/1984  0       0.3    10     2      
16/12/1984  0       0.6    12     -6     
17/12/1984  0       1.8    18     -6     
18/12/1984  0       1.8    19     -5     
19/12/1984  0       2.2    19     -3     
20/12/1984  0       2.2    20     -1     
21/12/1984  0       3.8    18     -2     
22/12/1984  0       1.8    19     -3     
23/12/1984  0       1.4    20     -2     
24/12/1984  0       1.3    18     -1     
25/12/1984  0       1      21     -1     
26/12/1984  0       2.6    17     -1     
27/12/1984  0       1.7    15     3      
28/12/1984  6       1.6    15     -5     
29/12/1984  1       0.6    15     7      
30/12/1984  9       3.2    8      3      
31/12/1984  0       0.9    15     -1     
--------------------------------------
