CNA-SMN-CG-GMC-SMAA-CLIMATOLOGIA
BASE DE DATOS CLIMATOLOGICA
DATOS DISPONIBLES EN LA BASE DE DATOS A JULIO 2022

ESTACION  : 8316
NOMBRE    : EL ALAMO
ESTADO    : CHIHUAHUA
MUNICIPIO : COYAME DEL SOTOL
SITUACION : SUSPENDIDA
ORGANISMO : CONAGUA-DGE
CVE-OMM   : Nulo
LATITUD   : 029.555°
LONGITUD  : -104.864°
ALTITUD   : 940 msnm

EMISIÓN   : 01/07/2022

            PRECIP  EVAP   TMAX   TMIN   
  Fecha     (MM)    (MM)   (°C)   (°C)   
10/01/1978  0       2.3    15     0      
11/01/1978  0       1.5    13     0      
12/01/1978  0       4.6    13     0      
13/01/1978  0       2.8    12     0      
14/01/1978  0       5.1    17     -1     
15/01/1978  0       2.1    9      1      
16/01/1978  0       5.6    17     0      
17/01/1978  6       1.6    11     0      
18/01/1978  0       3.1    14     0.5    
19/01/1978  0       2      10     0      
20/01/1978  2       1.9    6      0      
21/01/1978  0       3.4    10     0      
22/01/1978  0       2.1    16     -3     
23/01/1978  0       3.3    15     1      
24/01/1978  0       1.5    6      -1     
25/01/1978  0       4.2    15     -3     
26/01/1978  0       4.6    13     1      
27/01/1978  0       3.3    16     2      
28/01/1978  0       5.2    16     -1     
29/01/1978  0       1.8    9      1      
30/01/1978  0       1.8    9      1      
31/01/1978  4       4.8    10     1      
01/02/1978  0       1.3    17     3      
02/02/1978  0       1.2    11     4      
03/02/1978  0       2.7    14     1      
04/02/1978  0       5.9    15     1      
05/02/1978  0       3.4    11     2      
06/02/1978  0       2.5    18     1      
07/02/1978  1       4      16     6      
08/02/1978  0       4.7    17     1      
09/02/1978  0       4.1    16     1      
10/02/1978  0       5.1    16     1      
11/02/1978  3.5     5.9    15     1      
12/02/1978  0       3.8    17     2      
13/02/1978  0       4.1    16     -1     
14/02/1978  0       5.9    11     -1     
15/02/1978  0       3      15     -1     
16/02/1978  0       6.7    16     -1     
17/02/1978  0       1.5    14     2      
18/02/1978  0       1      12     -2     
19/02/1978  0       1.3    16     -2     
20/02/1978  0       4.1    15     -4     
21/02/1978  0       3      12     -7     
22/02/1978  0       4.6    16     -1     
23/02/1978  0       2.8    16     -1     
24/02/1978  0       7.5    23     1      
25/02/1978  0       2.2    21     2      
26/02/1978  0       4.8    19     1      
27/02/1978  0       6.1    17     2      
28/02/1978  0       5.2    21     9      
01/03/1978  0       5.7    17     10     
02/03/1978  0       8.5    20     9      
03/03/1978  0       10     23     8      
04/03/1978  0       4.8    25     2      
05/03/1978  0       5.1    22     3      
06/03/1978  0       4.8    24     7      
07/03/1978  0       5.6    23     6      
08/03/1978  0       2.3    15     1      
09/03/1978  0       8.1    22     2      
10/03/1978  0       8.6    16     2      
11/03/1978  0       7.3    15     2      
12/03/1978  0       8.7    22     5      
13/03/1978  0       4.3    19     5      
14/03/1978  0       10.7   18     5      
15/03/1978  0       4.5    18     3      
16/03/1978  0       5.3    20     1      
17/03/1978  0       4.7    14     2      
18/03/1978  0       4.3    20     2      
19/03/1978  0       12.2   19     3      
20/03/1978  0       3.6    20     3      
21/03/1978  0       8      22     9      
22/03/1978  0       6.6    22     11     
23/03/1978  0       8.7    20     12     
24/03/1978  0       8.3    20     8      
25/03/1978  0       2.4    18     9      
26/03/1978  0       6.7    18     10     
27/03/1978  0       5.7    19     7      
28/03/1978  0       5      17     8      
29/03/1978  0       5      20     4      
30/03/1978  0       5      18     8      
31/03/1978  0       3.9    22     7      
01/04/1978  0       12.7   22     8      
02/04/1978  0       11.4   19     13     
03/04/1978  0       5.1    24     12     
04/04/1978  0       6.1    22     12     
05/04/1978  0       8.9    26     15     
06/04/1978  0       10.8   19     14     
07/04/1978  0       10.1   22     14     
08/04/1978  0       12.7   22     15     
09/04/1978  0       6.8    21     17     
10/04/1978  0       6.6    18     10     
11/04/1978  0       8.9    17     10     
12/04/1978  0       5.2    16     10     
13/04/1978  0       10.5   26     10     
14/04/1978  0       10.3   30     11     
15/04/1978  0       13.7   20     13     
16/04/1978  0       4.8    26     15     
17/04/1978  0       11.8   26     16     
18/04/1978  0       13     18     8      
19/04/1978  0       11.8   23     12     
20/04/1978  0       8.1    27     12     
21/04/1978  0       9      21     9      
22/04/1978  0       5      19     10     
23/04/1978  0       12.3   20     9      
24/04/1978  0       13.3   19     15     
25/04/1978  0       10.2   23     12     
26/04/1978  7       11.2   24     15     
27/04/1978  0       10.2   21     15     
28/04/1978  0       12.1   23     15     
29/04/1978  0       7.8    26     14     
30/04/1978  0       12.4   28     17     
01/07/1978  1       8.6    28     19     
02/07/1978  0       10.2   29     20     
03/07/1978  0       6.5    30     24     
04/07/1978  0       8.7    28     23     
05/07/1978  0       10.6   26     23     
06/07/1978  0       8.6    30     20     
07/07/1978  0       9.5    31     25     
08/07/1978  0       12.4   29     26     
09/07/1978  0       9.2    29     24     
10/07/1978  0       11.7   30     26     
11/07/1978  0       8.8    30.1   26     
12/07/1978  0       7.8    32     26     
13/07/1978  0       8.4    32     26     
14/07/1978  0       10.6   37     27     
15/07/1978  0       8.1    34     20     
16/07/1978  0       11.2   33     24     
17/07/1978  0       13.4   35     23     
18/07/1978  0       7      32.1   26     
19/07/1978  0       5.4    31     25     
20/07/1978  0       9.6    33     25     
21/07/1978  1       12.2   33     28     
22/07/1978  3       7.8    32     22     
23/07/1978  0       7.5    32     21     
24/07/1978  0       8.2    32     24     
25/07/1978  20      9.8    35     25     
26/07/1978  40      9.7    34     26     
27/07/1978  0       5.2    31     19     
28/07/1978  0       10.3   31     19     
29/07/1978  0       12.4   28     23     
30/07/1978  0       7.4    31     22     
31/07/1978  2       12.7   32     22     
01/08/1978  0       14.2   36     21     
02/08/1978  15.5    10.7   32     20     
03/08/1978  9.1     10.4   30     20     
04/08/1978  0       13.4   35     18     
05/08/1978  0       8.6    30     19     
06/08/1978  0       11.2   30     19     
07/08/1978  0       8.2    30     18     
08/08/1978  0       8.2    28     20     
09/08/1978  0       8.9    31     21     
10/08/1978  0       5.9    35     20     
11/08/1978  0       10.1   34     21     
12/08/1978  0       5.7    36     23     
13/08/1978  0       9.2    30     24     
14/08/1978  0       7.5    36     23     
15/08/1978  0       8.1    37     22     
16/08/1978  0       11.6   35     22     
17/08/1978  0       9.9    32     23     
18/08/1978  0       11.1   29     24     
19/08/1978  0       10     29     23     
20/08/1978  0       8.4    34     24     
21/08/1978  0       8.5    36     24     
22/08/1978  0       9.7    34     23     
23/08/1978  0       10.6   34     22     
24/08/1978  3       6.6    34     21     
25/08/1978  0       10.6   30     21     
26/08/1978  0       6.8    35     22     
27/08/1978  0       6.2    34     21     
28/08/1978  0       8.2    30     20     
29/08/1978  14      10.4   28     21     
30/08/1978  0       7.7    29     18     
31/08/1978  0       5.2    30     19     
01/09/1978  3.5     Nulo   29     19     
02/09/1978  0       Nulo   26     24     
03/09/1978  6       Nulo   28     24     
04/09/1978  0       Nulo   31     21     
05/09/1978  0       Nulo   25     21     
06/09/1978  0       Nulo   27     19     
07/09/1978  0       Nulo   27     19     
08/09/1978  0       Nulo   31     20     
09/09/1978  0       Nulo   31     19     
10/09/1978  0       Nulo   34     20     
11/09/1978  0       Nulo   33     20     
12/09/1978  0       Nulo   31     23     
13/09/1978  7       Nulo   29     20     
14/09/1978  0       Nulo   30     20     
15/09/1978  0       Nulo   32     22     
16/09/1978  0       Nulo   31     21     
17/09/1978  0       Nulo   36     21     
18/09/1978  0       Nulo   34     18     
19/09/1978  0       Nulo   31     21     
20/09/1978  0       Nulo   30     20     
21/09/1978  16      Nulo   25     21     
22/09/1978  0       Nulo   19     14     
23/09/1978  26      Nulo   19     12     
24/09/1978  8       Nulo   21     17     
25/09/1978  78      Nulo   20.1   18     
26/09/1978  0       Nulo   21     14     
27/09/1978  0       Nulo   24     17     
28/09/1978  0       Nulo   26     13     
29/09/1978  0       Nulo   26     15     
30/09/1978  0       Nulo   25     15     
01/10/1978  0       Nulo   29     13     
02/10/1978  0       Nulo   25     13     
03/10/1978  0       Nulo   30     13     
04/10/1978  0       Nulo   31     15     
05/10/1978  11      Nulo   28     16     
06/10/1978  5       Nulo   23     17     
07/10/1978  0       Nulo   23     17     
08/10/1978  0       Nulo   25     16     
09/10/1978  0       Nulo   28     14     
10/10/1978  0       Nulo   32     15     
11/10/1978  0       Nulo   32     14     
12/10/1978  0       Nulo   30     16     
13/10/1978  0       Nulo   30     11     
14/10/1978  0       Nulo   27     10     
15/10/1978  0       Nulo   23     11     
16/10/1978  0       Nulo   27     11     
17/10/1978  0       Nulo   22     10     
18/10/1978  0       Nulo   27     12     
19/10/1978  0       Nulo   27     12     
20/10/1978  0       Nulo   30     13     
21/10/1978  19      Nulo   20     18     
22/10/1978  24      Nulo   17     12     
23/10/1978  3       Nulo   15     10     
24/10/1978  3       Nulo   19     11     
25/10/1978  4       Nulo   14     12     
26/10/1978  0       Nulo   19     10     
27/10/1978  0       Nulo   21     8      
28/10/1978  0       Nulo   24     9      
29/10/1978  0       Nulo   25     10     
30/10/1978  0       Nulo   20     11     
31/10/1978  0       Nulo   22     10     
01/11/1978  0       Nulo   20     11     
02/11/1978  0       Nulo   23     10     
03/11/1978  0       Nulo   20     12     
04/11/1978  16.5    Nulo   15     12     
05/11/1978  1       Nulo   17     12     
06/11/1978  0       Nulo   23     10     
07/11/1978  0       Nulo   21     8      
08/11/1978  0       Nulo   24     9      
09/11/1978  0       Nulo   27     8      
10/11/1978  0       Nulo   25     8      
11/11/1978  0       Nulo   20     11     
12/11/1978  0       Nulo   28     12     
13/11/1978  0       Nulo   23     10     
14/11/1978  0       Nulo   25     11     
15/11/1978  0       Nulo   15     8      
16/11/1978  0       Nulo   18     8      
17/11/1978  0       Nulo   20     4      
18/11/1978  0       Nulo   20     5      
19/11/1978  0       Nulo   21     5      
20/11/1978  0       Nulo   24     6      
21/11/1978  0       Nulo   20     10     
22/11/1978  0       Nulo   16     12     
23/11/1978  0       Nulo   25     11     
24/11/1978  0       Nulo   21     10     
25/11/1978  0       Nulo   17     10     
26/11/1978  0       Nulo   12     5      
27/11/1978  0       Nulo   14     5      
28/11/1978  0       Nulo   20     1      
29/11/1978  0       Nulo   17     2      
30/11/1978  0       Nulo   19     4      
01/12/1978  0       3.8    24     3      
02/12/1978  0       5.7    25     4      
03/12/1978  0       3.5    19     5      
04/12/1978  0       3.8    11     1      
05/12/1978  0       5.5    21     -1     
06/12/1978  0       4.2    21     -1     
07/12/1978  0       2.6    8      2      
08/12/1978  0       0.3    3      -1     
09/12/1978  0       1.1    10     -5     
10/12/1978  0       2.7    10     -5     
11/12/1978  0       1.6    9      -2     
12/12/1978  0       1.9    18     -4     
13/12/1978  8       3.5    15     2      
14/12/1978  0.2     2.5    11     3      
15/12/1978  0       4.4    18     1      
16/12/1978  0       3.8    20     2      
17/12/1978  0       2.6    13     5      
18/12/1978  0       3.2    24     5      
19/12/1978  0       2.3    20     5      
20/12/1978  0       4.4    16     5      
21/12/1978  0       3.4    16     -1     
22/12/1978  0       1.8    15     -2     
23/12/1978  0       1.8    15     -2     
24/12/1978  0       2.2    20     -5     
25/12/1978  0       4.1    20     -2     
26/12/1978  0       2.4    17     -2     
27/12/1978  0       6.1    18     1      
28/12/1978  1       3.4    17     2      
29/12/1978  0       2.8    18     2      
30/12/1978  5       2.7    20     9      
31/12/1978  0       3.4    19     10     
01/01/1979  0       2.4    15     3      
02/01/1979  0       1.8    11     -4     
03/01/1979  0       2.7    17     -2     
04/01/1979  0       2.2    16     0      
05/01/1979  0       2.8    15     1      
06/01/1979  0.2     2      15     3      
07/01/1979  0       0.4    19     2      
08/01/1979  0       0.7    3      2      
09/01/1979  0       2.5    13     -3     
10/01/1979  0       1.8    14     -2     
11/01/1979  0       3      16     0      
12/01/1979  0       2.5    21     0      
13/01/1979  0       1.4    17     1      
14/01/1979  0       3.2    10     0      
15/01/1979  0       2.5    15     1      
16/01/1979  0       2.7    15     2      
17/01/1979  0       2.7    13     3      
18/01/1979  0       3.3    23     2      
19/01/1979  0       3.7    13     1      
20/01/1979  0       2.5    12     4      
21/01/1979  0       2.8    12     -2     
22/01/1979  0       6.3    18     -2     
23/01/1979  0       3.8    12     0      
24/01/1979  3.5     4.5    15     2      
25/01/1979  0       4.6    15     3      
26/01/1979  0       4      17     3      
27/01/1979  0       3.4    15     1      
28/01/1979  0       1.5    10     2      
29/01/1979  0       4.5    20     -1     
30/01/1979  0       3.9    12     -1     
31/01/1979  0       2      13     -1     
01/02/1979  0       1.3    15     -4     
02/02/1979  0       2.1    15     3      
03/02/1979  1.5     1.5    11     3      
04/02/1979  3.5     3.4    12     8      
05/02/1979  3       3      9.1    8      
06/02/1979  0       1.2    13     0      
07/02/1979  0       0.7    17     -3     
08/02/1979  0       1.2    21     -2     
09/02/1979  0       1.5    17     0      
10/02/1979  0       1.5    22     0      
11/02/1979  0       2.6    25     1      
12/02/1979  0       3.2    25     2      
13/02/1979  0       6.5    18     2      
14/02/1979  0       8.5    25     3      
15/02/1979  0       2.1    28     3      
16/02/1979  0       3.9    16     7      
17/02/1979  0       6.1    17     4      
18/02/1979  0       5.9    10     2      
19/02/1979  0       3.5    20     3      
20/02/1979  0       4.8    15     3      
21/02/1979  0       2.5    23     2      
22/02/1979  0       3.9    25     4      
23/02/1979  0       1      22     4      
24/02/1979  0       2      15     5      
25/02/1979  0       2.5    17     3      
26/02/1979  0       2      20     3      
27/02/1979  0       2      18     3      
28/02/1979  0       3.1    23     2      
01/03/1979  0       5.4    22     2      
02/03/1979  0       6.5    13     4      
03/03/1979  0       6.4    18     5      
04/03/1979  0       7.3    21     1      
05/03/1979  0       4.8    16     4      
06/03/1979  0       4.7    23     3      
07/03/1979  0       9.4    24     2      
08/03/1979  0       3.9    25     1      
09/03/1979  0       2.6    19     3      
10/03/1979  0       3.9    14     7      
11/03/1979  0       5.5    19     8      
12/03/1979  0       4      21     7      
13/03/1979  0       3.9    24     8      
14/03/1979  0       6.6    19     9      
15/03/1979  0       5      20     9      
16/03/1979  0       5.5    28     9      
17/03/1979  0       8.6    23     7      
18/03/1979  0       5.2    24     2      
19/03/1979  0       7.2    21     1      
20/03/1979  0       5.5    20     5      
21/03/1979  0       5.7    18     7      
22/03/1979  0       4.5    18     8      
23/03/1979  0       5.6    22     9      
24/03/1979  0       7.6    23     5      
25/03/1979  0       7.9    24     4      
26/03/1979  0       6.1    22     5      
27/03/1979  0       5.3    30     6      
28/03/1979  0       8.4    24     9      
29/03/1979  0       10     26     13     
30/03/1979  0       9.4    24     11     
31/03/1979  0       6.2    25     6      
01/04/1979  0       7.4    26     6      
02/04/1979  0       7.2    27     7      
03/04/1979  0       7.5    19     8      
04/04/1979  0       7.2    26     4      
05/04/1979  0       7.8    29     6      
06/04/1979  0       10.6   29     8      
07/04/1979  0       7.9    30     12     
08/04/1979  0       12.5   32     9      
09/04/1979  0       7.6    28     9      
10/04/1979  0       8      22     5      
11/04/1979  0       6.7    24     8      
12/04/1979  0       4      28     8      
13/04/1979  0       4.6    22     10     
14/04/1979  0       10.2   32     8      
15/04/1979  0       8.3    30     10     
16/04/1979  0       5.7    23     8      
17/04/1979  0       7.8    24     2      
18/04/1979  0       7.5    21     3      
19/04/1979  0       5.6    20     5      
20/04/1979  8       7.6    25     7      
21/04/1979  0       9.5    23     13     
22/04/1979  0       9.4    28     12     
23/04/1979  0       6.2    30     15     
24/04/1979  0       10.7   35     16     
25/04/1979  0       13     31     18     
26/04/1979  0       9.5    32     14     
27/04/1979  0       7.5    34     13     
28/04/1979  0       8.7    35     17     
29/04/1979  0       6.6    30     18     
30/04/1979  0       6.7    32     16     
01/05/1979  0       6.6    35     19     
02/05/1979  0       6.8    34     17     
03/05/1979  0       9      29     18     
04/05/1979  0       9.2    35     12     
05/05/1979  0       9.2    30     13     
06/05/1979  0       10.8   36     10     
07/05/1979  0       9.6    37     14     
08/05/1979  0       15.1   32     15     
09/05/1979  0       12.2   29     20     
10/05/1979  0       13.1   29     13     
11/05/1979  0       10.3   35     13     
12/05/1979  0       12.7   29     15     
13/05/1979  0       13.1   26     19     
14/05/1979  0       9.3    25     21     
15/05/1979  0       8      23     18     
16/05/1979  0       6.4    30     18     
17/05/1979  0.1     6.3    28     19     
18/05/1979  1       6      30     16     
19/05/1979  0       7.8    30     18     
20/05/1979  0       5.7    25     13     
21/05/1979  0       6.9    29     10     
22/05/1979  0       6.2    30     18     
23/05/1979  1       6.8    27     16     
24/05/1979  0       5.4    27     18     
25/05/1979  0       5.9    29     17     
26/05/1979  0       7.3    27     17     
27/05/1979  1       5.6    24     15     
28/05/1979  0       6.2    30     15     
29/05/1979  0       10.2   33     13     
30/05/1979  0       11.5   30     15     
31/05/1979  0       12     32     22     
01/06/1979  18      10.9   25.1   22     
02/06/1979  0       6.7    24     18     
03/06/1979  12      5      24     20     
04/06/1979  9       6.6    22     18     
05/06/1979  0       7.4    30     15     
06/06/1979  0       8.5    32     18     
07/06/1979  1       10.9   27     17     
08/06/1979  0       8.5    29     19     
09/06/1979  0       9.4    32     19     
10/06/1979  0       7.7    26     20     
11/06/1979  0       8.1    29     18     
12/06/1979  0       7.4    30     18     
13/06/1979  0       8.8    33     14     
14/06/1979  0       11.3   34     11     
15/06/1979  0       8.8    29     16     
16/06/1979  0       11.6   31     15     
17/06/1979  0       14.7   39     17     
18/06/1979  0       11.4   37     23     
19/06/1979  0       12.3   35     24     
20/06/1979  3       7.3    28     20     
21/06/1979  0       8.9    30     19     
22/06/1979  0       11.8   29     24     
23/06/1979  0       9.1    27     20     
24/06/1979  0       9.2    29     20     
25/06/1979  0       9.8    30     20     
26/06/1979  0       8.3    36     20     
27/06/1979  0       7.5    35     23     
28/06/1979  0       12     37     24     
29/06/1979  0       9.9    36     24     
30/06/1979  0       11.7   35     25     
01/07/1979  0       9.8    30     23     
02/07/1979  4       9.5    26     24     
03/07/1979  18.5    6.8    23     22     
04/07/1979  0       5.3    31     16     
05/07/1979  0       9.1    35     21     
06/07/1979  0       11.6   33     24     
07/07/1979  0       12.8   36     25     
08/07/1979  0       9.1    40     26     
09/07/1979  0       12.2   40     25     
10/07/1979  0       12.8   38     24     
11/07/1979  0       10.8   33     26     
12/07/1979  0       12.3   31     27     
13/07/1979  0       11.7   30     21     
14/07/1979  0       10.8   34     23     
15/07/1979  0       9.1    32     26     
16/07/1979  0       8.9    33     21     
17/07/1979  0       9.5    36     20     
18/07/1979  0       10.2   31     24     
19/07/1979  22      8.1    31     24     
20/07/1979  0       9.6    29     20     
21/07/1979  0       9.1    31     23     
22/07/1979  0       10.8   37     22     
23/07/1979  0       9.7    36     24     
24/07/1979  0       9.9    40     25     
25/07/1979  0       7.9    34     24     
26/07/1979  0       9.2    32     19     
27/07/1979  0       8.7    37     23     
28/07/1979  2       11     33     25     
29/07/1979  0       12.1   30     22     
30/07/1979  0       10.6   31     24     
31/07/1979  0       8.4    32     23     
01/08/1979  0       7.5    27     18     
02/08/1979  0       6.2    34     18     
03/08/1979  9       4.1    26     21     
04/08/1979  0       5.8    29     20     
05/08/1979  0       6.5    30     19     
06/08/1979  0       6.6    26     22     
07/08/1979  0       7.9    32     21     
08/08/1979  0       7.6    36     18     
09/08/1979  9       6      28     20     
10/08/1979  0       8.2    28     18     
11/08/1979  0       7.5    26     21     
12/08/1979  0       8.7    30     21     
13/08/1979  19      7.1    27     19     
14/08/1979  5.5     7.4    30     19     
15/08/1979  18      7.1    25     20     
16/08/1979  43      6.5    24     17     
17/08/1979  4.5     5.9    25     18     
18/08/1979  14      7.8    30     18     
19/08/1979  0       7.1    30     18     
20/08/1979  0       7.6    36     19     
21/08/1979  0       6.1    32     20     
22/08/1979  0       6.8    34     20     
23/08/1979  0       8.3    37     19     
24/08/1979  0       9.2    34     20     
25/08/1979  0       7.6    25     20     
26/08/1979  0       7.8    30     18     
27/08/1979  0       9.5    35     17     
28/08/1979  0       7.9    35     19     
29/08/1979  0       8.1    33     21     
30/08/1979  0       6.3    27     22     
31/08/1979  0       7.2    31     18     
01/09/1979  0       9.4    36     20     
02/09/1979  0       8.2    36     23     
03/09/1979  0       8.9    30     21     
04/09/1979  0       9.6    36     19     
05/09/1979  0       7.4    37     20     
06/09/1979  0       6.6    32     21     
07/09/1979  0       7.5    27     19     
08/09/1979  0       8.5    31     20     
09/09/1979  0       7.7    27     19     
10/09/1979  0       8.4    31     20     
11/09/1979  0       8.8    33     22     
12/09/1979  0       7.7    33     17     
13/09/1979  0       7.7    29     20     
14/09/1979  4       6.1    32     21     
15/09/1979  22      2.7    25     19     
16/09/1979  0       6.3    26     12     
17/09/1979  0       4.9    22     13     
18/09/1979  0       6.4    28     13     
19/09/1979  0       6.9    29     13     
20/09/1979  0       7.5    29     14     
21/09/1979  0       6.8    33     14     
22/09/1979  0       7.2    33     17     
23/09/1979  0       8.7    33     20     
24/09/1979  0       7.8    31     16     
25/09/1979  0       6.8    25     19     
26/09/1979  0       7.6    32     12     
27/09/1979  0       6.4    36     15     
28/09/1979  0       7.4    35     13     
29/09/1979  0       6.2    33     12     
30/09/1979  0       6.2    32     15     
01/10/1979  0       5.4    36     13     
02/10/1979  0       7      36     17     
03/10/1979  0       6.3    30     13     
04/10/1979  0       7.7    35     17     
05/10/1979  0       6.8    36     13     
06/10/1979  0       6.3    35     11     
07/10/1979  0       8.9    35     10     
08/10/1979  0       8.9    35     11     
09/10/1979  0       5.3    28     12     
10/10/1979  0       8.1    30     13     
11/10/1979  0       6.3    25     12     
12/10/1979  0       10.1   33     11     
13/10/1979  0       8      31     10     
14/10/1979  0       9.1    30     18     
15/10/1979  0       7.3    31     13     
16/10/1979  0       9.3    33     10     
17/10/1979  0       6.9    25     11     
18/10/1979  0       7.3    30     17     
19/10/1979  0       7.9    29     10     
20/10/1979  0       7.1    34     9      
21/10/1979  0       6.4    31     10     
22/10/1979  0       5.5    23     12     
23/10/1979  0       6.4    27     9      
24/10/1979  0       6.1    31     8      
25/10/1979  0       7.6    32     8      
26/10/1979  0       6      34     9      
27/10/1979  0       6.9    33     9      
28/10/1979  0       5.1    29     15     
29/10/1979  0       3.7    15     10     
30/10/1979  0       4.9    18     8      
31/10/1979  0       7.4    23     2      
01/11/1979  0       2.1    25     6      
02/11/1979  0       4.9    20     6      
03/11/1979  0       5      25     11     
04/11/1979  0       7.2    27     7      
05/11/1979  0       4.4    20     9      
06/11/1979  0       5.5    15     8      
07/11/1979  0       5.1    22     3      
08/11/1979  0       6.2    26     6      
09/11/1979  0       5.2    22     8      
10/11/1979  0       4.3    23     13     
11/11/1979  0       5.3    21     9      
12/11/1979  0       2.8    21     6      
13/11/1979  0       5.2    20     1      
14/11/1979  0       3.2    18     5      
15/11/1979  0       3.8    18     8      
16/11/1979  18      1      12.1   10     
17/11/1979  0       3.5    18     9      
18/11/1979  0       6.2    25     8      
19/11/1979  0       6.8    25     7      
20/11/1979  0       5.2    26     10     
21/11/1979  0       4      26     5      
22/11/1979  0       2.9    11     2      
23/11/1979  0       3.8    16     -6     
24/11/1979  0       1.6    9      -2     
25/11/1979  0       3.2    15     -8     
26/11/1979  0       4.3    21     -1     
27/11/1979  0       3.2    20     0      
28/11/1979  0       1.6    13     -1     
29/11/1979  0       2.1    11     2      
30/11/1979  0       3      15     2      
01/12/1979  0       3.9    15     -2     
02/12/1979  0       2.7    15     -3     
03/12/1979  0       4.1    19     -3     
04/12/1979  0       3.9    22     -2     
05/12/1979  0       3.9    22     -1     
06/12/1979  0       4.2    20     -1     
07/12/1979  0       2.7    24     -1     
08/12/1979  0       1.8    23     -1     
09/12/1979  0       3.2    20     -2     
10/12/1979  0       7.1    22     -2     
11/12/1979  0       2.7    13     -1     
12/12/1979  0       5.1    15     -2     
13/12/1979  0       4.2    12     -4     
14/12/1979  0       5.4    12     -1     
15/12/1979  0       5.1    24     -1     
16/12/1979  0       4.8    13     -1     
17/12/1979  0       3.6    15     -1     
18/12/1979  0       6.6    14     -2     
19/12/1979  0       2.7    23     -2     
20/12/1979  0       3.8    23     3      
21/12/1979  0       3.6    23     3      
22/12/1979  0       5.2    23     4      
23/12/1979  0       2.2    14     3      
24/12/1979  0       4.2    16     -2     
25/12/1979  0       4.2    20     -2     
26/12/1979  0       2.4    18     -2     
27/12/1979  0       3.2    19     -3     
28/12/1979  0       3.7    18     5      
29/12/1979  0       2.7    14     2      
30/12/1979  0       3.3    18     0      
31/12/1979  0       4.2    18     -1     
01/01/1980  0       2.1    18     -2     
02/01/1980  0       3.2    23     -1     
03/01/1980  0       3.5    17     -1     
04/01/1980  0       3.6    20     -2     
05/01/1980  0       3.7    21     -2     
06/01/1980  0       3.7    18     -1     
07/01/1980  0       3.4    22     -1     
08/01/1980  0       3      23     -2     
09/01/1980  0       5      24     -2     
10/01/1980  0       3.4    20     3      
11/01/1980  0       2.3    17     6      
12/01/1980  0       2.2    19     6      
13/01/1980  0       3.5    23     2      
14/01/1980  0       2.8    25     3      
15/01/1980  0       2.2    24     4      
16/01/1980  0       3      28     5      
17/01/1980  0       5.6    22     3      
18/01/1980  0       2.7    25     3      
19/01/1980  0       2.5    19     3      
20/01/1980  0       3.6    16     4      
21/01/1980  0       2.1    13     7      
22/01/1980  0       3.3    10     4      
23/01/1980  0       1.7    13     -5     
24/01/1980  0       4.1    16     -5     
25/01/1980  0       3      21     -5     
26/01/1980  0       3.9    20     -1     
27/01/1980  0       3.7    22     -2     
28/01/1980  0       3.3    23     2      
29/01/1980  0       3.5    23     3      
30/01/1980  0       5.5    24     4      
31/01/1980  0       3.8    21     4      
01/02/1980  0       0.9    10     3      
02/02/1980  0       2.1    21     -1     
03/02/1980  0       2.1    24     -1     
04/02/1980  0       3.8    26     0      
05/02/1980  0       5.9    22     -1     
06/02/1980  0       5.6    24     2      
07/02/1980  0       5.2    21     3      
08/02/1980  0       3.4    9      5      
09/02/1980  0       1.3    7      -1     
10/02/1980  0       2.8    12     -1     
11/02/1980  0       3.6    15     0      
12/02/1980  0       2.9    20     0      
13/02/1980  0       6.3    22     0      
14/02/1980  0       3.4    26     2      
15/02/1980  0       6.3    28     6      
16/02/1980  0       5.7    15     7      
17/02/1980  0       2.1    15     5      
18/02/1980  0       5.8    27     3      
19/02/1980  0       9.8    20     5      
20/02/1980  0       7.2    18.1   14     
21/02/1980  0       7.7    25     5      
22/02/1980  0       7.5    23     4      
23/02/1980  0       5.5    23     5      
24/02/1980  0       6.8    23     6      
25/02/1980  0       9.7    13     7      
26/02/1980  0       4.9    22     3      
27/02/1980  0       3.6    27     3      
28/02/1980  0       7.8    28     5      
29/02/1980  0       6.2    27     4      
01/03/1980  0       5.5    24     4      
02/03/1980  0       2.2    14     0      
03/03/1980  0       4.4    21     0      
04/03/1980  0       6.5    20     5      
05/03/1980  0       6.9    17     7      
06/03/1980  0       7.3    25     5      
07/03/1980  0       6.4    27     4      
08/03/1980  0       5.7    26     10     
09/03/1980  0       5.2    19     11     
10/03/1980  0       5.6    26     5      
11/03/1980  0       5.3    24     11     
12/03/1980  0       9.5    25     7      
13/03/1980  0       6.7    20     9      
14/03/1980  0       8.4    25     6      
15/03/1980  0       6.3    23     6      
16/03/1980  0       5.1    19     5      
17/03/1980  0       5.1    12     8      
18/03/1980  0       7.9    17     7      
19/03/1980  0       5.4    23     9      
20/03/1980  0       6.7    25     8      
21/03/1980  0       8.5    22     7      
22/03/1980  0       4.1    16     7      
23/03/1980  0       6.2    20     9      
24/03/1980  0       4.1    20     5      
25/03/1980  0       5.2    24     6      
26/03/1980  0       5.9    22     5      
27/03/1980  0       5.2    23     7      
28/03/1980  0       5.6    27     4      
29/03/1980  0       4.4    21     5      
30/03/1980  0       4.6    25     2      
31/03/1980  0       5.2    22     5      
01/04/1980  0       7.1    21     6      
02/04/1980  0       7.7    25     8      
03/04/1980  0       7.1    26     10     
04/04/1980  0       7.8    22     11     
05/04/1980  0       5.3    22     15     
06/04/1980  0       4.7    18     10     
07/04/1980  0       4.1    16     7      
08/04/1980  0       5.2    20     9      
09/04/1980  0       6.1    26     8      
10/04/1980  0       7.8    27     9      
11/04/1980  0       8.1    30     10     
12/04/1980  0       2.4    15     11     
13/04/1980  0       3.8    14     2      
14/04/1980  0       4.7    18     0      
15/04/1980  0       8.9    25     3      
16/04/1980  0       7.6    20     5      
17/04/1980  0       4.1    11     5      
18/04/1980  0       7.3    25     6      
19/04/1980  0       5.2    22     11     
20/04/1980  0       7.6    32     11     
21/04/1980  0       7.9    24     11     
22/04/1980  0       9.4    29     12     
23/04/1980  0       7.3    23     12     
24/04/1980  0       7.1    24     12     
25/04/1980  0       8.4    26     9      
26/04/1980  0       5.2    16     9      
27/04/1980  0       4.3    18     13     
28/04/1980  0       5.6    26     10     
29/04/1980  0       5.1    23     9      
30/04/1980  0       6.3    24     14     
01/05/1980  0       9.4    26     12     
02/05/1980  0       10     23     15     
03/05/1980  0       10.5   24     13     
04/05/1980  0       9.4    25     12     
05/05/1980  0       8.4    32     16     
06/05/1980  0       9.9    32     16     
07/05/1980  0       4.6    21     15     
08/05/1980  0       4.2    21     13     
09/05/1980  0       5.7    23     13     
10/05/1980  0       12.8   34     14     
11/05/1980  0       10     28     17     
12/05/1980  0       8.1    31     19     
13/05/1980  0       4.4    23     17     
14/05/1980  0       10.9   28     19     
15/05/1980  0       14.4   30     18     
16/05/1980  0       15.1   30     11     
17/05/1980  0       12.8   35     12     
18/05/1980  0       7.5    27     20     
19/05/1980  0       7.1    26     20     
20/05/1980  0       8.3    33     20     
21/05/1980  0       10.1   26     16     
22/05/1980  0       12     25     20     
23/05/1980  0       12.6   35     18     
24/05/1980  0       9.6    26     13     
25/05/1980  0       7      25     14     
26/05/1980  0       8.2    31     19     
27/05/1980  0       10.3   31     20     
28/05/1980  0       9.5    33     21     
29/05/1980  0       12.6   37     22     
30/05/1980  0       11.7   40     19     
31/05/1980  0       11.7   39     23     
01/06/1980  0       12.5   39     24     
02/06/1980  0       11.2   36     21     
03/06/1980  0       10.9   38     20     
04/06/1980  0       13.1   40     23     
05/06/1980  0       15.1   43     27     
06/06/1980  0       10.6   38     27     
07/06/1980  0       12.8   41     20     
08/06/1980  0       13.7   36     25     
09/06/1980  0       10.4   29     22     
10/06/1980  0       8      30     24     
11/06/1980  28      10.2   33     20     
12/06/1980  0       12.4   40     22     
13/06/1980  0       9.9    35     26     
14/06/1980  0       15     40     26     
15/06/1980  0       12.2   43     24     
16/06/1980  0       14.5   42     25     
17/06/1980  0       9.6    38     26     
18/06/1980  0       13.7   43     27     
19/06/1980  0       15.2   41     24     
20/06/1980  0       9.9    30.1   29     
21/06/1980  0       10.1   32     25     
22/06/1980  0       10.1   34     26     
23/06/1980  0       9.9    32     24     
24/06/1980  0       8.9    32     25     
25/06/1980  0       8.3    34     26     
26/06/1980  0       11.5   38     24     
27/06/1980  0       14.2   40     24     
28/06/1980  0       10.4   38     28     
29/06/1980  0       13.1   39     25     
30/06/1980  0       11.6   38     23     
01/07/1980  3       13     39     23     
02/07/1980  0       10.3   39     26     
03/07/1980  0       14.3   38     25     
04/07/1980  0       11.9   38     27     
05/07/1980  0       13.5   38     26     
06/07/1980  0       10.3   37     28     
07/07/1980  0       10.6   39     27     
08/07/1980  0       9.9    39     27     
09/07/1980  0       9.3    38     27     
10/07/1980  0       11.2   37     27     
11/07/1980  0       12.2   39     26     
12/07/1980  0       12.4   36     27     
13/07/1980  0       15     39     26     
14/07/1980  0       12.1   36     25     
15/07/1980  0       8      37     26     
16/07/1980  0       10.5   42     27     
17/07/1980  0       15.1   38     25     
18/07/1980  0       17.1   38     24     
19/07/1980  0       13.5   36     26     
20/07/1980  0       9.4    38     26     
21/07/1980  0       10.1   38     27     
22/07/1980  0       12.4   36     27     
23/07/1980  0       9.6    36     28     
24/07/1980  0       11.8   33     24     
25/07/1980  0       8.3    38     23     
26/07/1980  0       10.1   39     23     
27/07/1980  0       9.7    38     26     
28/07/1980  0       12.3   37     27     
29/07/1980  0       9.2    37     27     
30/07/1980  0       9.1    36     27     
31/07/1980  0       10.4   36     24     
01/08/1980  0       8      36     26     
02/08/1980  0       9.6    37     22     
03/08/1980  2       10.7   40     28     
04/08/1980  1       11.4   41     26     
05/08/1980  1       9.6    39     23     
06/08/1980  0       12.8   38     21     
07/08/1980  0       10.4   37     24     
08/08/1980  0       9.9    37     25     
09/08/1980  19      6.5    37     26     
10/08/1980  80      5      36     26     
11/08/1980  30      3.7    23     19     
12/08/1980  15      4.7    21.1   20     
13/08/1980  26      7.1    31     20     
14/08/1980  0       10.4   32     21     
15/08/1980  0       9.1    30     22     
16/08/1980  0       8.2    35     24     
17/08/1980  2       7.3    31     21     
18/08/1980  11      7.9    32     20     
19/08/1980  20      6.2    31     21     
20/08/1980  0       7      31     19     
21/08/1980  0       7.3    30     21     
22/08/1980  0       5.4    32     21     
23/08/1980  0       8.4    30     20     
24/08/1980  0       7.1    33     20     
25/08/1980  0       5.9    34     22     
26/08/1980  0       5.5    32     22     
27/08/1980  0       7.2    34     22     
28/08/1980  0       7.8    33     23     
29/08/1980  0       6.8    36     21     
30/08/1980  0       8.3    38     22     
31/08/1980  0       8.2    37     19     
01/09/1980  0       6.6    32     21     
02/09/1980  0       9.9    33     21     
03/09/1980  0       5.5    30     23     
04/09/1980  0       4.5    25.1   21     
05/09/1980  0       4.8    30     21     
06/09/1980  0       4.6    33     20     
07/09/1980  0       5.2    34     20     
08/09/1980  0       4.9    31     22     
09/09/1980  0       5.7    31     23     
10/09/1980  0       6.2    32     20     
11/09/1980  0       7.1    30     21     
12/09/1980  0       7      31     20     
13/09/1980  0       8.6    32     19     
14/09/1980  0       9.4    33     21     
15/09/1980  0       7.2    32     20     
16/09/1980  0       5.5    34     18     
17/09/1980  0       4.3    34     18     
18/09/1980  0       5.1    35     20     
19/09/1980  0       6.3    27     23     
20/09/1980  0       9.6    32     18     
21/09/1980  0       7.9    32     20     
22/09/1980  3       11.2   32     22     
23/09/1980  21      4.1    24     18     
24/09/1980  9       4      29     17     
25/09/1980  5       3      22     18     
26/09/1980  8       3.2    24     19     
27/09/1980  18.5    3.6    23     18     
28/09/1980  4       4.1    21     17     
29/09/1980  0       4.5    27     18     
30/09/1980  0       5.1    28     17     
01/10/1980  0       4.5    30     15     
02/10/1980  0       5      30     15     
03/10/1980  0       5.4    29     17     
04/10/1980  0       5.6    30     15     
05/10/1980  0       5.6    31     13     
06/10/1980  0       6      29     14     
07/10/1980  0       5.3    28     15     
08/10/1980  0       3.2    31     13     
09/10/1980  0       2      25     14     
10/10/1980  0       4.5    28     15     
11/10/1980  0       4.9    27     14     
12/10/1980  0       5      30     14     
13/10/1980  0       6.8    26     14     
14/10/1980  0       5.5    30     15     
15/10/1980  0       4.6    25     14     
16/10/1980  0       5.1    26     14     
17/10/1980  0       5      29     13     
18/10/1980  0       5.1    25     12     
19/10/1980  0       6.4    24     13     
20/10/1980  15      4.4    25     11     
21/10/1980  0       5.9    23     12     
22/10/1980  0       6.2    25     9      
23/10/1980  0       5.9    25     10     
24/10/1980  0       5.1    25     9      
25/10/1980  0       3.7    17     8      
26/10/1980  0       6.6    28     5      
27/10/1980  0       1.5    12.1   9      
28/10/1980  0       6.3    26     3      
29/10/1980  0       5.3    20     5      
30/10/1980  0       3.6    24     5      
31/10/1980  0       4.7    22     6      
01/11/1980  0       6.2    24     9      
02/11/1980  0       4.7    27     9      
03/11/1980  0       2.8    27     5      
04/11/1980  0       3      26     6      
05/11/1980  0       5.8    27     6      
06/11/1980  0       6.1    27     7      
07/11/1980  0       2.2    23     6      
08/11/1980  0       5.3    30     5      
09/11/1980  0       5.2    25     5      
10/11/1980  0       5.6    26     5      
11/11/1980  0       4.6    23     8      
12/11/1980  0       4.9    25     9      
13/11/1980  0       5.2    25     9      
14/11/1980  0       5.3    26     10     
15/11/1980  17      0.6    20     9      
16/11/1980  2       0.4    3.1    2      
17/11/1980  0       1.3    6      -1     
18/11/1980  0       3.7    10     -4     
19/11/1980  0       1.4    6      3      
20/11/1980  0       2.9    10     -2     
21/11/1980  0       4.1    11     0      
22/11/1980  0       4.4    19     5      
23/11/1980  0       5.1    15     5      
24/11/1980  0       3      16     4      
25/11/1980  0       3.4    8      4      
26/11/1980  0       4.2    10     1      
27/11/1980  0       4.6    13     -3     
28/11/1980  0       1.5    15     -3     
29/11/1980  0       3.2    20     -1     
30/11/1980  0       5.1    21     0      
01/12/1980  0       4.4    15     0      
02/12/1980  0       4.1    15     -2     
03/12/1980  0       2.5    19     0      
04/12/1980  0       3.2    19     4      
05/12/1980  0       3.9    20     3      
06/12/1980  0       5.7    20     5      
07/12/1980  2.5     2.3    17     6      
08/12/1980  0       2.3    15     10     
09/12/1980  0       2.5    19     3      
10/12/1980  0       4.9    15     3      
11/12/1980  0       3      17     -1     
12/12/1980  0       2.2    18     -1     
13/12/1980  0       2.2    15     3      
14/12/1980  0       2.6    18     2      
15/12/1980  0       1.8    20     2      
16/12/1980  0       3.7    19     1      
17/12/1980  0       4.2    20     2      
18/12/1980  0       0.6    8.1    4      
19/12/1980  0       0.9    10     2      
20/12/1980  0       1.2    9      0      
21/12/1980  0       2.9    10     -2     
22/12/1980  0       4.3    15     -1     
23/12/1980  0       0.3    6      2      
24/12/1980  0       5.7    17     -2     
25/12/1980  0       4.5    19     0      
26/12/1980  0       4.7    20     2      
27/12/1980  0       4.8    15     0      
28/12/1980  0       4.7    19     1      
29/12/1980  0       4.8    15     4      
30/12/1980  0       4.7    16     -2     
31/12/1980  0       5      15     1      
01/01/1981  0       4.9    19     1      
02/01/1981  0       3.7    20     1      
03/01/1981  0       2.4    20     0      
04/01/1981  0       4.2    17     3      
05/01/1981  0       5.1    20     7      
06/01/1981  0       3.3    16     7      
07/01/1981  5       4.1    15     8      
08/01/1981  0       3      18     7      
09/01/1981  0       3.7    19     2      
10/01/1981  0       3      15     3      
11/01/1981  0       3.3    12     3      
12/01/1981  0       4.6    19     5      
13/01/1981  0       3.7    15     3      
14/01/1981  0       4.4    16     3      
15/01/1981  0       3.3    16     1      
16/01/1981  4       2.8    10     3      
17/01/1981  3       0.7    4      0      
18/01/1981  3       0.2    2      0      
19/01/1981  0       0.4    7      0      
20/01/1981  0       3.1    15     -2     
21/01/1981  0       5      16     -2     
22/01/1981  0       2.6    18     -2     
23/01/1981  0       2.6    17     -2     
24/01/1981  0       1.8    15     3      
25/01/1981  0       2.2    20     3      
26/01/1981  0       2.3    20     3      
27/01/1981  0       4.1    20     3      
28/01/1981  0       4.5    20     1      
29/01/1981  0       4.9    23     2      
30/01/1981  0       3.1    23     3      
31/01/1981  0       3.4    24     2      
01/02/1981  0       3.7    15     -2     
02/02/1981  0       3.2    15     -3     
03/02/1981  0       1.5    15     -3     
04/02/1981  0       5.4    14     1      
05/02/1981  0       4.9    20     1      
06/02/1981  0       2      20     1      
07/02/1981  0       7.2    21     1      
08/02/1981  0       4.6    24     1      
09/02/1981  0       5.1    19     2      
10/02/1981  0       5.3    20     7      
11/02/1981  0       5.3    11     -2     
12/02/1981  0       4.6    15     -2     
13/02/1981  0       5.2    20     0      
14/02/1981  0       5.2    22     0      
15/02/1981  0       4.5    23     0      
16/02/1981  0       5.6    25     0      
17/02/1981  0       4.7    26     1      
18/02/1981  0       3.3    29     4      
19/02/1981  0       6.8    27     4      
20/02/1981  0       3      19     4      
21/02/1981  0       6.3    21     7      
22/02/1981  0       4.9    20     1      
23/02/1981  0       5.1    23     -1     
24/02/1981  0       4.5    29     1      
25/02/1981  0       4.2    30     4      
26/02/1981  0       3.1    28     6      
27/02/1981  0       3      24     12     
28/02/1981  0       3.6    26     13     
01/03/1981  0       4.7    29     9      
02/03/1981  2       4.8    16     8      
03/03/1981  3       3.9    15     9      
04/03/1981  0       3.8    17     5      
05/03/1981  0       4.3    21     3      
06/03/1981  0       5      20     3      
07/03/1981  0       5.8    19     5      
08/03/1981  0       3.4    20     3      
09/03/1981  0       3.7    17     3      
10/03/1981  0       4.1    19     8      
11/03/1981  0       4.2    16     9      
12/03/1981  0       6.5    20     8      
13/03/1981  0       4.5    23     5      
14/03/1981  0       5.6    26     5      
15/03/1981  0       5      21     8      
16/03/1981  0       2.5    20     9      
17/03/1981  0       6.9    25     6      
18/03/1981  0       2.7    23     6      
19/03/1981  0       5.8    23     10     
20/03/1981  0       6.9    21     9      
21/03/1981  0       6.5    23     7      
22/03/1981  0       6.7    24     6      
23/03/1981  0       4.6    22     5      
24/03/1981  0       5.4    27     7      
25/03/1981  0       10.1   27     6      
26/03/1981  0       9.5    29     8      
27/03/1981  0       10.5   26     10     
28/03/1981  0       8.9    22     10     
29/03/1981  0       6.2    23     2      
30/03/1981  0       4.3    29     3      
31/03/1981  0       6.8    28     6      
01/04/1981  0       8.1    30     8      
02/04/1981  0       6.8    22     12     
03/04/1981  0       9.7    24     3      
04/04/1981  0       10.1   25     8      
05/04/1981  0       8.1    19     6      
06/04/1981  0       9.6    27     11     
07/04/1981  0       4.7    28     11     
08/04/1981  0       3.4    29     12     
09/04/1981  0       4.2    29     9      
10/04/1981  0       9.9    31     11     
11/04/1981  0       10.2   32     15     
12/04/1981  10      10.1   24     13     
13/04/1981  0       10.1   25     16     
14/04/1981  0       5.2    23     19     
15/04/1981  7       7.6    25     12     
16/04/1981  0       9      30     11     
17/04/1981  0       4.8    25     10     
18/04/1981  0       5.4    26     11     
19/04/1981  0       5.1    30     9      
20/04/1981  0       4.6    29     11     
21/04/1981  0       5      25     12     
22/04/1981  7       3.2    19     14     
23/04/1981  14      4.1    21     10     
24/04/1981  0.1     4.3    20     10     
25/04/1981  0       5.1    28     10     
26/04/1981  0       5.1    31     11     
27/04/1981  0       8.9    25     15     
28/04/1981  0       9.4    24     14     
29/04/1981  0       7.1    30     17     
30/04/1981  0       6.1    29     19     
01/05/1981  0       9.5    26     16     
02/05/1981  40      5.2    29     16     
03/05/1981  0       6.7    30     13     
04/05/1981  0       4.4    27     15     
05/05/1981  1       6.6    31     14     
06/05/1981  0       10.1   30     17     
07/05/1981  0       6.8    30     18     
08/05/1981  0       8.1    29     15     
09/05/1981  0       7.1    28     15     
10/05/1981  0       8.1    25     14     
11/05/1981  0       6.9    30     13     
12/05/1981  0       6.8    33     13     
13/05/1981  0       12.4   34     12     
14/05/1981  0       7.6    31     15     
15/05/1981  0       13.6   30     17     
16/05/1981  0       7.4    28     20     
17/05/1981  0       9.7    26     16     
18/05/1981  0       9.4    26     16     
19/05/1981  0       6.5    33     19     
20/05/1981  0       7.8    30     19     
21/05/1981  0       9.3    33     18     
22/05/1981  0       13.3   29     15     
23/05/1981  0       11.5   29     14     
24/05/1981  0       11.6   30     15     
25/05/1981  0       11.1   37     16     
26/05/1981  0       13.5   39     19     
27/05/1981  0       7.8    29     21     
28/05/1981  0       7.4    26     20     
29/05/1981  0       7.7    24     19     
30/05/1981  0       6.2    23     19     
31/05/1981  0       7.8    25     17     
01/12/1981  0       5      25     3      
02/12/1981  0       Nulo   23     7      
03/12/1981  0       5.7    24     2      
04/12/1981  0       4.4    15     8      
05/12/1981  0       5.2    15     9      
06/12/1981  0       Nulo   23     6      
07/12/1981  0       Nulo   26     3      
08/12/1981  0       Nulo   25     1      
09/12/1981  0       Nulo   26     4      
10/12/1981  0       Nulo   21     3      
11/12/1981  0       Nulo   23     7      
12/12/1981  0       Nulo   21     5      
13/12/1981  0       4.9    25     9      
14/12/1981  0       Nulo   25     8      
15/12/1981  0       Nulo   20     -1     
16/12/1981  0       5.1    24     -1     
17/12/1981  0       4.3    21     1      
18/12/1981  0       Nulo   13     1      
19/12/1981  0       Nulo   21     0      
20/12/1981  0       Nulo   24     4      
21/12/1981  0       Nulo   22     5      
22/12/1981  0       Nulo   21     2      
23/12/1981  0       Nulo   20     3      
24/12/1981  0       5.3    15     -1     
25/12/1981  0       Nulo   20     -3     
26/12/1981  0       Nulo   22     0      
27/12/1981  0       7      23     0      
28/12/1981  0       4.9    19     -2     
29/12/1981  0       Nulo   26     0      
30/12/1981  0       Nulo   19     2      
31/12/1981  0       Nulo   21     5      
01/01/1982  0       Nulo   9      -3     
02/01/1982  0       Nulo   21     -2     
03/01/1982  0       Nulo   19     0      
04/01/1982  0       Nulo   15     1      
05/01/1982  0       Nulo   20     -3     
06/01/1982  0       Nulo   25     0      
07/01/1982  0       Nulo   20     3      
08/01/1982  0       Nulo   21     0      
09/01/1982  0       Nulo   10     3      
10/01/1982  19      Nulo   9      0      
11/01/1982  5       Nulo   9      1      
12/01/1982  3       Nulo   8      2      
13/01/1982  0       Nulo   15     5      
14/01/1982  0       Nulo   16     3      
15/01/1982  0       Nulo   19     -3     
16/01/1982  0       Nulo   17     -2     
17/01/1982  0       Nulo   19     0      
18/01/1982  0       Nulo   25     -1     
19/01/1982  0.5     Nulo   22     1      
20/01/1982  0.2     Nulo   17     6      
21/01/1982  0       Nulo   21     8      
22/01/1982  0       Nulo   23     10     
23/01/1982  0       Nulo   18     2      
24/01/1982  0       Nulo   24     0      
25/01/1982  0       Nulo   24     0      
26/01/1982  0       Nulo   21     3      
27/01/1982  0       Nulo   27     2      
28/01/1982  0       Nulo   24     1      
29/01/1982  0       Nulo   27     1      
30/01/1982  0       Nulo   19     3      
31/01/1982  0       Nulo   21     -2     
07/07/1982  0       8.1    38     23     
08/07/1982  0.1     7.1    29     23     
09/07/1982  0       10.3   33     23     
10/07/1982  0       8.1    28.1   24     
11/07/1982  0       11.1   33     22     
12/07/1982  0       11.1   34     23     
13/07/1982  0       13.1   32.1   20     
14/07/1982  0       10     33     22     
15/07/1982  0       8.1    34     23     
16/07/1982  0       5.2    38     22     
17/07/1982  0       9.4    34     24     
18/07/1982  0       5.8    34.1   25     
19/07/1982  4       6.4    32.1   24     
20/07/1982  0       7.1    31     20     
21/07/1982  0       5.7    32     21     
22/07/1982  0       9.1    34     21     
23/07/1982  0       7.9    32     24     
24/07/1982  0       5.4    34     24     
25/07/1982  0       8.9    33.1   25     
26/07/1982  0       7.9    34     23     
27/07/1982  0       11.1   40     23     
28/07/1982  0       9.1    39     23     
29/07/1982  0       8.1    34     25     
30/07/1982  0       7      35     25     
31/07/1982  0       9.4    36     25     
01/08/1982  0       10.3   44     25     
02/08/1982  0       9.6    34     28     
03/08/1982  0       9.4    34     24     
04/08/1982  1       9.8    35     26     
05/08/1982  0       10     35     20     
06/08/1982  0       9.9    36     24     
07/08/1982  0       8      33     27     
08/08/1982  0       8.6    37     20     
09/08/1982  16      9.1    33     23     
10/08/1982  2       7.1    28     20     
11/08/1982  0       7.4    30     22     
12/08/1982  6       7.1    32     20     
13/08/1982  0       8.1    32.1   19     
14/08/1982  0       7.1    39     21     
15/08/1982  0       9.1    39     28     
16/08/1982  0       8.4    34.1   25     
17/08/1982  0       10.1   40     25     
18/08/1982  8       8.2    30.1   30     
19/08/1982  0       11.4   39     23     
20/08/1982  0       10.9   39     29     
21/08/1982  0       12.1   40     27     
22/08/1982  0       10     34     29     
23/08/1982  0       9.1    39     23     
24/08/1982  0       9.4    38     24     
25/08/1982  0       8.1    38     29     
26/08/1982  0       5.2    34     24     
27/08/1982  0       8.4    39     22     
28/08/1982  0       8.1    36     26     
29/08/1982  17      9.1    34     25     
30/08/1982  0       8      34.1   24     
31/08/1982  0       6.4    35     27     
01/09/1982  0       10.3   35     21     
02/09/1982  0       11.8   38     19     
03/09/1982  0       12     29     21     
04/09/1982  0       6.3    33     23     
05/09/1982  0       9.8    28.1   24     
06/09/1982  0       12.1   38     22     
07/09/1982  0       10.1   42     27     
08/09/1982  0       6.9    41     32     
09/09/1982  0       12.1   41     28     
10/09/1982  0       10.1   40     31     
11/09/1982  0       9.9    36     30     
12/09/1982  0       8      39     23     
13/09/1982  0       11.1   39     25     
14/09/1982  0       12.1   38     23     
15/09/1982  0       7.3    39     23     
16/09/1982  0       7.4    39     21     
17/09/1982  0       10     39     26     
18/09/1982  0       8      36     29     
19/09/1982  0       10.4   39     23     
20/09/1982  0       10.5   39     20     
21/09/1982  0       4.3    40     27     
22/09/1982  0       9.8    38     29     
23/09/1982  0       6.5    39     23     
24/09/1982  0       11.2   38     24     
25/09/1982  0       7.7    33     29     
26/09/1982  0       7.1    34     24     
27/09/1982  0       11.2   39     22     
28/09/1982  0       9.9    32     26     
29/09/1982  0       8.6    34     21     
30/09/1982  0       6.3    35     22     
01/10/1982  0       11.8   36     20     
02/10/1982  0       11.5   38     20     
03/10/1982  0       7.4    33     19     
04/10/1982  0       8.8    35     19     
05/10/1982  0       11.3   32     18     
06/10/1982  0       9.3    36     21     
07/10/1982  0       4.6    31     23     
08/10/1982  0       4.9    30     15     
09/10/1982  0       5.3    30     14     
10/10/1982  0       9.9    26     12     
11/10/1982  0       9.7    21     13     
12/10/1982  0       5.3    26     12     
13/10/1982  0       4.7    26     10     
14/10/1982  0       3.7    21     12     
15/10/1982  0       8.6    24     11     
16/10/1982  0       4.1    22     12     
17/10/1982  0       5.3    31     12     
18/10/1982  0       5.2    26     14     
19/10/1982  0       1.9    23     12     
20/10/1982  0       7.9    23     15     
21/10/1982  0       4.1    21     12     
22/10/1982  0       8.1    21     13     
23/10/1982  0       2.8    24     10     
24/10/1982  0       5.6    24     13     
25/10/1982  0       7.6    21     12     
26/10/1982  0       8.1    26     10     
27/10/1982  0       4.6    26     12     
28/10/1982  0       10.2   21     15     
29/10/1982  0       3.9    22     12     
30/10/1982  0       5.7    23     12     
31/10/1982  0       3.2    24     13     
01/11/1982  0       8.1    19     12     
02/11/1982  5       7.2    26     6      
03/11/1982  0       7      19     6      
04/11/1982  0       3.9    21     5      
05/11/1982  0       4.9    22     5      
06/11/1982  0       5.8    24     11     
07/11/1982  0       2.2    19     12     
08/11/1982  0       2.9    21     9      
09/11/1982  0       3      21     7      
10/11/1982  0       3.5    19     8      
11/11/1982  0       6.2    20     6      
12/11/1982  0       2.7    25     11     
13/11/1982  0       2.7    23     11     
14/11/1982  0       7.5    22     8      
15/11/1982  0       6.7    22     9      
16/11/1982  0       4.1    25     12     
17/11/1982  0       6      21     12     
18/11/1982  0       5.1    27     13     
19/11/1982  0       3.2    27     14     
20/11/1982  0       3.3    25     9      
21/11/1982  0       3      25     7      
22/11/1982  0       2.5    21     9      
23/11/1982  0       2      15     8      
24/11/1982  0       1.9    13     5      
25/11/1982  0       1.1    7      1      
26/11/1982  0       2      6      1      
27/11/1982  0       4.7    9      3      
28/11/1982  0       5.9    11     -1     
29/11/1982  0       5.1    11     5      
30/11/1982  0       4      15     4      
01/01/1983  0       2.7    3      0.2    
02/01/1983  0       2.5    9      0.2    
03/01/1983  0       2.5    9      0.4    
04/01/1983  0       2.3    10     0.4    
05/01/1983  0       4.7    9      0.3    
06/01/1983  0       2.7    19     0.2    
07/01/1983  0       2.5    18     0.1    
08/01/1983  0       1.5    19     0.1    
09/01/1983  0       3.3    22     0      
10/01/1983  0       5.2    20     2      
11/01/1983  0       1.2    21     1      
12/01/1983  0       1.8    21     0      
13/01/1983  0       1.9    19     1      
14/01/1983  0       3      19     3      
15/01/1983  0       3.2    21     3      
16/01/1983  0       1.6    17     2      
17/01/1983  0       2.2    20     2      
18/01/1983  0       2.7    19     0.1    
19/01/1983  8       4.5    25     0      
20/01/1983  3       4.1    19     3      
21/01/1983  0       4.3    19     3      
22/01/1983  0       1.6    21     3      
23/01/1983  0       0.9    21     2      
24/01/1983  0       2.6    19     2      
25/01/1983  0       3.1    20     2      
26/01/1983  0       0.9    19     2      
27/01/1983  0       1.4    19     0.2    
28/01/1983  0       0.7    23     3      
29/01/1983  0       0.9    23     3      
30/01/1983  5       4.1    21     3      
31/01/1983  0       3.4    19     4      
01/02/1983  0       2      13     3      
02/02/1983  0       3.4    19     -3     
03/02/1983  0       3.3    21     -3     
04/02/1983  0       2.1    18     -2     
05/02/1983  0       4.4    19     -2     
06/02/1983  0       4.3    20     5      
07/02/1983  0       3.9    21     2      
08/02/1983  0       7.1    20     2      
09/02/1983  0       2.2    19     2      
10/02/1983  0       2.3    22     -2     
11/02/1983  0       2.2    20     2      
12/02/1983  0       3.3    20     3      
13/02/1983  0       1.8    25     2      
14/02/1983  0       7.2    24     2      
15/02/1983  0       5.8    19     4      
16/02/1983  0       5.9    20     1      
17/02/1983  0       6.3    25     2      
18/02/1983  0       4.4    25     3      
19/02/1983  0       4.3    24     3      
20/02/1983  0       2.6    20     4      
21/02/1983  0       5.3    20     4      
22/02/1983  0       4.2    22     2      
23/02/1983  0       3.9    21     3      
24/02/1983  0       4.8    25     3      
25/02/1983  2       3.5    22     4      
26/02/1983  0       3.8    21     4      
27/02/1983  0       5.3    25     3      
28/02/1983  0       4.4    27     3      
01/03/1983  0       9.6    22     2      
02/03/1983  3.5     8.9    21     3      
03/03/1983  0       4.7    25     3      
04/03/1983  0       5.4    19     3      
05/03/1983  0       7.8    21     3      
06/03/1983  0       6.9    23     3      
07/03/1983  0       10.6   25     3      
08/03/1983  0       9.6    23     4      
09/03/1983  0       4.2    20     4      
10/03/1983  0       10.5   23     4      
11/03/1983  0       7.5    25     3      
12/03/1983  0       7.4    25     2      
13/03/1983  0       4.7    24     4      
14/03/1983  0       5.4    20     4      
15/03/1983  2       2.6    23     5      
16/03/1983  0       9      23     5      
17/03/1983  0       4.8    22     3      
18/03/1983  0       11.7   25     3      
19/03/1983  2       5.3    15     4      
20/03/1983  0       4.5    15     1      
21/03/1983  0       6.1    21     2      
22/03/1983  0       9.2    15     3      
23/03/1983  0       4.7    21     4      
24/03/1983  0       2.1    18     4      
25/03/1983  0       8.1    15     4      
26/03/1983  0       10.1   22     4      
27/03/1983  0       4.7    21     3      
28/03/1983  0       4.9    19     3      
29/03/1983  0       2.9    20     4      
30/03/1983  0       7.2    19     4      
31/03/1983  0       4.9    15     4      
01/04/1983  0       7.7    21     5      
02/04/1983  0       7.4    26     3      
03/04/1983  0       4.7    19     4      
04/04/1983  0       4.2    19     4      
05/04/1983  0       5.9    15     5      
06/04/1983  0       4.9    17     7      
07/04/1983  3.5     1.8    9      3      
08/04/1983  0       4.1    10     3      
09/04/1983  0       3.1    20     1      
10/04/1983  0       4.4    19     3      
11/04/1983  0       5.2    21     4      
12/04/1983  0       5.1    17     4      
13/04/1983  0       3.5    18     3      
14/04/1983  0       3.9    21     1      
15/04/1983  0       5.6    21     3      
16/04/1983  0       4      25     3      
17/04/1983  0       4.6    20     3      
18/04/1983  0       5.1    27     4      
19/04/1983  0       4.7    19     4      
20/04/1983  0       6.9    20     3      
21/04/1983  0       8.4    21     4      
22/04/1983  0       6.2    18     7      
23/04/1983  0       7.6    21     3      
24/04/1983  0       4.2    19     3      
25/04/1983  0       6.9    24     4      
26/04/1983  0       5.7    22     3      
27/04/1983  0       4.2    19     3      
28/04/1983  0       5.6    23     2      
29/04/1983  0       4.7    22     2      
30/04/1983  0       5.2    31     4      
01/05/1983  0       4.9    31     4      
02/05/1983  0       12.2   25     5      
03/05/1983  0       12.6   29     6      
04/05/1983  0       5.2    28     4      
05/05/1983  0       9.8    29     5      
06/05/1983  0       8.1    25     5      
07/05/1983  0       6.8    25     4      
08/05/1983  8       11.3   26     4      
09/05/1983  0       9      31     5      
10/05/1983  0       10.9   28     5      
11/05/1983  0       9.4    31     8      
12/05/1983  0       5.1    29     5      
13/05/1983  0       10     30     4      
14/05/1983  0       11.1   35     5      
15/05/1983  0       10.1   32     5      
16/05/1983  0       12.1   35     8      
17/05/1983  0       9.5    33     11     
18/05/1983  0       14.4   31     14     
19/05/1983  0       10.1   36     10     
20/05/1983  0       15.2   32     11     
21/05/1983  0       10.3   36     13     
22/05/1983  0       9.4    30     13     
23/05/1983  0       7.8    28     15     
24/05/1983  0       5      31     15     
25/05/1983  0       9.4    38     17     
26/05/1983  0       10.6   31     14     
27/05/1983  0       9.9    29     14     
28/05/1983  0       9.9    32     17     
29/05/1983  0       6.7    32     16     
30/05/1983  2       10.1   29     15     
31/05/1983  0       10.4   29     16     
01/06/1983  0       4.9    34     16     
02/06/1983  0       9.7    32     19     
03/06/1983  0       10.3   30     20     
04/06/1983  0       4.7    29     20     
05/06/1983  0       5.8    32     22     
06/06/1983  0       6.1    32     22     
07/06/1983  0       4.9    32     22     
08/06/1983  0       4.7    31     22     
09/06/1983  0       5.2    32     20     
10/06/1983  0       12.9   32     20     
11/06/1983  0       11.3   35     21     
12/06/1983  0       10.8   36     24     
13/06/1983  0       9.6    35     21     
14/06/1983  0       5.4    35     25     
15/06/1983  0       4.8    36     24     
16/06/1983  0       9.9    30     18     
17/06/1983  0       13     35     20     
18/06/1983  0       11.9   41     23     
19/06/1983  0       8.2    40     25     
20/06/1983  0       11.5   41     25     
21/06/1983  0       5.3    40     23     
22/06/1983  0       8.7    39     24     
23/06/1983  11      10.9   39     19     
24/06/1983  0       9.9    35     19     
25/06/1983  0       4.4    29     22     
26/06/1983  0       5.6    29     23     
27/06/1983  0       12.9   31     22     
28/06/1983  0       12.2   29     23     
29/06/1983  0       9.3    37     23     
30/06/1983  2       7.1    35     24     
01/07/1983  0       5.1    32     23     
02/07/1983  0       4.5    39     22     
03/07/1983  0       4.8    33     25     
04/07/1983  0       4.9    32     24     
05/07/1983  0       5.5    35     22     
06/07/1983  8       7.8    39     24     
07/07/1983  0       6.1    32     24     
08/07/1983  0       8.9    32     24     
09/07/1983  0       5      32     25     
10/07/1983  0       4.7    30.1   25     
11/07/1983  0       4.9    35     23     
12/07/1983  0       10.2   35     26     
13/07/1983  0       4.9    36     25     
14/07/1983  0       9.6    31     29     
15/07/1983  0       10.6   35     23     
16/07/1983  0       9.6    30.1   24     
17/07/1983  0       10.2   31     25     
18/07/1983  0       4.8    30.1   25     
19/07/1983  0       9.9    34     24     
20/07/1983  0       10.1   32     29     
21/07/1983  0       10.9   35     28     
22/07/1983  0       9.1    34     28     
23/07/1983  0       9.5    35     25     
24/07/1983  0       4.4    35     29     
25/07/1983  0       6.5    36     23     
26/07/1983  2       5.8    35     24     
27/07/1983  0       5.8    35     25     
28/07/1983  0       6.1    30     25     
29/07/1983  0       8.1    35     27     
30/07/1983  0       9.3    36     26     
31/07/1983  0       4.8    33     24     
01/08/1983  0       11.9   35     25     
02/08/1983  0       12.6   37     25     
03/08/1983  0       10.5   37     24     
04/08/1983  0       9.6    34     25     
05/08/1983  0       10     36     25     
06/08/1983  0       4.9    35     24     
07/08/1983  0       4.8    34     25     
08/08/1983  0       5      30     24     
09/08/1983  0       5.1    33     24     
10/08/1983  0       7.4    33     25     
11/08/1983  0       4.8    31     23     
12/08/1983  0       3.9    29.1   22     
13/08/1983  0       4.2    29     22     
14/08/1983  2       5.1    30     23     
15/08/1983  0       3.8    25.1   22     
16/08/1983  0       4.5    30     20     
17/08/1983  0       5.4    29.1   23     
18/08/1983  0       4.8    35     21     
19/08/1983  0       11.8   33     24     
20/08/1983  0       11.1   35     24     
21/08/1983  0       12.1   33     26     
22/08/1983  0       9.4    34     21     
23/08/1983  0       10.2   36     25     
24/08/1983  0       9.2    35     25     
25/08/1983  0       4.8    36     25     
26/08/1983  0       4.8    37     27     
27/08/1983  0       4.5    33     23     
28/08/1983  0       13.6   35     26     
29/08/1983  0       11.6   32     25     
30/08/1983  0       10.1   35     23     
31/08/1983  0       9.5    34     25     
01/09/1983  0       8.2    34     23     
02/09/1983  0       6.5    31     26     
03/09/1983  0       5.1    35     22     
04/09/1983  0       6.5    33     20     
05/09/1983  0       13     35     21     
06/09/1983  0       10.5   35     25     
07/09/1983  0       11.1   36     23     
08/09/1983  0       9.1    31     25     
09/09/1983  0       10     34     25     
10/09/1983  0       6.8    36     20     
11/09/1983  0       8.2    28     23     
12/09/1983  0       9.7    37     20     
13/09/1983  0       10.1   38     25     
14/09/1983  0       14     32     24     
15/09/1983  0       12.5   33     22     
16/09/1983  0       9.6    33     19     
17/09/1983  0       4.6    30     22     
18/09/1983  0       12     36     20     
19/09/1983  0       8.1    35     21     
20/09/1983  0       6.6    28.1   23     
21/09/1983  0       4.6    25     9      
22/09/1983  0       8.2    35     14     
23/09/1983  0       11.6   40     15     
24/09/1983  0       7.5    30     18     
25/09/1983  0       4.7    35     19     
26/09/1983  0       10.3   35     20     
27/09/1983  3       12.6   33     19     
28/09/1983  2       13     31     20     
29/09/1983  15      12.1   31     19     
30/09/1983  0       13     33     19     
01/10/1983  0       10     36     17     
02/10/1983  0       9.8    32     19     
03/10/1983  30      8.2    31     19     
04/10/1983  0       5.7    33     18     
05/10/1983  0       4.5    28     19     
06/10/1983  0       4.9    30     19     
07/10/1983  0       2.1    35     19     
08/10/1983  18      4.2    31     24     
09/10/1983  0       3.1    25     20     
10/10/1983  0       6.9    35     15     
11/10/1983  0       5.9    28     12     
12/10/1983  0       5.7    18     15     
13/10/1983  0       4.2    30     10     
14/10/1983  0       8      35     12     
15/10/1983  0       6.6    30     15     
16/10/1983  0       8.5    37     13     
17/10/1983  0       6.9    29     15     
18/10/1983  20      7.1    29     13     
19/10/1983  8       6.1    27     11     
20/10/1983  0       4.2    20     15     
21/10/1983  0       5.7    28     13     
22/10/1983  0       7.3    32     12     
23/10/1983  0       6.1    28     12     
24/10/1983  0       7.8    30     12     
25/10/1983  0       10.5   17     15     
26/10/1983  0       4.4    21     14     
27/10/1983  0       4.8    29     13     
28/10/1983  0       10.7   31     15     
29/10/1983  0       3.1    32     15     
30/10/1983  0       5.6    21     17     
31/10/1983  0       6.9    28     15     
01/11/1983  0       3.7    25     12     
02/11/1983  19.5    3      19.1   13     
03/11/1983  17      2.8    15     10     
04/11/1983  0       3.6    25     10     
05/11/1983  0       5.5    24     10     
06/11/1983  0       1.5    19     15     
07/11/1983  0       8.5    29     10     
08/11/1983  0       7.2    28     9      
09/11/1983  0       5.7    24     11     
10/11/1983  0       4.9    22     8      
11/11/1983  0       1.7    24     7      
12/11/1983  0       2.9    21     9      
13/11/1983  0       7.6    20     10     
14/11/1983  0       7      28     8      
15/11/1983  0       6.1    26     11     
16/11/1983  0       7.1    27     8      
17/11/1983  0       7.8    30     6      
18/11/1983  0       4      28     7      
19/11/1983  0       4.8    25     3      
20/11/1983  0       3      23     1      
21/11/1983  2       2.2    17     -2     
22/11/1983  0       1.8    10     -2     
23/11/1983  0       4.8    11     -1     
24/11/1983  0       4.4    11     -2     
25/11/1983  0       4.6    14     0      
26/11/1983  5       7.4    16     -2     
27/11/1983  0       2.5    10     0      
28/11/1983  0       4.2    15     -2     
29/11/1983  0       5.3    13     -2     
30/11/1983  0       3.5    11     -2     
01/12/1983  0       4      25     2      
02/12/1983  0       2.5    26     4      
03/12/1983  0       3.9    22     5      
04/12/1983  0       4.2    23     1      
05/12/1983  0       5.8    22     2      
06/12/1983  0       4.9    15     3      
07/12/1983  0       3.5    20     0      
08/12/1983  0       6.6    20     0      
09/12/1983  0       4.1    15     -1     
10/12/1983  0       4.6    25     0      
11/12/1983  0       2.6    18     0      
12/12/1983  0       2.7    13     2      
13/12/1983  0       4.9    18     0      
14/12/1983  0       5.1    20     0      
15/12/1983  0       5.1    23     0      
16/12/1983  0       4.1    19     -1     
17/12/1983  0       4.9    24     3      
18/12/1983  0       4.1    14     0      
19/12/1983  0       3.9    23     -5     
20/12/1983  0       4.8    23     -3     
21/12/1983  0       5.7    23     -3     
22/12/1983  0       4.4    20     2      
23/12/1983  0       3.6    13     4      
24/12/1983  0       3.3    14     -2     
25/12/1983  0       4.1    18     -5     
26/12/1983  0       4.5    19     -1     
27/12/1983  0       2.1    11     0      
28/12/1983  0       2.3    15     -2     
29/12/1983  0       1.8    3      -3     
30/12/1983  0       1      3      -3     
31/12/1983  0       1.1    8      -1     
01/01/1984  0       4.8    28     -3     
02/01/1984  5       2.5    9      -2     
03/01/1984  0       2      9      3      
04/01/1984  0       1.8    28     5      
05/01/1984  0       2.6    18     5      
06/01/1984  0       4.8    23     5      
07/01/1984  0       4      20     5      
08/01/1984  5       4.4    18     5      
09/01/1984  0       5.6    15     5      
10/01/1984  0       1      10     6      
11/01/1984  0       3.9    17     -4     
12/01/1984  0       3.1    12     -4     
13/01/1984  0       6.1    11     0      
14/01/1984  0       0.5    12     -3     
15/01/1984  0       9.4    17     0      
16/01/1984  0       1.3    21     -1     
17/01/1984  0       3.8    19     -1     
18/01/1984  0       5.1    9      0      
19/01/1984  0       1.7    8      0      
20/01/1984  0       3.3    9      -2     
21/01/1984  0       1.7    12     -3     
22/01/1984  0       5.2    18     -3     
23/01/1984  0       6.3    21     -3     
24/01/1984  0       5.2    23     -3     
25/01/1984  0       5      19     -4     
26/01/1984  0       4.4    17     -2     
27/01/1984  0       4.8    20     0      
28/01/1984  0       3.9    23     -1     
29/01/1984  0       0.9    11     -1     
30/01/1984  19      1.1    9      -1     
31/01/1984  8       1.1    9      0      
01/02/1984  0       2.6    13     0      
02/02/1984  0       2.8    11     -2     
03/02/1984  0       2.6    9      -2     
04/02/1984  0       2.4    8      1      
05/02/1984  0       1.6    19     3      
06/02/1984  0       3.6    19     1      
07/02/1984  0       5      20     1      
08/02/1984  0       4.1    19     -3     
09/02/1984  0       2.8    16     1      
10/02/1984  0       7.5    21     0      
11/02/1984  0       5.6    18     -1     
12/02/1984  0       5.8    26     2      
13/02/1984  0       4.3    19     -3     
14/02/1984  0       5.9    25     2      
15/02/1984  0       4.1    20     2      
16/02/1984  0       6.5    25     3      
17/02/1984  0       5.2    13     0      
18/02/1984  0       6.1    26     3      
19/02/1984  0       3.1    11     3      
20/02/1984  0       0.9    11     4      
21/02/1984  0       0.5    21     -3     
22/02/1984  0       5.4    24     -3     
23/02/1984  0       4.9    20     4      
24/02/1984  0       5      19     3      
25/02/1984  0       4.6    17     5      
26/02/1984  0       6.2    15     1      
27/02/1984  0       1.2    14     0      
28/02/1984  0       1.8    14     -1     
29/02/1984  Nulo    1.9    17     -2     
01/03/1984  0       3.7    24     0      
02/03/1984  0       2.8    27     1      
03/03/1984  0       4.7    27     2      
04/03/1984  0       4.7    20     4      
05/03/1984  0       1.8    9      5      
06/03/1984  0       3.2    17     -3     
07/03/1984  0       5.1    27     -3     
08/03/1984  0       4.6    29     -2     
09/03/1984  0       4      19     1      
10/03/1984  0       1.3    27     4      
11/03/1984  0       2.3    28     5      
12/03/1984  0       7.7    29     5      
13/03/1984  0       4.6    29     3      
14/03/1984  0       9.9    30     5      
15/03/1984  0       4.7    31     9      
16/03/1984  0       5.1    32     10     
17/03/1984  0       4.7    30     7      
18/03/1984  0       10.3   29     9      
19/03/1984  0       7.5    25     7      
20/03/1984  0       7.6    33     5      
21/03/1984  0       4.6    31     7      
22/03/1984  0       5.4    29     7      
23/03/1984  0       6.6    32     5      
24/03/1984  0       4.9    32     6      
25/03/1984  0       4.7    29     7      
26/03/1984  0       5.9    29     5      
27/03/1984  0       6.2    21     6      
28/03/1984  0       9.6    29     3      
29/03/1984  0       10.1   31     3      
30/03/1984  0       8.6    29     3      
31/03/1984  0       8.2    28     9      
--------------------------------------
