CNA-SMN-CG-GMC-SMAA-CLIMATOLOGIA
BASE DE DATOS CLIMATOLOGICA
DATOS DISPONIBLES EN LA BASE DE DATOS A JULIO 2022

ESTACION  : 8307
NOMBRE    : C.R.M. CUAUHTEMOC
ESTADO    : CHIHUAHUA
MUNICIPIO : CUAUHTEMOC
SITUACION : SUSPENDIDA
ORGANISMO : CONAGUA-SMN
CVE-OMM   : Nulo
LATITUD   : 028.367°
LONGITUD  : -106.917°
ALTITUD   : 2090 msnm

EMISIÓN   : 01/07/2022

            PRECIP  EVAP   TMAX   TMIN   
  Fecha     (MM)    (MM)   (°C)   (°C)   
01/11/1979  0       8      20.5   -2     
02/11/1979  0       6      19     -1.5   
03/11/1979  0       5      20     -1.5   
04/11/1979  0       9.9    22     3      
05/11/1979  0       6.4    22     2.5    
06/11/1979  0       6.8    19.4   2      
07/11/1979  0       7.2    20     1.5    
08/11/1979  0       10.6   13     7.4    
09/11/1979  0       3.3    16     5.8    
10/11/1979  0       3.3    15     2.8    
11/11/1979  0       3.9    19     -3     
12/11/1979  0       6.7    14.8   -4.5   
13/11/1979  0       5      14     -5.4   
14/11/1979  0       5      15.3   -2     
15/11/1979  0       3.8    13.2   -2     
16/11/1979  4.7     2.6    11.2   4      
17/11/1979  0       3.3    16.2   2.5    
18/11/1979  0       5      16     4      
19/11/1979  0       7.2    20     -0.5   
20/11/1979  0       10.3   17.4   0.5    
21/11/1979  0       7.6    16.8   -4     
22/11/1979  0       6.2    10     -7     
23/11/1979  0       7      16.5   -6     
24/11/1979  0       3.5    10.7   -5     
25/11/1979  0       3.8    18     -5.6   
26/11/1979  0       8      22     -6     
27/11/1979  0       5      20.8   0      
28/11/1979  0       5.5    19.5   -3     
29/11/1979  0       1.7    9.2    -4.5   
30/11/1979  0       5.8    18     -7     
01/12/1979  0       4.8    10     -9     
02/12/1979  0       3.9    10.8   -9     
03/12/1979  0       6      13.6   -8     
04/12/1979  0       6.4    14.4   -9.5   
05/12/1979  0       5.3    19     -9.5   
06/12/1979  0       4.5    15     -4.5   
07/12/1979  0       5.7    14     -5     
08/12/1979  0       5.4    19     -5     
09/12/1979  0       5.2    20.5   -3     
10/12/1979  0       8.2    20     -2     
11/12/1979  0       7      18.2   7.5    
12/12/1979  1.7     3.5    14.2   6.5    
13/12/1979  0       3      15     4      
14/12/1979  0       1.4    9      0.5    
15/12/1979  0       1      15     -5     
16/12/1979  0       5.7    14.5   -6     
17/12/1979  0       2.9    12     -5     
18/12/1979  5       3.1    15     -5     
19/12/1979  0       3.6    15     5      
20/12/1979  0       0.6    15     -3     
21/12/1979  0       9.3    17     6      
22/12/1979  0       7.6    17     4      
23/12/1979  0       2.2    10     -1.2   
24/12/1979  0       4.9    12.5   -9     
25/12/1979  0       6.5    22     -7     
26/12/1979  0       1.1    20     2      
27/12/1979  0       1      19     7      
28/12/1979  0       1.3    16     -5     
29/12/1979  0       4      10     -8.5   
30/12/1979  0       6.2    15.5   -10    
31/12/1979  0       4.7    17     -9     
01/01/1980  0       0.6    19     -5     
02/01/1980  0       0.5    17     -4.5   
03/01/1980  0       0.2    13     -6     
04/01/1980  0       0.6    17     -8.5   
05/01/1980  0       0.8    19     -8     
06/01/1980  0       0.8    15     -6.5   
07/01/1980  0       0.5    16     -4     
08/01/1980  0       0.6    16     -6.5   
09/01/1980  0       1      18     -2.5   
10/01/1980  0       0.5    13     -2     
11/01/1980  0       0.6    12     -8     
12/01/1980  0       0.4    18     -5     
13/01/1980  0       1      23     -2     
14/01/1980  0       0.6    22     -1     
15/01/1980  0       0.6    18     3      
16/01/1980  0       0.6    17.5   0      
17/01/1980  0       0.6    18     -2.5   
18/01/1980  0       0.9    19.3   0      
19/01/1980  0       1.2    19.4   -0.5   
20/01/1980  0       1.2    19     3.5    
21/01/1980  0       1      17     5      
22/01/1980  0       0.6    7.5    -5.5   
23/01/1980  0       0.1    6      -9     
24/01/1980  0       0.7    9      -10    
25/01/1980  0       0.6    15     -6     
26/01/1980  0       0.5    15     -2     
27/01/1980  0       0.7    17     -5     
28/01/1980  0       0.7    17     -5     
29/01/1980  0       1      21     -3.5   
30/01/1980  0       0.4    16.5   1      
31/01/1980  0       0.3    15     4      
01/02/1980  0       0.8    14.2   3      
02/02/1980  0       2.6    16.8   0      
03/02/1980  0       4.2    19     -5     
04/02/1980  0       10     23.3   -3.5   
05/02/1980  0       6      21     -1.5   
06/02/1980  0       12.8   21.8   -3.5   
07/02/1980  0       12     17.6   7      
08/02/1980  0       9.5    13.8   3      
09/02/1980  0       3.5    8.4    -4.5   
10/02/1980  0       5.5    8.2    -4.5   
11/02/1980  0       4      9.6    -1     
12/02/1980  0       6.6    13.6   -6.5   
13/02/1980  1.4     5.4    14     -2.5   
14/02/1980  0       8.6    17     3.5    
15/02/1980  2.1     4.5    18.5   3      
16/02/1980  0       8.2    18     0      
17/02/1980  0       12.5   15     5      
18/02/1980  0       9.5    22.6   5      
19/02/1980  1.5     10     18     3      
20/02/1980  0       8.5    15.3   2      
21/02/1980  0       8      17.2   -3.5   
22/02/1980  0       8      17     -4     
23/02/1980  0       8.5    17.5   -2.5   
24/02/1980  0       5.6    17.5   -3     
25/02/1980  0       11.5   16.6   -3.5   
26/02/1980  0       7      15.8   0      
27/02/1980  0       9.5    18     -2     
28/02/1980  0       12     19.8   -2     
29/02/1980  0       11     17.5   0.5    
01/03/1980  0       8.5    20     -2     
02/03/1980  0       11.5   12.2   -4     
03/03/1980  0       12.5   21     4      
04/03/1980  0       14.8   19     3      
05/03/1980  0       8      20     -4.5   
06/03/1980  0       10     21     2.5    
07/03/1980  0       9      19     7      
08/03/1980  0       12     19.5   6.5    
09/03/1980  0       12.5   20     5      
10/03/1980  0       13.1   22     6      
11/03/1980  0       15     21     6.5    
12/03/1980  0       12     21     4      
13/03/1980  0       12.5   18     0.5    
14/03/1980  0       13.5   20     0      
15/03/1980  0       16.5   23     0.5    
16/03/1980  0       10     14     4      
17/03/1980  0       10     16     -3     
18/03/1980  0       14     17     -3     
19/03/1980  0       12     19     3.5    
20/03/1980  0       10     20     2      
21/03/1980  0       15     22     -2     
22/03/1980  0       11     22.5   7      
23/03/1980  0       8      19     6      
24/03/1980  0.5     2.5    7.5    0.5    
25/03/1980  0       13     17.5   1      
26/03/1980  0       13.5   17     0.5    
27/03/1980  0       9      15.5   3      
28/03/1980  0       9.5    21     -3     
29/03/1980  0       13.5   21.5   -1.5   
30/03/1980  0       16     22     -2     
31/03/1980  0       9      21.5   6      
01/04/1980  0       2      22     -1     
02/04/1980  0       1.7    22     6      
03/04/1980  0       9.5    23     -2     
04/04/1980  0       16     26     -1.5   
05/04/1980  0       15.5   25     5      
06/04/1980  0       14     25     5      
07/04/1980  0       17     25     5      
08/04/1980  0       11.5   23     0      
09/04/1980  0       12.5   25     0      
10/04/1980  0       9      27     2      
11/04/1980  0       2.8    26     8      
12/04/1980  0       11.5   16     8      
13/04/1980  0       7      8      -4     
14/04/1980  0       7      18     -6     
15/04/1980  0       13     24     -3     
16/04/1980  0       16     24     -1     
17/04/1980  0       11     23     1      
18/04/1980  0       11     22.5   2.5    
19/04/1980  0       10     23     4.5    
20/04/1980  0       7      22     7      
21/04/1980  0       11     22     10     
22/04/1980  0       15.5   23     3      
23/04/1980  0       13     24     9.5    
24/04/1980  0       17     21     4      
25/04/1980  0       16     23     1      
26/04/1980  0       14.5   23     -1     
27/04/1980  0       11     21     8      
28/04/1980  0       17     27     3      
29/04/1980  0       15     27     9      
30/04/1980  0       12     18.5   6      
01/05/1980  0       1.2    22.4   3      
02/05/1980  0       1.7    24.5   2      
03/05/1980  0       1.5    24     2      
04/05/1980  0       1.3    24     3      
05/05/1980  0       1.6    26     3      
06/05/1980  0       1.7    27     4      
07/05/1980  0       1      24.5   5.5    
08/05/1980  0       1.8    26.5   5      
09/05/1980  0       1.9    26     6      
10/05/1980  0       1.3    27     6      
11/05/1980  0       0.9    24.5   12.5   
12/05/1980  0       1.7    26.5   4.5    
13/05/1980  0       1.4    27.5   3      
14/05/1980  0       1.8    25.5   5.5    
15/05/1980  0       1.8    22     10     
16/05/1980  0       1.4    24     1      
17/05/1980  0       1.8    28     2.5    
18/05/1980  0       1.6    28     5.5    
19/05/1980  0       1.2    27.5   5.5    
20/05/1980  0       1.4    28     9.5    
21/05/1980  0       1.4    29.5   8.5    
22/05/1980  0       1.7    29.5   9.5    
23/05/1980  0       1.9    27     5.5    
24/05/1980  0       1.4    29     8      
25/05/1980  0       3.6    29.5   9      
26/05/1980  0       1.2    28     4      
27/05/1980  0       1.2    27.4   6      
28/05/1980  0       1.4    29     4.3    
29/05/1980  0       1.8    31.5   5.5    
30/05/1980  0       2      33     5.5    
31/05/1980  0       2      33     7      
01/06/1980  0       11     32     14     
02/06/1980  0       9      32.5   12.5   
03/06/1980  0       16     34     9      
04/06/1980  0       16.8   25     13     
05/06/1980  0       9      35     13     
06/06/1980  0       8.5    35     14.5   
07/06/1980  1       8.1    20.7   19     
08/06/1980  10      5.8    28.4   9      
09/06/1980  1.3     15.2   31     7.6    
10/06/1980  0       13.5   31     13.5   
11/06/1980  0       13.5   32     13.5   
12/06/1980  0       15     33     12.5   
13/06/1980  0       17     34     12     
14/06/1980  0       16     34.5   12.5   
15/06/1980  0       8.5    35     11.5   
16/06/1980  0       11.9   35     11.5   
17/06/1980  0       8.4    34     12     
18/06/1980  0       11     33.5   13     
19/06/1980  0       8.5    34     12     
20/06/1980  0       9.5    34     15     
21/06/1980  1.9     11.2   31     16     
22/06/1980  0.6     15.1   29.6   11     
23/06/1980  0       9      32     9      
24/06/1980  0       14.5   33     16.5   
25/06/1980  0       16.5   33     15.5   
26/06/1980  0       15.5   32     14     
27/06/1980  0       17     33     13     
28/06/1980  0       8.5    34     12.5   
29/06/1980  0       15     31     11.5   
30/06/1980  0.8     2.4    28     16     
01/07/1980  7.4     7      28     10     
02/07/1980  0.5     9.5    26     13.5   
03/07/1980  0       1.4    29     14.5   
04/07/1980  0       17     35     12     
05/07/1980  0       15     31     14     
06/07/1980  0.3     11.5   31     14.5   
07/07/1980  0       11     31     15.5   
08/07/1980  2.2     12.5   31     13     
09/07/1980  3.3     8      30     13     
10/07/1980  3       7      30     14.5   
11/07/1980  0       12     28     10     
12/07/1980  2.5     8      28     10.5   
13/07/1980  9       6      28.5   9.5    
14/07/1980  0       16     25     10.5   
15/07/1980  5.6     12     29.5   14     
16/07/1980  1.1     8.7    28.5   12     
17/07/1980  0.3     10     32     12.5   
18/07/1980  0       17     32.5   12     
19/07/1980  0       8      31.5   12.5   
20/07/1980  0.6     15     31.5   13.5   
21/07/1980  1.4     11     29     13     
22/07/1980  7.8     6.5    27     12.5   
23/07/1980  12.5    4.5    25.8   12     
24/07/1980  0       8      26     12     
25/07/1980  0       13     30     12.2   
26/07/1980  0       9      32     12     
27/07/1980  0       8.5    31.7   10     
28/07/1980  0       17.8   31.2   13     
29/07/1980  0       10     29.5   15     
30/07/1980  0       14     30     15     
31/07/1980  0       16     30.4   10.5   
01/08/1980  4.3     9.5    28.6   10     
02/08/1980  0       15     31     10.5   
03/08/1980  0       12     29.4   12     
04/08/1980  0       14     30.8   12.5   
05/08/1980  2.5     9      32     14.5   
06/08/1980  1.3     10     31     13     
07/08/1980  0       14.5   29.5   12     
08/08/1980  0       12     30     12.5   
09/08/1980  0       9      29     12     
10/08/1980  1.2     5.4    27     15     
11/08/1980  2.8     7      23.5   12     
12/08/1980  5.8     0.5    23     14.5   
13/08/1980  1.2     6      24.5   15.5   
14/08/1980  0       9      27     15     
15/08/1980  15.8    6      29     13     
16/08/1980  0       3      25     15     
17/08/1980  14.3    4      24     15     
18/08/1980  2.9     2      22.5   14     
19/08/1980  9       3      24.5   12     
20/08/1980  0       6      24     14.9   
21/08/1980  27.7    4      25     12.2   
22/08/1980  4.2     3      22     14     
23/08/1980  18.1    6.5    25.5   12     
24/08/1980  0.6     5      23     12     
25/08/1980  0       4.5    25.2   14     
26/08/1980  1.1     4      25.5   11.5   
27/08/1980  0       3.5    22.5   14     
28/08/1980  0.5     5.5    24     14     
29/08/1980  0       6      28     12     
30/08/1980  0       8.6    28     11.5   
31/08/1980  15.9    4      27.5   13     
01/09/1980  18.8    3.5    25     13     
02/09/1980  19.8    4      25.5   12.5   
03/09/1980  8.9     2      22.7   13.5   
04/09/1980  6.5     3      23     13.5   
05/09/1980  6.5     1      22     13.5   
06/09/1980  5.6     0.5    23     15     
07/09/1980  11.2    2      23     12     
08/09/1980  7.8     1.5    23     13.5   
09/09/1980  5.3     1.5    23.5   13     
10/09/1980  1.2     1.5    22.5   13     
11/09/1980  0.7     1      23.3   13     
12/09/1980  0       2      23.7   11.5   
13/09/1980  0.5     3.5    22.3   12.5   
14/09/1980  0       5      25     12     
15/09/1980  0       5      25     12     
16/09/1980  0       6      26     10     
17/09/1980  0       7      27     8.5    
18/09/1980  0       8.5    28     10     
19/09/1980  0       8      28     8.5    
20/09/1980  0       7      27.8   8      
21/09/1980  1.1     5.5    22.5   8.5    
22/09/1980  0.7     1      21.5   14     
23/09/1980  3.3     1      23     13     
24/09/1980  9.2     1.5    22     13     
25/09/1980  4.8     Nulo   18.5   13     
26/09/1980  9.3     0.5    18.3   13.5   
27/09/1980  28.6    1      19     14.5   
28/09/1980  22.8    Nulo   18     13.5   
29/09/1980  0       3      22     13.5   
30/09/1980  0       4      23     10.5   
01/10/1980  0       0.6    24     7      
02/10/1980  0       0.5    23     7      
03/10/1980  0       0.4    22     7.5    
04/10/1980  0       0.6    24     5.5    
05/10/1980  0       0.6    23.5   7      
06/10/1980  0       0.6    28     5.5    
07/10/1980  0       0.5    20.5   7      
08/10/1980  4.4     0.2    15     6      
09/10/1980  0       0.2    18.2   3.6    
10/10/1980  0       0.2    18     5      
11/10/1980  0       0.2    17     9      
12/10/1980  0       0.5    20     5.5    
13/10/1980  0       0.7    22     6      
14/10/1980  0.8     0.5    21.5   7      
15/10/1980  0       1      20     9.5    
16/10/1980  0       1.1    22     7.5    
17/10/1980  0       1      22     6.5    
18/10/1980  0       0.5    20.2   7.5    
19/10/1980  0       0.4    16.6   9      
20/10/1980  0       0.3    17.4   7      
21/10/1980  0       0.3    16.5   7.5    
22/10/1980  0       0.3    19.4   2.5    
23/10/1980  0       0.6    20     1      
24/10/1980  0       0.6    18.5   0      
25/10/1980  0       0.8    21.7   2      
26/10/1980  0       1.5    23     8.5    
27/10/1980  0       1.2    21     4.5    
28/10/1980  0       0.4    13     2      
29/10/1980  0       0.3    11     0      
30/10/1980  0       0.6    11     -2     
31/10/1980  0       0.3    11     1      
01/11/1980  0       4      22     1      
02/11/1980  0       4      20     1.5    
03/11/1980  0       7      22     -0.5   
04/11/1980  0       5.5    19.6   -2     
05/11/1980  0       5      20     -1     
06/11/1980  0       8      22.4   -1     
07/11/1980  0       8.3    23     2      
08/11/1980  0       6      23     1      
09/11/1980  0       6      23     -1.2   
10/11/1980  0       15     21.8   -1.6   
11/11/1980  0       6      23     4      
12/11/1980  0       7      22     1      
13/11/1980  0       9      22     3      
14/11/1980  0       17     22     0      
15/11/1980  2.6     6      23     -1     
16/11/1980  20.8    Nulo   4.5    1      
17/11/1980  0       Nulo   2      -5     
18/11/1980  0       0.5    0      -4     
19/11/1980  0       Nulo   5      -2.5   
20/11/1980  0       3.5    9.5    3      
21/11/1980  0       0.5    5      3.5    
22/11/1980  0       4      12     -3     
23/11/1980  0       3      13.6   -3.5   
24/11/1980  0       11     19     -3.5   
25/11/1980  0       3      7      -3     
26/11/1980  0       4      10     -3     
27/11/1980  0       4.5    11     -9     
28/11/1980  0       3      16     -6     
29/11/1980  0       7      18.5   -3.5   
30/11/1980  0       8      19     -3     
01/12/1980  0       8.5    18     2.5    
02/12/1980  0       6      17     -4     
03/12/1980  0       9      19     -3.5   
04/12/1980  0       9      20     -3.5   
05/12/1980  0       13     21     -3.5   
06/12/1980  0       13.5   21     2.5    
07/12/1980  9.5     Nulo   9.5    6      
08/12/1980  0       0.8    11     -2     
09/12/1980  0       0.3    7.5    -3     
10/12/1980  0       4      8      -6     
11/12/1980  0       3      8.5    -3.5   
12/12/1980  0       4      15     0      
13/12/1980  0       5      18.4   3      
14/12/1980  0       5      17.5   -0.5   
15/12/1980  0       3      15     2      
16/12/1980  0       5      17     -4     
17/12/1980  0       8      21     -4.5   
18/12/1980  0       5      20     -1.5   
19/12/1980  0       7      19     -1     
20/12/1980  0       7      7      -3     
21/12/1980  0       3      14     -3     
22/12/1980  0       8      19     -2.5   
23/12/1980  0       5      17     0.5    
24/12/1980  0       6      15     -1     
25/12/1980  0       3      16     -5     
26/12/1980  0       10     20     -4     
27/12/1980  0       8      20     -3.5   
28/12/1980  0       8      23     -4.5   
29/12/1980  0       8      19.2   -1.2   
30/12/1980  0       4      13     -0.8   
31/12/1980  0       8      20.8   -1.8   
01/01/1981  0       Nulo   17     -1.5   
02/01/1981  0       Nulo   16     -1.5   
03/01/1981  0       Nulo   15.4   -2.5   
04/01/1981  Nulo    Nulo   13     -0.5   
05/01/1981  4.8     Nulo   11     2      
06/01/1981  25.6    Nulo   8      6.5    
07/01/1981  1.6     Nulo   11     5.5    
08/01/1981  0       Nulo   13     3      
09/01/1981  0       Nulo   11     -1     
10/01/1981  0       Nulo   11.5   2      
11/01/1981  1       Nulo   9      4.5    
12/01/1981  13.5    Nulo   7      4.4    
13/01/1981  Nulo    Nulo   13     1      
14/01/1981  2.6     Nulo   9      4      
15/01/1981  Nulo    Nulo   11     3.5    
16/01/1981  1.9     Nulo   9.5    4.5    
17/01/1981  3.3     Nulo   7      1      
18/01/1981  1.4     Nulo   2.3    -4     
19/01/1981  0       Nulo   10     -0.8   
20/01/1981  0       Nulo   13     -3.5   
21/01/1981  Nulo    Nulo   8      -2.5   
22/01/1981  0       Nulo   8      -6.5   
23/01/1981  0       Nulo   13     -7     
24/01/1981  0       Nulo   18     -5     
25/01/1981  0       Nulo   17     1      
26/01/1981  7.2     Nulo   5      2      
27/01/1981  0       Nulo   14     -1.5   
28/01/1981  0       Nulo   19     -3     
29/01/1981  0       Nulo   16     -3     
30/01/1981  0       Nulo   4      2.5    
31/01/1981  0       Nulo   17     -3     
01/02/1981  0       1.7    13     -5     
02/02/1981  0       5      12     -6     
03/02/1981  0       7      12     -2.5   
04/02/1981  0       8.1    17     -4     
05/02/1981  0       9      18     -4.5   
06/02/1981  0       12     18     -2.5   
07/02/1981  0       11     17.4   1      
08/02/1981  0       11     18     -2.5   
09/02/1981  0       11     18     4      
10/02/1981  0       10     16     3      
11/02/1981  0       10     15     -6     
12/02/1981  0       9      20     -4     
13/02/1981  0       7      16     -1.5   
14/02/1981  0       9      20     -4     
15/02/1981  8.1     10     17.5   -3     
16/02/1981  0       1.5    12     -4.6   
17/02/1981  0       6.5    18.5   -1     
18/02/1981  0       10     19     1      
19/02/1981  0       8      19     -0.5   
20/02/1981  0.2     6      14     5      
21/02/1981  0       5      15     5      
22/02/1981  0       5      14     -2     
23/02/1981  0       10     16     -4     
24/02/1981  0       7      21     -1     
25/02/1981  0       12     19     5      
26/02/1981  0       9      21     6      
27/02/1981  0       5      16     9.5    
28/02/1981  0       6      14     9.2    
01/03/1981  0       11     17.5   0      
02/03/1981  4.3     5      14     1      
03/03/1981  0       4      8      4      
04/03/1981  0       9      12     -0.8   
05/03/1981  0       13     15     -1.5   
06/03/1981  0       13     12     1.5    
07/03/1981  0       7      15     -4.5   
08/03/1981  0       8      15     -5     
09/03/1981  0       10     18     -2     
10/03/1981  1       10     17     0.5    
11/03/1981  16.6    2      14.5   2      
12/03/1981  0       9      14.4   2.8    
13/03/1981  0       9      17     -0.6   
14/03/1981  0.8     10     20     0.6    
15/03/1981  5.1     9      17     2.5    
16/03/1981  0       3.5    13     5      
17/03/1981  0       11     18     3      
18/03/1981  0       12     20     4      
19/03/1981  0       13     23     -0.5   
20/03/1981  0       15.5   19     7.5    
21/03/1981  0       11     14     5      
22/03/1981  0       10.5   16     -1.5   
23/03/1981  0       10.5   18     -1     
24/03/1981  0       13     21     1.5    
25/03/1981  0       14     21.5   1      
26/03/1981  0       14.5   24     1.5    
27/03/1981  0       14     21     7      
28/03/1981  0       13     16     5.8    
29/03/1981  0       9      18     -1.5   
30/03/1981  0       15     24.5   -2.5   
31/03/1981  0       14.5   22     0      
01/04/1981  0       15.5   24     0.5    
02/04/1981  0       16.5   25     6.5    
03/04/1981  0       11.5   20.5   11.5   
04/04/1981  0       14.5   24     1      
05/04/1981  0       13.5   22     -0.5   
06/04/1981  0       11     24     8.5    
07/04/1981  0       10     18.5   4.5    
08/04/1981  0       8.5    23     4.5    
09/04/1981  0       9      23.6   3      
10/04/1981  0       8      24.3   4.5    
11/04/1981  0       7.5    24.5   4      
12/04/1981  0       7      28.5   4.5    
13/04/1981  0       6      25     7      
14/04/1981  7.3     3.5    24     12     
15/04/1981  0.5     4      14.5   8      
16/04/1981  2.1     0.5    17     9      
17/04/1981  0.5     0.5    21     5.5    
18/04/1981  0       2      22     5.5    
19/04/1981  0       4      23     2.5    
20/04/1981  0       0.9    23.5   4.5    
21/04/1981  8.1     3.5    20     10     
22/04/1981  3.5     0.2    16     5      
23/04/1981  0       7.4    14     1.5    
24/04/1981  0       3      15     3      
25/04/1981  0       1.2    22     2      
26/04/1981  0       10     25     4      
27/04/1981  0       15     27     6      
28/04/1981  0       11     24     2      
29/04/1981  0       13     27     5.5    
30/04/1981  11.7    15     24     7.5    
01/05/1981  8.7     2      22     4      
02/05/1981  4.5     4      17     9      
03/05/1981  0       8      21.4   6      
04/05/1981  0       7.8    24     6      
05/05/1981  0       11     27     7.5    
06/05/1981  0       8      26     5.5    
07/05/1981  0       1.2    26     5      
08/05/1981  0       1.1    25.5   5.5    
09/05/1981  0       1.4    23.5   4      
10/05/1981  0       11.7   23.5   2.6    
11/05/1981  0       10.5   26.2   6.5    
12/05/1981  0       1.1    27.5   4.5    
13/05/1981  0       12.8   28.5   9.5    
14/05/1981  0       13.5   27     4.5    
15/05/1981  0       9.6    25     7      
16/05/1981  0       9      25     9      
17/05/1981  0       17     26.5   10     
18/05/1981  0       11     27.5   3      
19/05/1981  0       Nulo   29     6.5    
20/05/1981  0       15     28     9      
21/05/1981  0       14     25     8.5    
22/05/1981  0       1.4    25     10     
23/05/1981  0       12     25     7      
24/05/1981  0       7      23     8.5    
25/05/1981  0       11     25     4.5    
26/05/1981  0       11     29.5   8.5    
27/05/1981  0.4     12     32     8.5    
28/05/1981  0       13     22.6   12     
29/05/1981  0       1.3    26.5   7.5    
30/05/1981  0       8.7    26.2   6      
31/05/1981  0       11     27.5   5.1    
01/06/1981  0       10     30     7      
02/06/1981  0       9      28     7      
03/06/1981  0       12     30     9.5    
04/06/1981  1.5     4      25.4   10.5   
05/06/1981  0       7.1    24.7   9.3    
06/06/1981  0       9      29.4   9      
07/06/1981  0       11.5   31.8   9.3    
08/06/1981  0       17     32.5   9.3    
09/06/1981  0       13     33.2   11.5   
10/06/1981  0       13     33     10     
11/06/1981  0       11     33     12.5   
12/06/1981  12      9      34     13.5   
13/06/1981  1.9     6      30     14     
14/06/1981  0       11     31     14.5   
15/06/1981  0       13     30     13     
16/06/1981  0       13     24     15.5   
17/06/1981  0       7      26.5   6.5    
18/06/1981  0       8      26     16.5   
19/06/1981  0       11     32     11     
20/06/1981  0       8      34     14     
21/06/1981  0       9.1    34     13     
22/06/1981  0       12     34     12     
23/06/1981  0.6     11     31.6   18.5   
24/06/1981  0       12     31     13     
25/06/1981  0.9     6      29     11.5   
26/06/1981  0       5.5    26.6   11     
27/06/1981  0       6      24.2   12.9   
28/06/1981  4.2     2      24.3   14.2   
29/06/1981  15      1      23.4   15.2   
30/06/1981  27      4      27     13     
01/07/1981  9.9     3      24     14.5   
02/07/1981  6.7     1      26.6   13     
03/07/1981  0       6      28     13.5   
04/07/1981  0.7     6      28.5   14     
05/07/1981  1.2     8      28     14.6   
06/07/1981  0       6      27     13     
07/07/1981  0       11     28     10     
08/07/1981  0       9      29     15.5   
09/07/1981  5       2      22     17     
10/07/1981  0.8     4      26     15     
11/07/1981  0       8      28     11.5   
12/07/1981  0       1      28     12     
13/07/1981  4       9      28.5   11     
14/07/1981  0.4     6      29     14.5   
15/07/1981  10.6    4      28.2   13     
16/07/1981  5.2     6      27.4   15     
17/07/1981  1.8     5.4    29     13     
18/07/1981  7       0.5    28.2   13     
19/07/1981  0       0.7    29     12.5   
20/07/1981  19.4    4      28.5   13.5   
21/07/1981  3.6     7.5    29.5   12.5   
22/07/1981  0       7      31     12.5   
23/07/1981  0.5     8      31     13     
24/07/1981  26.8    5      31     15     
25/07/1981  0.9     8      30     11     
26/07/1981  0.9     8      29     11     
27/07/1981  9.6     2.5    26     13.5   
28/07/1981  22.7    4      26     13.5   
29/07/1981  1.6     2      24     15     
30/07/1981  4.9     0.1    27     14.5   
31/07/1981  26      3      27     14.5   
01/08/1981  0       5      29     12     
02/08/1981  0       8.5    29.2   13.5   
03/08/1981  7.2     2.8    27.5   13.5   
04/08/1981  2.7     5.6    28     13.7   
05/08/1981  0.3     5.6    27.4   12.6   
06/08/1981  3.2     3      26.5   13.4   
07/08/1981  19.5    2.2    24.5   13.8   
08/08/1981  22.7    2      22.6   13.8   
09/08/1981  0       2.7    22.8   13     
10/08/1981  2       2.4    23.5   13.6   
11/08/1981  0.8     3.8    24     15.5   
12/08/1981  16.9    0.8    24     12.4   
13/08/1981  21      0.2    23     13     
14/08/1981  19.8    1.4    23.5   12.6   
15/08/1981  9.4     2.1    24     13.5   
16/08/1981  0.8     3.5    24.5   13.8   
17/08/1981  5       2.1    24     15     
18/08/1981  0.5     3      22     12.6   
19/08/1981  10.8    1      23.5   14.5   
20/08/1981  0       4.5    25     15.5   
21/08/1981  0       4      25     14     
22/08/1981  1.1     4      28     13     
23/08/1981  0       5      25     12.5   
24/08/1981  0       5      26     9      
25/08/1981  0       3.5    25     8.5    
26/08/1981  0       6      26     9      
27/08/1981  0       7      24     10.5   
28/08/1981  0       6      24     10.5   
29/08/1981  0       6      26     9.5    
30/08/1981  0       7      28     12.5   
31/08/1981  0       0.8    29     13     
01/09/1981  6.6     2      26     14     
02/09/1981  0       5      25.3   13.6   
03/09/1981  0       7      27     12     
04/09/1981  21.3    3      26.5   10.5   
05/09/1981  5       0.2    21.5   13     
06/09/1981  34      2      25.5   13     
07/09/1981  12.2    0.6    23     15     
08/09/1981  37      Nulo   20.5   14.5   
09/09/1981  6.2     2      22.5   13     
10/09/1981  12.9    2      23.5   12.5   
11/09/1981  6.4     2      24.2   12.6   
12/09/1981  43.1    2      24.5   12     
13/09/1981  5.2     2      25.5   10.5   
14/09/1981  0       5      26     10.5   
15/09/1981  0       5      25     11     
16/09/1981  0       4      23.5   13.5   
17/09/1981  0       4      21.5   10     
18/09/1981  0       8      21.8   11.5   
19/09/1981  0       3.7    22.7   8.5    
20/09/1981  0       6.5    23.4   9.5    
21/09/1981  1.1     2      18.5   13     
22/09/1981  0       5.5    24     13.5   
23/09/1981  0       8      26.5   8.3    
24/09/1981  0       5      27     8      
25/09/1981  0       7      28     8      
26/09/1981  0       6      27     7      
27/09/1981  0       6      27     8.5    
28/09/1981  0       7      24     7.5    
29/09/1981  0       6      25     6.5    
30/09/1981  0       6      24.5   9.5    
01/10/1981  0       5      24     12.5   
02/10/1981  0       4      23.5   12     
03/10/1981  0       7      26.5   10     
04/10/1981  18      2      24     8.5    
05/10/1981  4.8     1      18.5   11.5   
06/10/1981  0       1      17     11.5   
07/10/1981  28.6    2.2    16     12.2   
08/10/1981  4.4     3.9    20.7   11.8   
09/10/1981  0       8.2    23     8      
10/10/1981  0       5      22.6   8.2    
11/10/1981  0       3.3    21.5   11.2   
12/10/1981  0       3.5    18     8.2    
13/10/1981  0       4      22.5   6.5    
14/10/1981  0       7      23.5   5      
15/10/1981  0       7.8    23.8   6.5    
16/10/1981  0       7      24.5   1.6    
17/10/1981  0       6      23.4   2.5    
18/10/1981  0       5      21     3      
19/10/1981  3.4     2      19     9.5    
20/10/1981  0       4      21     10.5   
21/10/1981  1.5     8      23     4.5    
22/10/1981  2.3     2      18     9      
23/10/1981  2.3     Nulo   10     8.2    
24/10/1981  0       6      19.4   5.2    
25/10/1981  0       6      19.2   4.5    
26/10/1981  0       5      19.5   1      
27/10/1981  0       5      23     2      
28/10/1981  0       5      25     2.5    
29/10/1981  0       8      25     5.5    
30/10/1981  0       7      24     2.5    
31/10/1981  0       7      20     3      
01/11/1981  0       4      16     -2.5   
02/11/1981  0       4      17     -3     
03/11/1981  0       2.2    21     -0.5   
04/11/1981  0       4.4    21     -2     
05/11/1981  0       4.9    21.2   3.1    
06/11/1981  0       5.2    21.6   2.9    
07/11/1981  0       5.8    21.2   -1.2   
08/11/1981  0       4.5    17     -0.6   
09/11/1981  0       1      15     1      
10/11/1981  0       2      16     -3.5   
11/11/1981  0       4      16     -1.5   
12/11/1981  0       4      19     -1.5   
13/11/1981  0       3      19     -2.5   
14/11/1981  0       8      23     -2     
15/11/1981  0       7      24     -2     
16/11/1981  0       7      24.5   -1.5   
17/11/1981  0       6      26     -0.6   
18/11/1981  0       12.2   24.5   -2.5   
19/11/1981  0       4      19     -1.5   
20/11/1981  0       5      19.5   -4     
21/11/1981  0       10     21     -2.5   
22/11/1981  0       10     23     -2.5   
23/11/1981  0       6      21.5   -3.5   
24/11/1981  0       9      24.5   -3     
25/11/1981  0       9      22.5   0      
26/11/1981  0       15     19.5   -1     
27/11/1981  0       14     20     5      
28/11/1981  0       17     21     6      
29/11/1981  0       12     18.5   4.8    
30/11/1981  0       6      16     5      
01/12/1981  0       9      18.5   -3     
02/12/1981  0       5      20     -5     
03/12/1981  0       9      23.2   -4.5   
04/12/1981  4.2     6      17     3      
05/12/1981  0.2     5      17     7.5    
06/12/1981  0       7      15     0.8    
07/12/1981  0       4      17.4   -1.6   
08/12/1981  0       2      17     -4     
09/12/1981  0       4      16.4   -4     
10/12/1981  0       3      21     -2     
11/12/1981  0       7      22     -3     
12/12/1981  0       9      20     2      
13/12/1981  0       8      17     6      
14/12/1981  0       2      14     -3     
15/12/1981  0       6      18     -5.5   
16/12/1981  0       8      20     -4     
17/12/1981  0       3.2    18     -1.5   
18/12/1981  0       7.1    16.3   -4.5   
19/12/1981  0       14     21.5   -4.5   
20/12/1981  0       11     21     1      
21/12/1981  0       14     23     2      
22/12/1981  0       9      18.5   7      
23/12/1981  0       7      17     -2.6   
24/12/1981  0       5      11.5   -2.5   
25/12/1981  0       12     18     -6     
26/12/1981  0       1.5    18.5   0      
27/12/1981  0       1.1    22     -2     
28/12/1981  0       5.5    20.2   -2     
29/12/1981  0       7.3    17     -3     
30/12/1981  0       10     18.2   -2     
31/12/1981  0       12.5   19     -0.7   
01/01/1982  0       3.5    19     -1.8   
02/01/1982  0       18     16     4.5    
03/01/1982  0       9      14.5   4.4    
04/01/1982  0       6      16     -6.5   
05/01/1982  0       11     20     -5     
06/01/1982  0       18     19.5   1.5    
07/01/1982  0       10     18.5   -1     
08/01/1982  0       5      10.5   0      
09/01/1982  0       8      19     4      
10/01/1982  9.5     1      16     4.5    
11/01/1982  25      Nulo   10     7.5    
12/01/1982  0       10     14.5   4.5    
13/01/1982  0       12     11     3.4    
14/01/1982  0       5      15     -7.5   
15/01/1982  0       7      17.5   -1     
16/01/1982  0       7      20     -3     
17/01/1982  0       13     23     -3     
18/01/1982  0       12.8   21     3.5    
19/01/1982  0.4     10     19.5   5      
20/01/1982  0       6.8    12     6      
21/01/1982  0       14.5   16.5   4      
22/01/1982  0       12     16.5   5      
23/01/1982  0       6      20.5   -3.5   
24/01/1982  0       12     22     -4.5   
25/01/1982  0       9      19.5   0.5    
26/01/1982  0       9      19     -2.5   
27/01/1982  0       12     20     -1     
28/01/1982  0       17     22     -1     
29/01/1982  0       18     15.5   2      
30/01/1982  0       7      10     -4     
31/01/1982  0       4      11     -8.5   
01/02/1982  0       9      15     -2     
02/02/1982  0       5      14     -2     
03/02/1982  0       12     16.5   -4.5   
04/02/1982  0       16     18.5   -0.5   
05/02/1982  0       5      20     1      
06/02/1982  0.5     5      16     0      
07/02/1982  0       12     18.5   2      
08/02/1982  0       13     16     5      
09/02/1982  0       10     19     -1.2   
10/02/1982  0       12     18     3.5    
11/02/1982  0       10     20     -0.8   
12/02/1982  0       6.6    13     -1.5   
13/02/1982  0       5.7    14     2.6    
14/02/1982  0       9.3    19.6   -3.6   
15/02/1982  0       5.9    18.5   1.6    
16/02/1982  0       13     22     -1     
17/02/1982  0       4.1    22     -0.7   
18/02/1982  0       12.7   21     4.5    
19/02/1982  4.3     9.2    16.5   -0.3   
20/02/1982  0       5.5    14.9   1      
21/02/1982  0       8.8    17     -0.7   
22/02/1982  0       9.1    20     0.2    
23/02/1982  0       14.4   24     0      
24/02/1982  0       6      16.4   5      
25/02/1982  0       16     17.8   2      
26/02/1982  0       4.3    9.7    3.4    
27/02/1982  0       12.8   15.9   -2.5   
28/02/1982  0       12.8   19     2.3    
01/03/1982  0       13     19.5   0.5    
02/03/1982  0       15     19     5      
03/03/1982  0       8      21     5      
04/03/1982  0       15     21     5.5    
05/03/1982  0       9.9    20     -0.5   
06/03/1982  0       9      15     -1     
07/03/1982  0       8      11.5   -4     
08/03/1982  0       9      23.5   -7     
09/03/1982  0       10     24     0.5    
10/03/1982  0       11     24     3      
11/03/1982  0       8      24.5   2      
12/03/1982  0       8      24     7.5    
13/03/1982  0       10     21     6      
14/03/1982  0       14     23     1      
15/03/1982  0       14     22     10     
16/03/1982  0       8      22.5   7.5    
17/03/1982  0       11.9   24.5   5      
18/03/1982  0       12     25     9      
19/03/1982  0       10     25     6      
20/03/1982  0       9      24     -0.5   
21/03/1982  0       17     24     3.5    
22/03/1982  0       9      24.5   0.5    
23/03/1982  0       17     24     -6     
24/03/1982  0       16     24     5.5    
25/03/1982  0       14     23     1.5    
26/03/1982  0       12.8   22     4      
27/03/1982  0       17.1   20     4      
28/03/1982  0       14.5   24     2.2    
29/03/1982  0       9      21     9.5    
30/03/1982  0       14     23     4.5    
31/03/1982  0       16     26.5   1      
01/04/1982  0       13     26.5   10     
02/04/1982  0       10     24.5   10     
03/04/1982  0       13     26     4.5    
04/04/1982  0       11     27     4      
05/04/1982  0       7      27     7.8    
06/04/1982  0       11     28     4.5    
07/04/1982  0       13     24     9.5    
08/04/1982  0       7      24     8.5    
09/04/1982  0       5      22.5   9      
10/04/1982  0       3      24     5      
11/04/1982  0       5      28.6   3      
12/04/1982  0       12     29     8      
13/04/1982  0       5      28     10     
14/04/1982  0       13     27     8.8    
15/04/1982  0       14     25     6      
16/04/1982  0       6      26.5   4      
17/04/1982  0       5.4    28.9   3      
18/04/1982  0       9      27.5   5      
19/04/1982  0       7.5    25.5   4      
20/04/1982  0       5      25     4      
21/04/1982  0       3      23     8      
22/04/1982  1.1     2      16     4      
23/04/1982  0       5      15.5   5.5    
24/04/1982  0       5      23     2.5    
25/04/1982  0       3      24     2.5    
26/04/1982  0       2      25.5   0      
27/04/1982  0       3      25     6.5    
28/04/1982  0       1      25     5      
29/04/1982  0       8      22     9.5    
30/04/1982  0       8      22     4      
01/05/1982  0       9      19     6      
02/05/1982  0       9      22.5   10.5   
03/05/1982  0       14     27     6      
04/05/1982  0       9      23.5   9      
05/05/1982  0       12     22     7.5    
06/05/1982  0       10     22     1      
07/05/1982  0       13     24     1      
08/05/1982  0       10     24.5   4      
09/05/1982  0       15     25     2      
10/05/1982  0       9.2    26     0.4    
11/05/1982  0       11     25.5   6.6    
12/05/1982  0       15     22.5   11     
13/05/1982  0       11     22     0.5    
14/05/1982  0       11     25     -1     
15/05/1982  0       12     29     1      
16/05/1982  0       15     28.5   7      
17/05/1982  0       8      29     2.5    
18/05/1982  0       10     29     4      
19/05/1982  0       16     28     5      
20/05/1982  0       10.9   25     10     
21/05/1982  0       13     29     7.5    
22/05/1982  0       13     27     7.5    
23/05/1982  0       12     28.5   5      
24/05/1982  0       15     28     7.5    
25/05/1982  0       14     30     8.5    
26/05/1982  0       2      30     8      
27/05/1982  0       15.5   30     11     
28/05/1982  0       10.7   28     5      
29/05/1982  0       17.5   30.8   7      
30/05/1982  0       9      31     8.5    
31/05/1982  0       15     32     6      
01/06/1982  0       9      34     8      
02/06/1982  0       10     31     10     
03/06/1982  0       12     32     8      
04/06/1982  0       12     34     6      
05/06/1982  0       11     35     7      
06/06/1982  0       8      35     9      
07/06/1982  0       14     32     8      
08/06/1982  0       8      33     11     
09/06/1982  0       8      32     10     
10/06/1982  0       14     32.5   10     
11/06/1982  0       8      32     10     
12/06/1982  0       14.5   31     11     
13/06/1982  0       14     33     10.4   
14/06/1982  0       12.3   31     11.5   
15/06/1982  0       16.5   31     9.4    
16/06/1982  0       10     34     9      
17/06/1982  0       17     34     13     
18/06/1982  0       15     32     9      
19/06/1982  0       13     30.5   12     
20/06/1982  0.5     10     29.5   16     
21/06/1982  0       13     30     8      
22/06/1982  0       13     31     9.5    
23/06/1982  0       16     34     9      
24/06/1982  0       16     33     10.5   
25/06/1982  0       2      34     9      
26/06/1982  0       8.5    33.2   10     
27/06/1982  0       9.5    34.5   13     
28/06/1982  0       8      33.5   13.2   
29/06/1982  0       13     31     15     
30/06/1982  0.3     6.8    29.9   13     
01/07/1982  0       9.5    28.5   13.1   
02/07/1982  1.1     6.2    27     12     
03/07/1982  0       8      26     12     
04/07/1982  0       8      26     14.2   
05/07/1982  0.8     5      26     13     
06/07/1982  0       11     29     8.5    
07/07/1982  15.4    6      28     14     
08/07/1982  1.2     4      29.5   15     
09/07/1982  13.3    7      29     14.5   
10/07/1982  0       12     30     13.5   
11/07/1982  16.5    5      30     14     
12/07/1982  0       7      28     13.5   
13/07/1982  0       10     28     11.5   
14/07/1982  0       10     30     11.5   
15/07/1982  0       1.1    33     14     
16/07/1982  0.9     10     33     13.5   
17/07/1982  1       11     30     12     
18/07/1982  2.9     9      30     14     
19/07/1982  0.5     8      28     12     
20/07/1982  0       7      28     12.5   
21/07/1982  0       8.5    28     12     
22/07/1982  0.5     9.5    29     11.5   
23/07/1982  16.3    8      28.5   11.6   
24/07/1982  9.5     4      28     14     
25/07/1982  11.3    3      26     11     
26/07/1982  1.8     5      30     12.5   
27/07/1982  0       8      29.5   12.5   
28/07/1982  1.5     9      31     14.5   
29/07/1982  2.9     9      30     13.5   
30/07/1982  2       5      28.5   13.5   
31/07/1982  0.9     6      29     13     
01/08/1982  3.7     7      29     14     
02/08/1982  1.5     7      29     14.5   
03/08/1982  8       4      29.5   14     
04/08/1982  11.1    4      28     14     
05/08/1982  18.6    3      25     12.5   
06/08/1982  0       6      27     13     
07/08/1982  0       7      28     13     
08/08/1982  0       6.8    27.5   11.5   
09/08/1982  37.6    2      23.6   12.2   
10/08/1982  8.1     0.9    22.4   13.4   
11/08/1982  3.5     1      23.5   13.5   
12/08/1982  2       5      26     13.5   
13/08/1982  1.9     5      27     13.8   
14/08/1982  0       6      28     11.5   
15/08/1982  0       6      27     14     
16/08/1982  0       9      27.5   15     
17/08/1982  0       8      29     12.5   
18/08/1982  0       7      27.5   11.5   
19/08/1982  0       5      28     13     
20/08/1982  0.7     6      27.5   13     
21/08/1982  0       7      26     12     
22/08/1982  1       6      26.5   10     
23/08/1982  3.1     5      27.5   13.5   
24/08/1982  0       8      27.5   13.5   
25/08/1982  8.2     6      28.5   11.5   
26/08/1982  6.8     6      28     13     
27/08/1982  0       7      27     13.5   
28/08/1982  2.8     7      28     12.5   
29/08/1982  0       6.8    26.5   14     
30/08/1982  0       7      29     11     
31/08/1982  0.3     7      28     10     
01/09/1982  1.7     5      28     11     
02/09/1982  0       8.5    27     12     
03/09/1982  0       7      27.5   10.4   
04/09/1982  0       7.5    26     10.4   
05/09/1982  0       9      26.5   8.7    
06/09/1982  0       6      25     9      
07/09/1982  8.1     1      27.5   9.4    
08/09/1982  13.5    5      25.5   13.4   
09/09/1982  6.6     4      25     13.5   
10/09/1982  0       6      25     13.4   
11/09/1982  0       5      23     9.4    
12/09/1982  0       6      23.5   9      
13/09/1982  0       7      26     7.4    
14/09/1982  0       9      27.5   5.5    
15/09/1982  0       9      29     7.5    
16/09/1982  0       9      28     9      
17/09/1982  0       7      27.5   9      
18/09/1982  0       8      25     8.5    
19/09/1982  0       8      28     8.5    
20/09/1982  0       9      27.5   9      
21/09/1982  0       6      24     9.4    
22/09/1982  0       7      26     11     
23/09/1982  0       9      27.5   8      
24/09/1982  0       10.2   28.4   6      
25/09/1982  0       10     28     5.5    
26/09/1982  0       10.8   29     6      
27/09/1982  0       12.7   26.5   13     
28/09/1982  0       8      26.5   11.4   
29/09/1982  13.4    11.1   20.5   10.2   
30/09/1982  0.4     4.3    22     13.7   
01/10/1982  0       6.5    26     7      
02/10/1982  0       9.7    28     6.5    
03/10/1982  0.7     8.1    26     7.5    
04/10/1982  0       8.9    26.5   8      
05/10/1982  0       8      27.5   7      
06/10/1982  1.6     6.5    29     7      
07/10/1982  0       11     28     9.7    
08/10/1982  0       12.5   26     4.4    
09/10/1982  0       8      27     1      
10/10/1982  0       18     27     2.5    
11/10/1982  0       10.3   23.2   5      
12/10/1982  0       8      23     -0.5   
13/10/1982  0       10     22.5   -1.5   
14/10/1982  0       5      21     -0.5   
15/10/1982  0       6      23     2.5    
16/10/1982  0       8      24     5.5    
17/10/1982  0       9      26.5   4      
18/10/1982  0       9      27     5.5    
19/10/1982  0       8      26     4      
20/10/1982  0       9      24.4   2.5    
21/10/1982  0       8      24     1.5    
22/10/1982  0       7      23     2      
23/10/1982  0       7      24.4   3      
24/10/1982  0       8      24     2.5    
25/10/1982  0       9      26     2.5    
26/10/1982  0       9      27     2      
27/10/1982  0       9      25     4      
28/10/1982  0       8      22     -0.5   
29/10/1982  0       9      24.5   -2     
30/10/1982  0       13     26     0      
31/10/1982  0       13     24.5   1.5    
01/11/1982  0       8      23     5.5    
02/11/1982  0       11     22     -1     
03/11/1982  0       2      12.5   -0.5   
04/11/1982  0       5.6    14.6   -8.5   
05/11/1982  0       9.2    21.5   -6.5   
06/11/1982  0       8.6    23     -3.2   
07/11/1982  0       8      22.5   -2.5   
08/11/1982  0       9      19     -1     
09/11/1982  1.2     2      19     3      
10/11/1982  2.3     Nulo   18     7      
11/11/1982  0       8.5    20.5   5.5    
12/11/1982  0       4      13     -1     
13/11/1982  0       1.1    24     -5.5   
14/11/1982  0       10     22     5      
15/11/1982  0       9      19     -2.5   
16/11/1982  0       6      19     4      
17/11/1982  0       4.5    17.2   6      
18/11/1982  0       3.5    14     6      
19/11/1982  0       8      18     -3.5   
20/11/1982  0       10     19.5   -3     
21/11/1982  0       7.4    21.5   -3     
22/11/1982  0       10     22     -3.5   
23/11/1982  0       10     18     1      
24/11/1982  3.3     Nulo   8      3.5    
25/11/1982  11.7    8.5    4.8    0      
26/11/1982  0       1.7    8.5    0.8    
27/11/1982  0       6.3    12.3   0.8    
28/11/1982  0       6      15     -3.5   
29/11/1982  0       4.5    17     -2     
30/11/1982  0       14     18     -2     
01/12/1982  1       12     15     4.5    
02/12/1982  1.7     Nulo   4.5    4      
03/12/1982  0       2      6      -7     
04/12/1982  0       4      15     -8.5   
05/12/1982  0       2      17.5   -8     
06/12/1982  0       3      15.5   -6     
07/12/1982  0       7.5    18.5   -6     
08/12/1982  47.3    2      12.5   0      
09/12/1982  7.8     5      12.5   -6.8   
10/12/1982  0       2.5    16.1   -6     
11/12/1982  0       2.5    13     -1.8   
12/12/1982  0.4     Nulo   6      2.5    
13/12/1982  0       4      16     1      
14/12/1982  0       4      14     -1.5   
15/12/1982  0       3      13.3   -4     
16/12/1982  0       5      10     -4.5   
17/12/1982  0       5      19.5   -4.5   
18/12/1982  0       6.5    21.7   -3.5   
19/12/1982  0       5.2    17.5   -5     
20/12/1982  0       Nulo   20     -5     
21/12/1982  0       3      18     -3.5   
22/12/1982  0       4      15     -1     
23/12/1982  0       1.1    17.5   -1     
24/12/1982  10      0.9    12.4   2      
25/12/1982  3.2     4      1      -3     
26/12/1982  2       Nulo   1      -5     
27/12/1982  0       5      5      -14.5  
28/12/1982  0       2.5    11     -7     
29/12/1982  0       5      11     -6     
30/12/1982  0.5     2      9.5    -2     
31/12/1982  2.2     5      6.5    0.5    
01/01/1983  0       0.1    4.5    -8.5   
02/01/1983  0       0.4    6      -5.5   
03/01/1983  0       0.1    9      -8.5   
04/01/1983  0       1      14     -8.5   
05/01/1983  0       3      15.5   -7.5   
06/01/1983  0       8      18     -7     
07/01/1983  0       4      16.5   -5     
08/01/1983  0       3      15.5   -4.5   
09/01/1983  0       3      18.5   -7.5   
10/01/1983  0       3      17     -6     
11/01/1983  0       4.5    15.5   -3     
12/01/1983  1.2     5      14.7   -1     
13/01/1983  0.8     0.2    11.2   2.5    
14/01/1983  5.5     Nulo   10     4.5    
15/01/1983  0       Nulo   5      2.5    
16/01/1983  0.3     0.4    13     2.5    
17/01/1983  0       7.2    15     3      
18/01/1983  0       3.5    16     -1.9   
19/01/1983  2       1.3    13.5   1      
20/01/1983  0.7     3      7      0      
21/01/1983  0       6      5      -5.5   
22/01/1983  0       4      10.5   -9.5   
23/01/1983  0       4.5    12.5   -6     
24/01/1983  0       4.5    14.5   -4.5   
25/01/1983  0       7.5    17     -4     
26/01/1983  0       3.5    17.5   -6     
27/01/1983  0       1.4    22.5   -3.5   
28/01/1983  0       1.4    18     1.5    
29/01/1983  0       12     21     -2     
30/01/1983  8.9     Nulo   15     -4     
31/01/1983  0       5      8      0      
01/02/1983  0       Nulo   9      -2.5   
02/02/1983  0       2      11     -6.5   
03/02/1983  0       1      15     -2     
04/02/1983  2       4      10     3      
05/02/1983  0       3.5    13.5   -2     
06/02/1983  0       3.7    12     -3     
07/02/1983  0       7.7    16.3   -5.7   
08/02/1983  0       8.5    19     -3.8   
09/02/1983  0       5.5    18.5   -2     
10/02/1983  0       5      17.5   -4.5   
11/02/1983  0       5      14.5   -3     
12/02/1983  0       5      14.5   -7     
13/02/1983  0       9.5    21     -4     
14/02/1983  0       9      15     -6     
15/02/1983  0       3.5    14.5   -6     
16/02/1983  0       9      21     -5     
17/02/1983  0       5.5    18     -2     
18/02/1983  0       1      21     -3.5   
19/02/1983  0       1.4    20     5      
20/02/1983  0       4      14.5   -3     
21/02/1983  0       7      18.5   -7     
22/02/1983  0       6      18     -6     
23/02/1983  0       9      21     -4.5   
24/02/1983  0       1      18     0.5    
25/02/1983  0       7      16     -3     
26/02/1983  0       8      17     -2     
27/02/1983  0       7.8    17.5   -3     
28/02/1983  0       1.1    20.5   -1.5   
01/03/1983  0       16     23.5   -2.9   
02/03/1983  0.4     9.5    19.5   1.4    
03/03/1983  32.5    Nulo   8      2.5    
04/03/1983  8.4     Nulo   7.5    -0.5   
05/03/1983  0       Nulo   9      -1.5   
06/03/1983  0       4      16     -2.5   
07/03/1983  0       7.5    18     -3     
08/03/1983  0       5.5    18     -2     
09/03/1983  0       9      18.5   -1     
10/03/1983  0       9      21     -2     
11/03/1983  1.3     8      23     0.5    
12/03/1983  0       5      18.5   4      
13/03/1983  0       9.5    19     1      
14/03/1983  0       15     22     2      
15/03/1983  0       12     16     3      
16/03/1983  0       9      14     -3.5   
17/03/1983  0       15     22     -6     
18/03/1983  0       18     20     2      
19/03/1983  0       10.5   13     3      
20/03/1983  0       6.5    16     -4     
21/03/1983  0       15     19.5   -4     
22/03/1983  0       13     19     3.6    
23/03/1983  0       14     17     -2.5   
24/03/1983  0       13     21     -2     
25/03/1983  0       17.7   17.5   4.5    
26/03/1983  0       13.4   12     -2.5   
27/03/1983  0       7.6    19     -5.5   
28/03/1983  0       2.3    23.5   -4.5   
29/03/1983  0       12.6   21.9   -1     
30/03/1983  0       16     23.5   0      
31/03/1983  0       13     26.6   0      
01/04/1983  0       1.5    24.2   8      
02/04/1983  0       1.1    25     -1.4   
03/04/1983  0       2.3    23.3   5      
04/04/1983  0       1.4    19     8      
05/04/1983  0       1.3    18     2      
06/04/1983  0       6      17.5   4.1    
07/04/1983  5.6     1.2    7.5    0      
08/04/1983  0       8.8    9.5    -2     
09/04/1983  0       6      14.5   -3     
10/04/1983  0       1      24     -3     
11/04/1983  0       1.2    22     5.5    
12/04/1983  0       1.4    19     5      
13/04/1983  0       8      18.5   1      
14/04/1983  0       8      18     -3     
15/04/1983  0       8      21     -3     
16/04/1983  0       8.5    23     -1     
17/04/1983  0       6      27     -0.5   
18/04/1983  0       1.3    26.5   1      
19/04/1983  0       9      26     0      
20/04/1983  0       9      23     -1     
21/04/1983  0       7.5    24     1      
22/04/1983  0       7.5    22.5   1      
23/04/1983  0       6.5    23.5   -1     
24/04/1983  0       8      26.5   0      
25/04/1983  0       8      25     4      
26/04/1983  0       7      24     7      
27/04/1983  0       6      26     -1     
28/04/1983  0       6.5    28.5   3      
29/04/1983  0       6.5    28     6      
30/04/1983  0       7.5    30     4      
01/05/1983  0       8      30     7      
02/05/1983  0       7.5    25     6      
03/05/1983  0       7      22.5   0      
04/05/1983  0       7.5    23     2.5    
05/05/1983  0       7      27     -0.5   
06/05/1983  0       6      28     5      
07/05/1983  0       6      28     3      
08/05/1983  0       9      29     4      
09/05/1983  0       16.3   26.5   1      
10/05/1983  0       13.5   25.5   0.3    
11/05/1983  0       8.5    27     -0.2   
12/05/1983  0       9.5    27     -1     
13/05/1983  0       10     26     0      
14/05/1983  0       15     25     2      
15/05/1983  0       15     24     0      
16/05/1983  0       10     28     2      
17/05/1983  0       10     26.5   5      
18/05/1983  0       10     27.5   1      
19/05/1983  0       12     28     0.5    
20/05/1983  0       14     26     0.5    
21/05/1983  0       14     27.5   1      
22/05/1983  0       14     30     4      
23/05/1983  0       14.8   30.5   4      
24/05/1983  1.6     9.6    27     9.5    
25/05/1983  2.1     8.4    27     8      
26/05/1983  5.9     1      26.5   12.1   
27/05/1983  0       5.5    26.5   9      
28/05/1983  0       5      26.5   8.5    
29/05/1983  0       5      26.5   7      
30/05/1983  2.7     15     28.5   7      
31/05/1983  0       13     29     8      
01/06/1983  0       Nulo   28.5   8      
02/06/1983  0       Nulo   29     5.5    
03/06/1983  0       Nulo   30     6.5    
04/06/1983  0       Nulo   30.8   7.9    
05/06/1983  0       Nulo   28.3   6      
06/06/1983  0       Nulo   31     6.7    
07/06/1983  0       Nulo   32     7      
08/06/1983  0       Nulo   33.5   10.5   
09/06/1983  0       Nulo   32.3   5.8    
10/06/1983  0       Nulo   31.8   12     
11/06/1983  0       Nulo   33     11     
12/06/1983  0       Nulo   31     10.5   
13/06/1983  0       Nulo   28     11     
14/06/1983  0       1.2    31     11     
15/06/1983  1.9     0.6    28     11.2   
16/06/1983  0       1      28.5   9.5    
17/06/1983  0       1.5    32     7.2    
18/06/1983  0       1.5    32     9      
19/06/1983  0       1      33.6   9.5    
20/06/1983  1.8     1.2    34     10.8   
21/06/1983  1.1     1      32     10     
22/06/1983  4.8     0.8    28     14.3   
23/06/1983  0.3     0.7    27     12.5   
24/06/1983  0       1.1    28     8.5    
25/06/1983  0       1.2    23     8.5    
26/06/1983  0       1.4    31     8      
27/06/1983  0       1.2    30     11.8   
28/06/1983  0       5.7    30.5   5      
29/06/1983  0       0.9    32     5.1    
30/06/1983  0       1.6    33     13     
01/07/1983  0       12.5   32     13     
02/07/1983  0       14.2   35     12     
03/07/1983  0       13.7   31.3   9      
04/07/1983  0       14.8   33.5   13.9   
05/07/1983  4.1     11.7   31     14     
06/07/1983  0       11.5   25.5   11.5   
07/07/1983  0       11.5   28     14.2   
08/07/1983  7.8     14.7   30     11     
09/07/1983  0       12.5   29.5   12     
10/07/1983  0.5     13.4   30.5   11     
11/07/1983  0       11.4   30     11.3   
12/07/1983  1       7.6    28     13     
13/07/1983  0       10     29     10     
14/07/1983  0       11     29     13     
15/07/1983  0       1.3    29     14     
16/07/1983  0       12.5   32     15     
17/07/1983  0       1.3    31     12     
18/07/1983  0       10     30.5   15     
19/07/1983  31.5    8.7    28.4   14.4   
20/07/1983  24      5.5    26.6   14     
21/07/1983  1       8      24     15     
22/07/1983  0       15     28.6   12     
23/07/1983  0       14.1   31     12.2   
24/07/1983  0       13.5   30.5   11.5   
25/07/1983  3.1     10.5   30     12.2   
26/07/1983  0.5     1.2    26     15     
27/07/1983  18.8    3      28     15     
28/07/1983  0       8      28     14.5   
29/07/1983  0       12.5   28.5   13.6   
30/07/1983  7.5     4      27     12.1   
31/07/1983  5.5     9.5    27.5   12     
01/08/1983  0       11.5   26.8   14     
02/08/1983  0       9.5    28.3   13.5   
03/08/1983  0       14     29.4   12     
04/08/1983  0       17     29     11.5   
05/08/1983  6       3      23.6   11.6   
06/08/1983  0       9      24.7   14     
07/08/1983  0.5     7      25     11     
08/08/1983  1.4     2.8    24.2   13.4   
09/08/1983  6.3     6      27.5   12     
10/08/1983  31.5    4.8    25.1   12.2   
11/08/1983  2.2     5.5    26.5   14.8   
12/08/1983  0.6     4.8    26.3   14.8   
13/08/1983  0       7      25.7   14.4   
14/08/1983  0.6     3.6    24.2   12.8   
15/08/1983  12.9    7      20.5   14.5   
16/08/1983  18      0.5    20     13.9   
17/08/1983  0       6.5    25     13     
18/08/1983  0       8.5    24.6   8.8    
19/08/1983  0       12.4   28.5   8      
20/08/1983  0.7     6.3    27.4   12.2   
21/08/1983  6.5     6.7    27.6   12     
22/08/1983  12.9    6.9    28.4   14     
23/08/1983  0.6     7      30     12.5   
24/08/1983  0       8.4    27     12     
25/08/1983  0       8.3    26.5   12     
26/08/1983  0       6.3    26.4   12     
27/08/1983  0       10.4   27.6   13     
28/08/1983  0       7.9    27     14     
29/08/1983  0       10.4   28     11     
30/08/1983  0       7.1    24     11     
31/08/1983  0.7     7.3    22.5   11.7   
01/09/1983  0       1.4    29     12     
02/09/1983  0       1.1    28.4   11     
03/09/1983  0       1.1    28     7.8    
04/09/1983  0       1.7    27.9   8      
05/09/1983  0       1.4    29     11.2   
06/09/1983  0       1.1    28.4   13.6   
07/09/1983  0       1      28.7   13.2   
08/09/1983  0       1      28.5   11.2   
09/09/1983  0       8      28.5   12     
10/09/1983  0       9.4    28.5   10.6   
11/09/1983  7       8.4    27.5   11     
12/09/1983  0.5     7.9    27     11.5   
13/09/1983  0       9.7    26.5   10.7   
14/09/1983  7.7     8.3    26     14.2   
15/09/1983  1.5     1.5    23.5   13.9   
16/09/1983  1.3     5.1    24.5   13.2   
17/09/1983  0       6      24.5   12.4   
18/09/1983  0.3     7.6    27.8   10.8   
19/09/1983  12.1    5.2    28.6   12     
20/09/1983  6.7     2.9    26     15.4   
21/09/1983  0       7.2    21.5   10.5   
22/09/1983  0       0.8    25.7   8.4    
23/09/1983  0       1.2    25     10.5   
24/09/1983  1       6.8    25.6   8.2    
25/09/1983  0       7.4    26     8.2    
26/09/1983  0       1      26.7   10.2   
27/09/1983  1.5     8.9    26.5   10.2   
28/09/1983  3.9     4.2    25     11.2   
29/09/1983  0.4     4.2    20.1   11.4   
30/09/1983  0.6     2.3    18.4   10.8   
01/10/1983  0.4     Nulo   25.2   8.4    
02/10/1983  0       5.5    29     8.5    
03/10/1983  0       1.4    25     7.5    
04/10/1983  15.6    0.6    26.5   8.8    
05/10/1983  16.1    0.4    26     9      
06/10/1983  1.7     0.4    27.5   10     
07/10/1983  0       0.6    27     8.3    
08/10/1983  0       1.2    26.5   7.4    
09/10/1983  0       1.2    25.5   4      
10/10/1983  0       0.7    26.2   8.2    
11/10/1983  0       0.8    26.6   6.8    
12/10/1983  0       1.1    20.6   4.8    
13/10/1983  0       0.9    25.4   2.5    
14/10/1983  0       0.9    25.4   7.8    
15/10/1983  0       0.9    26.1   5.5    
16/10/1983  0       1      26.5   3.5    
17/10/1983  0       1.7    26.5   0.8    
18/10/1983  0       1.4    18     6.2    
19/10/1983  0       0.2    12.9   6.8    
20/10/1983  0       Nulo   18     4.2    
21/10/1983  0       0.5    18.2   3.1    
22/10/1983  0       0.4    22.5   5.6    
23/10/1983  0       0.6    24.5   6.4    
24/10/1983  0       0.8    26.5   4      
25/10/1983  10.8    1      11.4   6      
26/10/1983  6.1     0.1    9.5    7.9    
27/10/1983  7.8     Nulo   15     7.4    
28/10/1983  0       0.1    20     5.9    
29/10/1983  0       0.4    20     4.2    
30/10/1983  0       0.5    21.5   5.6    
31/10/1983  0       0.9    25     5.5    
01/11/1983  0       Nulo   24.7   3.5    
02/11/1983  1.4     Nulo   24.5   3.8    
03/11/1983  4.5     Nulo   15     9.5    
04/11/1983  7.4     Nulo   17     7.5    
05/11/1983  0       Nulo   17     2.4    
06/11/1983  0       Nulo   19.5   2.4    
07/11/1983  0       Nulo   22     1.6    
08/11/1983  0       Nulo   21     3.2    
09/11/1983  0       Nulo   18.5   4.2    
10/11/1983  0       Nulo   21.5   0      
11/11/1983  0       Nulo   23.2   1.5    
12/11/1983  0       Nulo   23.4   5.2    
13/11/1983  0       Nulo   22.5   1      
14/11/1983  0       Nulo   22.5   1      
15/11/1983  0       Nulo   18.3   -0.4   
16/11/1983  0       Nulo   22.8   -0.4   
17/11/1983  0       Nulo   22.9   0.4    
18/11/1983  0       Nulo   21     -0.2   
19/11/1983  0       Nulo   17     5      
20/11/1983  0       Nulo   20.6   1      
21/11/1983  0.7     Nulo   18     2.8    
22/11/1983  3.2     Nulo   10.6   4      
23/11/1983  0       Nulo   8      -4.5   
24/11/1983  0       Nulo   15.6   5.9    
25/11/1983  0       Nulo   21     -3.2   
26/11/1983  2.6     Nulo   12.6   7.5    
27/11/1983  0       Nulo   12     -6     
28/11/1983  0       Nulo   17.5   -6     
29/11/1983  0       Nulo   17.8   2.9    
30/11/1983  0       Nulo   18.1   -1.4   
01/12/1983  0.7     Nulo   20.7   -0.8   
02/12/1983  0.2     Nulo   15     3.8    
03/12/1983  0       Nulo   19     -0.6   
04/12/1983  0       Nulo   20.5   -0.5   
05/12/1983  0       Nulo   17.5   1.5    
06/12/1983  0       Nulo   15.5   -6.5   
07/12/1983  0       Nulo   21     -5     
08/12/1983  0       Nulo   22     -5.8   
09/12/1983  0       Nulo   21.5   -0.7   
10/12/1983  0       Nulo   20     4.8    
11/12/1983  0       Nulo   20.4   -4     
12/12/1983  0       Nulo   21.4   1.4    
13/12/1983  0       Nulo   19.5   3.2    
14/12/1983  0       Nulo   16.7   4.8    
15/12/1983  0       Nulo   17.1   0.6    
16/12/1983  0       Nulo   18     -2.1   
17/12/1983  0       Nulo   21.3   -4.5   
18/12/1983  0       Nulo   17.4   -1.8   
19/12/1983  0       Nulo   18     -5.6   
20/12/1983  0       Nulo   18     0.4    
21/12/1983  0       Nulo   17.9   -0.6   
22/12/1983  0       Nulo   20.5   4.4    
23/12/1983  0       Nulo   22.5   -1.2   
24/12/1983  0       Nulo   22     -2.2   
25/12/1983  0       Nulo   22.7   -6     
26/12/1983  0       Nulo   19.3   0.8    
27/12/1983  0       Nulo   17.5   1.8    
28/12/1983  0       Nulo   16.2   0.7    
29/12/1983  0       Nulo   6.5    -1     
30/12/1983  0       Nulo   10.5   -9.4   
31/12/1983  0       Nulo   19.5   -7.1   
01/01/1984  0       Nulo   16.8   -3.2   
02/01/1984  0       Nulo   8      0.4    
03/01/1984  0       Nulo   5.5    0.6    
04/01/1984  0       Nulo   7.5    3.9    
05/01/1984  0       Nulo   17.5   5.7    
06/01/1984  0       Nulo   15.5   -0.2   
07/01/1984  0       Nulo   17.4   3.6    
08/01/1984  0       Nulo   10.1   -0.4   
09/01/1984  0       Nulo   14.5   -1.7   
10/01/1984  0       Nulo   3.4    -3     
11/01/1984  0       Nulo   18.6   -10.5  
12/01/1984  0       Nulo   13     -4.4   
13/01/1984  0       Nulo   16.8   -3.2   
14/01/1984  0       Nulo   18     -1.5   
15/01/1984  0       Nulo   18.5   -6.5   
16/01/1984  0       Nulo   19.3   -5.2   
17/01/1984  0       Nulo   16.5   0      
18/01/1984  0       Nulo   15     -6.5   
19/01/1984  0       Nulo   18.3   -8     
20/01/1984  0       Nulo   16     -4     
21/01/1984  0       Nulo   12     -7.5   
22/01/1984  0       Nulo   18.8   -1     
23/01/1984  0       Nulo   17.6   -3     
24/01/1984  0       Nulo   14     -2.2   
25/01/1984  0       Nulo   12.8   -6     
26/01/1984  0       Nulo   17.5   -7.5   
27/01/1984  0       Nulo   14     -5.5   
28/01/1984  0       Nulo   17     -6     
29/01/1984  0       Nulo   20     -6.5   
30/01/1984  0       Nulo   5      -4.5   
31/01/1984  0       Nulo   12     -0.3   
01/02/1984  0       Nulo   14     0.6    
02/02/1984  0       Nulo   16.3   -0.1   
03/02/1984  0       Nulo   17     -3     
04/02/1984  0       Nulo   17     3.8    
05/02/1984  0.4     Nulo   8.5    -3     
06/02/1984  0       Nulo   8.3    0      
07/02/1984  0       Nulo   14.6   -6     
08/02/1984  0       Nulo   16.6   -2     
09/02/1984  0       Nulo   19.1   -2.7   
10/02/1984  0       Nulo   20.3   -2     
11/02/1984  0       Nulo   17.2   -2     
12/02/1984  0       Nulo   14.5   -1.5   
13/02/1984  0       Nulo   20.5   -4.1   
14/02/1984  0       Nulo   22.5   -2.5   
15/02/1984  0       Nulo   20.5   4      
16/02/1984  0       Nulo   23.5   -3.5   
17/02/1984  0       Nulo   20.5   -0.6   
18/02/1984  0       Nulo   20.5   -4     
19/02/1984  0       Nulo   17.5   -0.2   
20/02/1984  0       Nulo   8      -7     
21/02/1984  0       Nulo   10.7   -8     
22/02/1984  0       Nulo   18.1   -9     
23/02/1984  0       Nulo   16.5   -10.6  
24/02/1984  0       Nulo   17     -5.6   
25/02/1984  0       Nulo   21.5   -4.4   
26/02/1984  0       Nulo   13     2.6    
27/02/1984  0       Nulo   10.3   -8.5   
28/02/1984  0       Nulo   15     -8.9   
29/02/1984  Nulo    Nulo   18     -4.8   
01/03/1984  0       Nulo   19.5   -0.8   
02/03/1984  0       Nulo   21.5   -2     
03/03/1984  0       Nulo   21.5   4      
04/03/1984  0       Nulo   20.5   1.8    
05/03/1984  0       Nulo   17     3      
06/03/1984  0       Nulo   19     -7.1   
07/03/1984  0       Nulo   17.3   -4.6   
08/03/1984  0       Nulo   21.2   -2     
09/03/1984  0       Nulo   22     -1     
10/03/1984  0       Nulo   21.4   -0.5   
11/03/1984  0       Nulo   21.6   -2.2   
12/03/1984  0       Nulo   21.6   1      
13/03/1984  0       Nulo   23.5   0      
14/03/1984  0       Nulo   25     0.6    
15/03/1984  0       Nulo   25.5   2      
16/03/1984  0       Nulo   25     2.4    
17/03/1984  0       Nulo   26.5   0.6    
18/03/1984  0       Nulo   23.5   7.8    
19/03/1984  0       Nulo   23     0.2    
20/03/1984  0       Nulo   23     -2.2   
21/03/1984  0       Nulo   23     3      
22/03/1984  0       Nulo   22     3.6    
23/03/1984  0       Nulo   21.5   3.6    
24/03/1984  0       Nulo   22.5   -0.5   
25/03/1984  0       Nulo   22     4.2    
26/03/1984  0       Nulo   22     3.8    
27/03/1984  0       Nulo   22     7.2    
28/03/1984  0       Nulo   22.1   3.2    
29/03/1984  0       Nulo   23.7   0      
30/03/1984  0       Nulo   22.5   5.6    
31/03/1984  0       Nulo   22.6   1      
01/04/1984  0       Nulo   17.7   3.4    
02/04/1984  0       Nulo   17.2   5      
03/04/1984  0       Nulo   18.2   -1     
04/04/1984  0       Nulo   23.1   -1.4   
05/04/1984  0       Nulo   25.5   6.3    
06/04/1984  Nulo    Nulo   26.3   6      
07/04/1984  0       Nulo   24.3   4.4    
08/04/1984  0       Nulo   15.2   -1.2   
09/04/1984  0       Nulo   21.5   1.4    
10/04/1984  0       Nulo   28.2   8.7    
11/04/1984  0       Nulo   25.7   5      
12/04/1984  0       Nulo   25.6   5      
13/04/1984  0       Nulo   25.9   2.8    
14/04/1984  0       Nulo   26.1   3.5    
15/04/1984  0       Nulo   24.9   2.6    
16/04/1984  0       Nulo   23.8   2      
17/04/1984  0       Nulo   27     2      
18/04/1984  0       Nulo   25.5   11.5   
19/04/1984  0       Nulo   26     5.2    
20/04/1984  0       Nulo   26     9      
21/04/1984  0       Nulo   25.5   7.5    
22/04/1984  Nulo    Nulo   25.5   -0.4   
23/04/1984  0       Nulo   26     0.8    
24/04/1984  0       Nulo   26     2.5    
25/04/1984  0       Nulo   28     5.5    
26/04/1984  0       Nulo   23     7.8    
27/04/1984  0       Nulo   25     9.7    
28/04/1984  0       Nulo   26     6.4    
29/04/1984  0       Nulo   22.8   2.6    
30/04/1984  0       Nulo   27.2   -1.5   
01/05/1984  0       Nulo   26     2.6    
02/05/1984  0       Nulo   27     4.2    
03/05/1984  0       Nulo   28.5   5.7    
04/05/1984  0       Nulo   30     5.4    
05/05/1984  0       Nulo   29.5   5.2    
06/05/1984  0       Nulo   29.4   5.9    
07/05/1984  0       Nulo   28     3.5    
08/05/1984  0       Nulo   25     5.2    
09/05/1984  0.3     Nulo   27     4.5    
10/05/1984  0.3     Nulo   28.7   9.6    
11/05/1984  Nulo    Nulo   19.6   8.1    
12/05/1984  0       Nulo   29.9   8.2    
13/05/1984  0       Nulo   29     10     
14/05/1984  0.7     Nulo   26     6.7    
15/05/1984  7.3     Nulo   21.8   9.4    
16/05/1984  1.7     Nulo   19     10     
17/05/1984  2.4     Nulo   25.5   8      
18/05/1984  Nulo    Nulo   26     6.3    
19/05/1984  Nulo    Nulo   26     10.4   
20/05/1984  0       Nulo   27     9      
21/05/1984  0       Nulo   29     11.5   
22/05/1984  0       Nulo   31.6   5      
23/05/1984  Nulo    Nulo   31.8   7.2    
24/05/1984  Nulo    Nulo   30.5   12     
25/05/1984  0       Nulo   31.2   8.8    
26/05/1984  0       Nulo   31.2   11.8   
27/05/1984  0       Nulo   31.2   9.8    
28/05/1984  5.7     Nulo   30     10     
29/05/1984  0       Nulo   24.8   10     
30/05/1984  0       Nulo   25     10.8   
31/05/1984  0       Nulo   26.7   7.8    
01/06/1984  3.6     Nulo   29.4   14.6   
02/06/1984  27.9    Nulo   25     12.5   
03/06/1984  0       Nulo   25.6   12.2   
04/06/1984  0       Nulo   26     7      
05/06/1984  0       Nulo   26.4   7.5    
06/06/1984  0       Nulo   27     10     
07/06/1984  0       Nulo   28     12     
08/06/1984  0       Nulo   31     10     
09/06/1984  0       Nulo   32.3   11     
10/06/1984  Nulo    Nulo   29     11.4   
11/06/1984  12.4    Nulo   33     13     
12/06/1984  0       Nulo   30     13     
13/06/1984  0       Nulo   28     13.8   
14/06/1984  1       Nulo   28.6   11.2   
15/06/1984  7       Nulo   33     14.6   
16/06/1984  0.7     Nulo   26.8   12     
17/06/1984  21.4    Nulo   25.5   13     
18/06/1984  22.9    Nulo   23.3   14     
19/06/1984  36.9    Nulo   26.4   11.4   
20/06/1984  6.2     Nulo   26     13     
21/06/1984  3.5     Nulo   25     15     
22/06/1984  5.9     Nulo   25.5   14.2   
23/06/1984  12.8    Nulo   25     14.4   
24/06/1984  7       Nulo   25     13     
25/06/1984  0       Nulo   26.3   13     
26/06/1984  Nulo    Nulo   27.6   13.9   
27/06/1984  1.5     Nulo   27.9   12.4   
28/06/1984  0.5     Nulo   27     13.6   
29/06/1984  2.3     Nulo   24     14.8   
30/06/1984  7.5     Nulo   24.3   13.4   
01/07/1984  0.2     Nulo   26.4   12.8   
02/07/1984  0       Nulo   26.3   12.6   
03/07/1984  Nulo    Nulo   27.2   12.3   
04/07/1984  6.2     Nulo   28     12     
05/07/1984  1.2     Nulo   25.2   11.7   
06/07/1984  0       Nulo   27.5   12.2   
07/07/1984  0       Nulo   23.5   10.5   
08/07/1984  0       Nulo   25.6   10.5   
09/07/1984  0       Nulo   26.5   10.6   
10/07/1984  0       Nulo   28     11.4   
11/07/1984  0.1     Nulo   27     11.2   
12/07/1984  0.2     Nulo   26     12.1   
13/07/1984  1.8     Nulo   25     11.1   
14/07/1984  Nulo    Nulo   25     12.8   
15/07/1984  1       Nulo   26     10.8   
16/07/1984  9.9     Nulo   26.2   10.4   
17/07/1984  Nulo    Nulo   25.5   11.1   
18/07/1984  1.5     Nulo   25.2   11     
19/07/1984  10.5    Nulo   22     13.2   
20/07/1984  3.5     Nulo   22.8   13.5   
21/07/1984  6       Nulo   22.8   13.1   
22/07/1984  12.8    Nulo   23.6   11     
23/07/1984  5.8     Nulo   21.5   13.2   
24/07/1984  0       Nulo   23.2   10.3   
25/07/1984  1.4     Nulo   17.8   11.4   
26/07/1984  16      Nulo   22.1   12.2   
27/07/1984  5       Nulo   21.4   11.7   
28/07/1984  0.1     Nulo   22.9   10.8   
29/07/1984  0.4     Nulo   23.5   10.6   
30/07/1984  0       Nulo   25     10     
31/07/1984  0       Nulo   25.9   10.5   
01/08/1984  0       3.6    27.3   8.8    
02/08/1984  0.1     2.9    28.2   12     
03/08/1984  31      7.8    27.5   14.4   
04/08/1984  0       3      24.6   13.8   
05/08/1984  0       2.7    25.4   14.1   
06/08/1984  12.9    7.6    27.5   14     
07/08/1984  36.1    6.7    24.7   14.4   
08/08/1984  18.5    0.7    24.7   14.3   
09/08/1984  17.2    1.6    22.3   14.2   
10/08/1984  5.9     1.2    21.3   14.2   
11/08/1984  9.4     1.6    21.3   14.4   
12/08/1984  11.8    1.5    24.4   14.2   
13/08/1984  58.3    1.3    24.6   13.7   
14/08/1984  7.4     Nulo   20.8   13.2   
15/08/1984  3.4     2.5    25.4   10.5   
16/08/1984  3.2     1      23.2   10.7   
17/08/1984  3.9     2      16.5   11     
18/08/1984  11.1    Nulo   21.3   12.2   
19/08/1984  2.2     0.5    22.4   13.1   
20/08/1984  0.5     3      24.8   12.5   
21/08/1984  0.8     2      25.5   12     
22/08/1984  2.2     1      25.6   12.6   
23/08/1984  Nulo    0.5    22     9.7    
24/08/1984  6       7.2    24.5   11.8   
25/08/1984  Nulo    2.9    24.1   13.9   
26/08/1984  Nulo    2.5    25     13.4   
27/08/1984  Nulo    2      26     13.6   
28/08/1984  Nulo    3      26.8   11.3   
29/08/1984  0.6     3.5    27.4   11.9   
30/08/1984  2.6     4.5    27.6   12.2   
31/08/1984  2.1     4      24.9   10.7   
01/09/1984  2.9     1.5    25.3   12.3   
02/09/1984  0.8     3.7    24.8   11.5   
03/09/1984  Nulo    5.6    21.8   12.6   
04/09/1984  0       5      22     13.6   
05/09/1984  0       6.5    22.6   5      
06/09/1984  0       5.2    21.2   7.5    
07/09/1984  26      7.5    25.3   10.4   
08/09/1984  3.5     5.6    26.4   12.6   
09/09/1984  0       8      27.2   12.3   
10/09/1984  7.3     3      28.6   11.5   
11/09/1984  Nulo    9.1    27.6   11.6   
12/09/1984  0       10.1   26.6   9.2    
13/09/1984  0       10     26     9.7    
14/09/1984  0       10.1   26.2   8.5    
15/09/1984  0       10     23.5   9.5    
16/09/1984  0       8.2    22.9   8      
17/09/1984  0       8.8    22.4   12.2   
18/09/1984  0       8.2    22.7   6.8    
19/09/1984  0       10.2   23.2   5      
20/09/1984  0       9.8    23.2   2.5    
21/09/1984  0       9.7    26     3.1    
22/09/1984  0       10.6   25.5   7.1    
23/09/1984  0       10.8   25.6   6.3    
24/09/1984  0.3     7      25     10     
25/09/1984  10.4    9.1    24.8   13     
26/09/1984  1.2     4.2    21.2   14.1   
27/09/1984  4.3     3.9    24.6   12.7   
28/09/1984  11.3    4.7    24.4   9.5    
29/09/1984  0       5.5    21     10.2   
30/09/1984  0       7.4    21.7   10.9   
01/10/1984  1.5     9.2    24     6.6    
02/10/1984  5.5     Nulo   14.8   9.3    
03/10/1984  Nulo    5.5    22.3   9.9    
04/10/1984  0       7.4    22.1   5.6    
05/10/1984  0       7.9    23.7   2.8    
06/10/1984  0       7.7    23     4.9    
07/10/1984  0       8.8    22.5   4.8    
08/10/1984  0       8.9    24.2   7.1    
09/10/1984  0       9.5    22.9   5.2    
10/10/1984  Nulo    5.4    20     9.4    
11/10/1984  0       9.1    24     5.5    
12/10/1984  Nulo    9.2    23     3.8    
13/10/1984  0       10.9   22     8.5    
14/10/1984  0       10     22     7.6    
15/10/1984  0       13.5   22     4.5    
16/10/1984  0       10     23.5   7.1    
17/10/1984  0       13.2   24.1   4.7    
18/10/1984  0       12.1   23.1   7.7    
19/10/1984  0       12.5   23.3   0.7    
20/10/1984  0       12.3   19.5   8.2    
21/10/1984  0       11.5   21.4   7      
22/10/1984  0       8.5    20.6   5      
23/10/1984  0.2     6.7    16     5.5    
24/10/1984  10.3    2.1    10.7   7      
25/10/1984  6.4     1.3    15.2   6      
26/10/1984  2.4     3.4    15     8.6    
27/10/1984  0       5      22.4   -1     
28/10/1984  0       6.5    22.4   -1     
29/10/1984  0       7.8    23     0.9    
30/10/1984  0       11     24     0      
31/10/1984  0       11.7   25.2   1      
01/11/1984  0       7.3    23.8   4      
02/11/1984  0       7.8    22.8   2.9    
03/11/1984  0       7.1    24.5   -0.5   
04/11/1984  0       8.8    23.2   -1     
05/11/1984  0       2.4    21.6   -0.5   
06/11/1984  0       13.2   25     -0.8   
07/11/1984  0       11.2   24.2   5.4    
08/11/1984  0       12.2   22     8.7    
09/11/1984  0       11.5   22     -3     
10/11/1984  0       9.6    18     -1.8   
11/11/1984  0       8.7    23.9   -0.4   
12/11/1984  0       9.3    23.1   -0.3   
13/11/1984  0       1      28.7   0      
14/11/1984  0       9.8    22.7   -1     
15/11/1984  0       2      21.8   -1.8   
16/11/1984  0       10.5   18.8   1.8    
17/11/1984  0       2      12.6   8      
18/11/1984  0       4.5    12.1   -3.8   
19/11/1984  0       7      14.8   -6     
20/11/1984  0       6      12     -4.1   
21/11/1984  0       5.5    10.5   -4.5   
22/11/1984  0       4.8    14.2   1      
23/11/1984  0.4     7.2    18.4   0.2    
24/11/1984  0.1     7.3    8.6    0.5    
25/11/1984  0       8.8    17.6   -2     
26/11/1984  0       10.6   14.2   3.4    
27/11/1984  0       6.5    12.6   -8     
28/11/1984  0       12.5   22     -7.2   
29/11/1984  0       10     18.7   2.7    
30/11/1984  0       8.9    9.4    -6     
01/12/1984  0       11.2   19.5   -2.8   
02/12/1984  0       8.7    19.3   -3.8   
03/12/1984  0       11     18.6   -2     
04/12/1984  0       7.2    14.6   3      
05/12/1984  0       5.2    14     -6     
06/12/1984  0       7      12.4   -6     
07/12/1984  0       5.2    20.5   -5.3   
08/12/1984  0       7.2    22     1.8    
09/12/1984  0       6.5    20.3   1      
10/12/1984  0       10.3   22.5   -2     
11/12/1984  20.8    Nulo   16     1      
12/12/1984  1       2.3    7.5    1.5    
13/12/1984  Nulo    10.2   10.5   -1.5   
14/12/1984  1.2     3.6    9.8    4      
15/12/1984  0       10.9   12.4   1.5    
16/12/1984  0       8.8    18.6   -3     
17/12/1984  0       12.8   20.4   -2     
18/12/1984  0       5.7    19     7      
19/12/1984  0       8      20     -8     
20/12/1984  0       10     19.5   8.5    
21/12/1984  0       9.7    20     8.6    
22/12/1984  0       6      18     -2.5   
23/12/1984  0       5.5    19.2   -0.2   
24/12/1984  0       6      21.2   -0.5   
25/12/1984  0       6      17.7   -0.8   
26/12/1984  0       6      16.1   1      
27/12/1984  Nulo    3.4    15.5   4      
28/12/1984  Nulo    1.8    15     9.6    
29/12/1984  2.1     6.1    16     5.7    
30/12/1984  9.4     4      8      5      
31/12/1984  9.4     5.3    12.8   1      
--------------------------------------
