CNA-SMN-CG-GMC-SMAA-CLIMATOLOGIA
BASE DE DATOS CLIMATOLOGICA
DATOS DISPONIBLES EN LA BASE DE DATOS A DICIEMBRE 2022

ESTACION  : 7233
NOMBRE    : TILTEPEC
ESTADO    : CHIAPAS
MUNICIPIO : JIQUIPILAS
SITUACION : SUSPENDIDA
ORGANISMO : CONAGUA-DGE
CVE-OMM   : Nulo
LATITUD   : 016.394°
LONGITUD  : -93.868°
ALTITUD   : 680 msnm

EMISIÓN   : 29/12/2022

            PRECIP  EVAP   TMAX   TMIN   
  Fecha     (MM)    (MM)   (°C)   (°C)   
19/02/1977  0       7      35     15     
20/02/1977  0       6.1    26     7      
21/02/1977  0       3      32.4   15     
22/02/1977  0       2      36     10     
23/02/1977  0       7      36     8      
24/02/1977  0       6      30     12     
25/02/1977  0       6      38     9      
26/02/1977  0       3      35     13     
27/02/1977  0       5      33     13     
28/02/1977  0       7      40.5   13     
01/03/1977  0       3.4    32     16.5   
02/03/1977  0       3.6    32     13     
03/03/1977  0       4.9    32     12     
04/03/1977  0       6.2    32     14     
05/03/1977  0       5.2    29.5   16     
06/03/1977  0       6.9    32.5   13     
07/03/1977  0       5.9    24     17.5   
08/03/1977  0       1.3    27.5   14     
09/03/1977  0       4.7    28.5   14.5   
10/03/1977  0       5.6    29     12     
11/03/1977  0       7.5    29     15     
12/03/1977  0       9.4    31.5   15     
13/03/1977  0       5.3    32     17.5   
14/03/1977  0       9.3    34     16     
15/03/1977  0       3.4    25.1   15     
16/03/1977  0       8.1    34.5   20     
17/03/1977  0       7.1    34.5   19     
18/03/1977  0       4.9    32.5   20.5   
19/03/1977  0       7.4    30     18.5   
20/03/1977  2       5.4    31     14     
21/03/1977  0       5      35     18     
22/03/1977  0       4      32     18     
23/03/1977  0       5.3    30     19.5   
24/03/1977  0       3.8    31     20     
25/03/1977  0       2.7    31     19     
26/03/1977  0       6.3    30     18.5   
27/03/1977  0       5.2    30.5   20     
28/03/1977  0.3     6      29     19.5   
29/03/1977  0       5.9    29.5   20.5   
30/03/1977  0       6.4    30.5   20.5   
31/03/1977  0       4.6    31     16.5   
01/04/1977  0       5.1    35.5   18.5   
02/04/1977  0.2     5.3    31     19.5   
03/04/1977  0       4.3    27.5   21.5   
04/04/1977  0       4      28     21.5   
05/04/1977  0       5.2    25.5   17.5   
06/04/1977  0       5.9    23.5   15     
07/04/1977  0       6.1    24.5   16     
08/04/1977  0       5      25.5   14     
09/04/1977  0       8      26.5   17     
10/04/1977  0       5.7    27     16.5   
11/04/1977  0       6      28     18.5   
12/04/1977  0       7.3    31     19     
13/04/1977  0       5.3    31     19.5   
14/04/1977  0       5.2    33.5   20.5   
15/04/1977  0       5.1    30.5   19.5   
16/04/1977  0       6.9    31     20     
17/04/1977  0       4      33     19     
18/04/1977  0       6.9    34     19     
19/04/1977  0       5.4    32     18.5   
20/04/1977  0       6.1    33     20     
21/04/1977  0       5      37     18     
22/04/1977  0       5.6    33     23     
23/04/1977  0       4.3    29     18.5   
24/04/1977  0       4.8    29     17.5   
25/04/1977  0       8.4    29.5   15     
26/04/1977  0       8      34     16     
27/04/1977  0       6.7    33.5   18     
28/04/1977  0       7      35.5   19.5   
29/04/1977  0       5.8    32     20.5   
30/04/1977  0       5.4    34     19     
01/05/1977  1.9     4.4    32.5   16.5   
02/05/1977  0       8.5    34.5   18.5   
03/05/1977  0       6.9    34     20.5   
04/05/1977  0       6.2    33     19     
05/05/1977  20      3.5    28.5   18.5   
06/05/1977  0       7.5    30     20     
07/05/1977  2.5     7.4    31     19     
08/05/1977  0       1.9    26     20     
09/05/1977  0       5.2    32     18.5   
10/05/1977  0       5.9    30     20.5   
11/05/1977  11      8.9    31.5   20.5   
12/05/1977  0       7.1    34     22     
13/05/1977  0       6.8    31     21     
14/05/1977  0       6.2    29.5   20.5   
15/05/1977  0       5      34.5   19.5   
16/05/1977  0       6.4    31.5   19.5   
17/05/1977  0       4.3    34     23     
18/05/1977  7       8.7    33     22     
19/05/1977  0       3.1    33     22     
20/05/1977  0       1.3    36     22     
21/05/1977  0       5      32     20.5   
22/05/1977  0       6.8    31     21.5   
23/05/1977  0       5.3    30.5   20.5   
24/05/1977  0       3.9    31.5   21.5   
25/05/1977  0       4.6    32.5   18     
26/05/1977  0       3.2    33     19.5   
27/05/1977  0       4.2    29     20.5   
28/05/1977  0       6.3    33     19     
29/05/1977  6.4     5.8    31.5   20     
30/05/1977  4       7.8    29.5   20     
31/05/1977  0       5.1    33     19.5   
01/06/1977  0       7      33     19.5   
02/06/1977  0       5      34.5   19     
03/06/1977  0       7.2    32     20.5   
04/06/1977  0       7.8    33     20.5   
05/06/1977  0       6.3    32     19.5   
06/06/1977  0       3.7    31.5   21     
07/06/1977  0       5.3    31     18.5   
08/06/1977  0       5      31     20.5   
09/06/1977  6       2.3    30.5   21     
10/06/1977  0       3.7    30     20.5   
11/06/1977  0       4.3    27.1   19     
12/06/1977  0       1.9    27     21     
13/06/1977  0       2.9    32.5   19     
14/06/1977  0       4.1    30     20     
15/06/1977  0       5.4    31.5   20     
16/06/1977  20      5.1    34.5   22     
17/06/1977  8       4.9    31.5   21.5   
18/06/1977  7       4.2    32.5   20     
19/06/1977  0       3.1    27.1   19.5   
20/06/1977  0       6.1    31     20     
21/06/1977  16      2.9    31.5   21     
22/06/1977  0       3.9    32.5   20.5   
23/06/1977  0       3.1    26.5   20.5   
24/06/1977  0       3      31.5   18.5   
25/06/1977  8.9     5.3    30.5   20     
26/06/1977  0       6.6    33     19.5   
27/06/1977  7       3.3    29.5   18.5   
28/06/1977  26      5.3    33.5   22     
29/06/1977  0       4.1    27.6   19     
30/06/1977  0       2.3    28     20.5   
01/07/1977  0       Nulo   33     20     
02/07/1977  45      Nulo   30     19     
03/07/1977  7       Nulo   32     19     
04/07/1977  25      Nulo   34     18     
05/07/1977  10      Nulo   34     20     
06/07/1977  0       Nulo   33     19.5   
07/07/1977  0       Nulo   32     18     
08/07/1977  0       Nulo   33.5   19     
09/07/1977  0       Nulo   31.5   21     
10/07/1977  0       Nulo   32.5   20.5   
11/07/1977  0       Nulo   31.5   22.5   
12/07/1977  0       Nulo   31     20.5   
13/07/1977  0       Nulo   29.5   20.5   
14/07/1977  0       Nulo   30     20     
15/07/1977  0       Nulo   30     20.5   
16/07/1977  0       Nulo   32.5   20.5   
17/07/1977  13      Nulo   31     20.5   
18/07/1977  0       Nulo   30.5   19     
19/07/1977  0       5.5    33     21.5   
20/07/1977  0       1.6    31.1   22     
21/07/1977  0       3.2    32.5   20     
22/07/1977  20      9      31     21     
23/07/1977  0       4.8    30     19.8   
24/07/1977  0       6.2    31.5   20     
25/07/1977  0       4.3    31     20.5   
26/07/1977  0       6.7    32     20     
27/07/1977  0       7.1    32     21     
28/07/1977  0       6.1    30.5   21     
29/07/1977  0       7.1    32.5   18     
30/07/1977  0       5.1    31     21.5   
31/07/1977  0       5      32     21.5   
01/08/1977  0       5.4    34     21.5   
02/08/1977  0       6.8    33     21.5   
03/08/1977  0       5.2    33     22     
04/08/1977  10.4    2.5    32.5   20     
05/08/1977  0       8.1    32.5   19     
06/08/1977  0       2.8    29     19     
07/08/1977  0       6.1    32     21     
08/08/1977  0       2      27     21     
09/08/1977  0       2.1    27.5   20.5   
10/08/1977  0       3      27.5   20     
11/08/1977  7.5     3.3    30     20.5   
12/08/1977  13      3.1    27.5   20.5   
13/08/1977  0       5.9    30.5   20     
14/08/1977  0       6.2    33     18     
15/08/1977  0       6.8    33     21     
16/08/1977  14      5.2    30     21     
17/08/1977  0       6.7    30     19.5   
18/08/1977  8.5     5.5    35     20.5   
19/08/1977  0       3      35     19     
20/08/1977  0       2      28     18     
21/08/1977  6       4.4    33     19.5   
22/08/1977  2.3     7.3    32.5   19     
23/08/1977  0       3.8    29.5   20     
24/08/1977  0       5.8    34     21     
25/08/1977  6       6      26.6   20     
26/08/1977  0       3      31.5   20     
27/08/1977  0       5.9    32.5   19.5   
28/08/1977  0       5.2    33.5   20     
29/08/1977  0       5.4    33     20     
30/08/1977  0       7.8    34     20     
31/08/1977  0       8.2    32.5   20.5   
01/09/1977  0       4      29     20     
02/09/1977  0       5      29     21     
03/09/1977  4       6.1    31     19.5   
04/09/1977  0       3.2    32.5   18     
05/09/1977  0       4.1    32     20     
06/09/1977  0       4.8    34     19.5   
07/09/1977  0       4.1    35     21.5   
08/09/1977  10      4.3    30.5   22.5   
09/09/1977  0       4      28.5   21     
10/09/1977  0       3.7    34.5   21.5   
11/09/1977  0       2.3    33     20     
12/09/1977  0       4.9    33     22     
13/09/1977  0       4.2    32.5   20     
14/09/1977  4.5     4.5    31.5   21.5   
15/09/1977  16      4.6    32     19.5   
16/09/1977  40      1.9    31     20     
17/09/1977  0       1.4    31     19     
18/09/1977  0       5      31     21     
19/09/1977  0       3.7    33     21     
20/09/1977  13.3    1.3    31.5   22     
21/09/1977  14      5.9    30.5   20     
22/09/1977  0       4      30.5   20     
23/09/1977  14.5    2.3    30     20.5   
24/09/1977  0       3.2    31     19     
25/09/1977  0       2.7    32     20.5   
26/09/1977  0       3.3    31.5   20.5   
27/09/1977  6.7     3.7    29.5   20     
28/09/1977  31      4      31     19.5   
29/09/1977  0       2.1    31     20     
30/09/1977  0       3.4    31     21     
01/10/1977  0       2.9    31     20.5   
02/10/1977  0       4.1    30.5   20.5   
03/10/1977  0       5      31     20     
04/10/1977  0       5.4    29.5   19     
05/10/1977  0       5      30     21     
06/10/1977  0       5      29.5   21     
07/10/1977  0       4.9    31.5   20     
08/10/1977  0       6.2    31.5   19.5   
09/10/1977  0       4      31.5   21     
10/10/1977  0       5.5    30.5   21     
11/10/1977  0       5.2    31.5   19.5   
12/10/1977  0       5.9    29     19     
13/10/1977  0       3.2    30.5   15.5   
14/10/1977  0       4.8    29     17     
15/10/1977  0       5.3    30     18     
16/10/1977  0       6.2    27     19     
17/10/1977  0       5.8    27     17.5   
18/10/1977  0       7.1    29     15     
19/10/1977  0       6      29.5   18     
20/10/1977  0       6.1    31.5   17.5   
21/10/1977  0       2.8    33.5   18     
22/10/1977  0       1.3    34     19     
23/10/1977  0       5      32     19.5   
24/10/1977  19      3.2    30     22     
25/10/1977  0       4      32     21.5   
26/10/1977  0       2.2    35     21     
27/10/1977  0       9.2    30.5   20     
28/10/1977  0       3.7    31     20     
29/10/1977  0       4.2    32     21     
30/10/1977  0       1      33     21.5   
31/10/1977  0       2.8    33     19     
01/11/1977  0       4.1    32     19     
02/11/1977  0       3.8    31     18.5   
03/11/1977  0       2.1    27.5   18     
04/11/1977  0       3.3    25.5   20.5   
05/11/1977  0       5.2    26.5   13     
06/11/1977  0       4.8    27     14     
07/11/1977  0       2.2    29     16     
08/11/1977  0       6.8    28.5   21.5   
09/11/1977  0       2.1    30.5   17     
10/11/1977  0       4      27     21     
11/11/1977  0       6      24.1   17.5   
12/11/1977  0       5.2    25.5   16     
13/11/1977  0       6      25.1   15     
14/11/1977  0       4      28.5   12     
15/11/1977  0       5.4    30.5   11     
16/11/1977  0       2.1    33     13     
17/11/1977  0       5.8    33.5   13     
18/11/1977  0       4.2    34.5   15.5   
19/11/1977  0       4.1    31.5   17.5   
20/11/1977  0       4      29.5   20.5   
21/11/1977  0       4.1    33     21.5   
22/11/1977  0       4.9    34     14     
23/11/1977  0       4.1    33.5   21     
24/11/1977  0       3      31     15     
25/11/1977  0       5      31     20     
26/11/1977  0       4.9    27.5   18.5   
27/11/1977  0       4.5    32.5   14.5   
28/11/1977  0       3.1    37.5   14     
29/11/1977  0       4.1    33.5   16.5   
30/11/1977  0       3.9    30     15.5   
01/12/1977  2.9     6.9    34     15     
02/12/1977  0       2      27     17     
03/12/1977  0       2.2    31     20.5   
04/12/1977  0       4.7    29     18     
05/12/1977  0       5.2    26.5   17     
06/12/1977  0       3      30     14     
07/12/1977  0       3.9    28.5   17     
08/12/1977  0       3.1    33     18     
09/12/1977  0       3.2    33.5   18     
10/12/1977  0       3.7    25     19.5   
11/12/1977  0       4      29     15     
12/12/1977  0       4.2    33     17.5   
13/12/1977  0       5      34     18     
14/12/1977  0       4.9    32.5   19     
15/12/1977  0       4.9    30     17     
16/12/1977  0       3.9    26.5   16.5   
17/12/1977  0       3.4    34     17.5   
18/12/1977  0       6.1    33     19     
19/12/1977  0       4.8    31.5   18     
20/12/1977  0       3.2    33     17     
21/12/1977  5.5     9.4    20     17.5   
22/12/1977  0       3.8    20.5   11     
23/12/1977  0       3.1    32     11     
24/12/1977  0       3.9    30.5   15.5   
25/12/1977  0       4.9    32     17     
26/12/1977  0       2.3    30     10     
27/12/1977  0       3.9    32     15     
28/12/1977  0       4.2    33     17     
29/12/1977  0       4      33     11     
30/12/1977  0       4.1    34     14     
31/12/1977  0       5.1    32.1   14     
01/01/1978  0       4.6    33.5   19     
02/01/1978  0       3.4    29     15.5   
03/01/1978  0       3.9    32     18     
04/01/1978  0       5.8    31.5   20     
05/01/1978  0       4.2    32     17     
06/01/1978  0       3      34     16     
07/01/1978  0       3      31     17     
08/01/1978  3       3.9    32.5   21     
09/01/1978  0       2.3    31     18     
10/01/1978  0       2.9    37     13     
11/01/1978  0       4.9    30     13     
12/01/1978  0       3      29.1   14     
13/01/1978  0       5.2    30     12     
14/01/1978  0       3      33     16     
15/01/1978  0       4.9    31     18     
16/01/1978  0       4.1    28.5   12     
17/01/1978  0       5      31     12.5   
18/01/1978  0       6.1    29.5   14     
19/01/1978  0       4.1    25.1   17     
20/01/1978  0       3      30     16     
21/01/1978  0       2.9    30     18     
22/01/1978  0       3      33     19     
23/01/1978  0       5.1    30     16     
24/01/1978  0       4.9    31     15     
25/01/1978  0       6      30     17.5   
26/01/1978  0       4.2    30.5   14     
27/01/1978  0       4.1    28.5   15     
28/01/1978  0       3      29     17     
29/01/1978  0       4.1    28     15     
30/01/1978  0       4.9    30     16     
31/01/1978  0       5.2    33     15     
01/02/1978  0       5.8    33     15     
02/02/1978  0       4      28     22     
03/02/1978  0       5.1    23     19     
04/02/1978  0       3      28     15     
05/02/1978  0       3.8    29     14     
06/02/1978  0       3.4    28     12     
07/02/1978  0       4.9    25     10     
08/02/1978  20      3.5    27     17     
09/02/1978  0       5.2    26     17     
10/02/1978  0       8.3    24     16     
11/02/1978  0       8.9    30     15     
12/02/1978  0       8.1    28.5   14     
13/02/1978  0       4      29     16     
14/02/1978  0       5.1    30     19.5   
15/02/1978  0       4      31     18     
16/02/1978  0       6      32.5   16     
17/02/1978  0       5      30     17     
18/02/1978  0       3.8    30     14     
19/02/1978  0       5      33     18     
20/02/1978  0       4.9    24.5   16.5   
21/02/1978  0       4.3    30     17.5   
22/02/1978  0       3.8    20.5   13     
23/02/1978  0       3.2    31     13.5   
24/02/1978  0       7.2    27     13     
25/02/1978  0       4.9    31     12     
26/02/1978  0       5.6    26     15     
27/02/1978  0       4.4    30.5   13     
28/02/1978  0       5      31     19.5   
01/03/1978  0       5      32     20     
02/03/1978  0       5.8    30     21     
03/03/1978  0       2.2    25.5   20.5   
04/03/1978  20      3      25.5   19.5   
05/03/1978  0       0.5    28     16.5   
06/03/1978  0       3.6    26     14.5   
07/03/1978  0       5.1    32     18     
08/03/1978  0       6.8    29     15     
09/03/1978  0       4.2    30     17     
10/03/1978  0       3.9    25.5   15     
11/03/1978  0       6.9    33     19     
12/03/1978  0       6.1    30     17     
13/03/1978  0       4.1    31     17     
14/03/1978  0       5.7    31     17.5   
15/03/1978  0       4      33     15     
16/03/1978  0       5.2    32     17     
17/03/1978  0       5.1    21     8      
18/03/1978  0       3.9    22     14     
19/03/1978  0       5.7    25     11     
20/03/1978  0       5.7    33     11     
21/03/1978  0       4.8    32     12     
22/03/1978  0       5.6    34     13     
23/03/1978  0       4.4    30     14     
24/03/1978  0       3.8    30     17     
25/03/1978  0       5.9    32     16     
26/03/1978  0       6.2    31     13     
27/03/1978  0       2.9    25     15     
28/03/1978  0       6.1    29     11     
29/03/1978  0       4.6    31     15     
30/03/1978  0       4.3    22     14     
31/03/1978  0       5.6    27.5   14     
01/04/1978  0       3.9    33     14     
02/04/1978  0       4.8    33     10     
03/04/1978  0       3.1    31.5   18     
04/04/1978  0       3.9    35.5   19.5   
05/04/1978  0       7.3    34.5   15     
06/04/1978  0       7      34     12     
07/04/1978  0       5.8    35.5   17.5   
08/04/1978  0       6.9    30.5   14     
09/04/1978  0       8.1    24.5   14     
10/04/1978  0       7.4    29.5   16     
11/04/1978  0       7.5    30.5   16.5   
12/04/1978  0       6      31     18     
13/04/1978  0       6.3    31.5   18     
14/04/1978  0       7.3    30.5   15.5   
15/04/1978  0       4.4    36.5   10.5   
16/04/1978  0       7      34     11.5   
17/04/1978  0       9.2    30.5   17     
18/04/1978  0       6.6    30.5   17.5   
19/04/1978  0       3      35.5   21.5   
20/04/1978  0       6.1    32     20.5   
21/04/1978  0       9.6    37.5   14.5   
22/04/1978  0       6      30.5   16     
23/04/1978  0       8.2    31     20.5   
24/04/1978  0       6.7    36.5   22     
25/04/1978  0       5.3    35.5   22     
26/04/1978  0       6.7    30.5   19.5   
27/04/1978  0       5.7    34     19.5   
28/04/1978  0       7.4    34     19.5   
29/04/1978  0       8.8    31.5   19     
30/04/1978  0       6.3    29.5   21.5   
01/05/1978  0       7.5    30     22.5   
02/05/1978  0       6.6    29.5   22     
03/05/1978  0       7.5    28.5   21     
04/05/1978  0       6.2    29.5   21     
05/05/1978  10      5.5    30     21.5   
06/05/1978  8       6.8    29     20.5   
07/05/1978  12      9.4    29.5   21     
08/05/1978  0       8.9    29.5   21     
09/05/1978  0       8.2    31     21     
10/05/1978  0       6.3    35     22     
11/05/1978  0       5.2    35.5   22     
12/05/1978  0       8.5    32.5   21.5   
13/05/1978  0       5      36.5   22     
14/05/1978  0       6.3    33     22     
15/05/1978  0       6.4    36.5   21.5   
16/05/1978  0       6.7    30.5   22     
17/05/1978  0       6.3    30.5   22     
18/05/1978  0       7.3    31     21.5   
19/05/1978  0       8.3    38.5   19     
20/05/1978  0       7.5    34     19.5   
21/05/1978  0       9.4    35     22     
22/05/1978  0       3.2    33.5   21     
23/05/1978  9       4      35     20     
24/05/1978  0       4.1    31     19     
25/05/1978  7       9.7    31     21     
26/05/1978  0       8.3    34     20     
27/05/1978  0       9.8    26     21     
28/05/1978  16      6.1    31     21     
29/05/1978  60      8.4    28     20     
30/05/1978  0       4.7    26     20     
31/05/1978  0       3.9    29     18     
01/06/1978  0       2.1    29     19     
02/06/1978  23      3.7    27     21     
03/06/1978  0       4.2    27     17     
04/06/1978  0       4.9    30     19     
05/06/1978  6       9.3    29     19     
06/06/1978  7       9.9    28     20     
07/06/1978  0       8.8    27     21     
08/06/1978  0       5.7    25     20     
09/06/1978  80      6.5    37     20     
10/06/1978  0       3.2    32     18.5   
11/06/1978  0       4.5    29     22     
12/06/1978  0       1.4    32     21     
13/06/1978  0       4.1    31     21     
14/06/1978  0       4.4    32     21     
15/06/1978  15.5    7.3    31     21     
16/06/1978  0       6.3    30     20     
17/06/1978  0       2.9    29     18     
18/06/1978  0       2.8    31     20     
19/06/1978  0       8.3    31     21     
20/06/1978  0       4.9    32     21     
21/06/1978  40      5.2    30     19     
22/06/1978  0       2.5    23     20     
23/06/1978  0       4.4    30     20     
24/06/1978  0       4.7    30.5   20     
25/06/1978  0       4.6    30.5   22     
26/06/1978  0       4.7    30     20.5   
27/06/1978  40      2.3    30.5   20     
28/06/1978  0       7.4    31     20     
29/06/1978  0       9.7    30     20     
30/06/1978  0       5.3    30     20     
01/07/1978  0       2      30.5   21     
02/07/1978  7       9.6    30     20     
03/07/1978  1       8.3    24.5   21     
04/07/1978  0       5.7    32     20     
05/07/1978  0       7.3    30     21     
06/07/1978  31      6.1    32     20     
07/07/1978  15.9    7.1    31     19     
08/07/1978  0       5.3    29     20     
09/07/1978  20      4.5    29     21     
10/07/1978  0       5.3    30     19     
11/07/1978  0       5.1    29     19     
12/07/1978  0       4.7    29     20     
13/07/1978  0       5.1    24     20     
14/07/1978  0       4.1    32     21     
15/07/1978  0       5.6    33     20     
16/07/1978  20      6.3    36     20     
17/07/1978  0       1.5    27     21     
18/07/1978  20      6.6    30     20     
19/07/1978  0       7.4    23.1   21     
20/07/1978  10      6.5    30     20     
21/07/1978  0       3.9    30     20     
22/07/1978  0       1.8    29     21     
23/07/1978  0       8.3    29     18     
24/07/1978  0       4.9    30     19     
25/07/1978  0       4.3    31     18     
26/07/1978  0       2.5    30     20     
27/07/1978  0       7.7    27     20     
28/07/1978  11      6.9    30     19     
29/07/1978  0       4.4    29     19     
30/07/1978  0       7.1    28     20     
31/07/1978  15      5.5    25     21     
01/08/1978  0       4.7    31     20     
02/08/1978  0       5.6    31     20     
03/08/1978  0       9.8    26     20     
04/08/1978  0       9.6    30     21     
05/08/1978  0       5.3    26.1   21     
06/08/1978  0       0.9    30     20     
07/08/1978  0       4.2    25     21     
08/08/1978  0       2.2    29     20     
09/08/1978  0       6.8    34     20     
10/08/1978  0       4.5    31     20     
11/08/1978  0       5      25     15     
12/08/1978  0       4.8    20     10     
13/08/1978  0       5      31     10     
14/08/1978  0       3.8    31.5   14     
15/08/1978  0       6.2    26     16     
16/08/1978  0       7.4    15.1   11     
17/08/1978  0       2.3    28     10     
18/08/1978  10      8.9    31     11     
19/08/1978  0       7.2    31     20     
20/08/1978  0       3.7    31     20     
21/08/1978  0       4.7    32     20     
22/08/1978  0       8.1    32     22     
23/08/1978  0       8.6    29     21     
24/08/1978  0       2.5    31     22     
25/08/1978  0       3.4    31     21     
26/08/1978  0       3.8    29.1   21     
27/08/1978  0       2.9    30     21     
28/08/1978  0       7.1    33     21     
29/08/1978  20      3.8    29.1   22     
30/08/1978  0       1      31     19     
31/08/1978  40      3.2    31     21     
01/09/1978  0       4.8    30.1   14     
02/09/1978  0       2.8    31     20     
03/09/1978  0       3.2    29.1   20     
04/09/1978  20      3.3    24     20     
05/09/1978  0       2.8    31     20     
06/09/1978  10      3      24     20     
07/09/1978  7       4.6    24     20     
08/09/1978  0       3.1    24     20     
09/09/1978  0       2.8    27     19     
10/09/1978  0       4.2    28     20     
11/09/1978  0       2.8    25.1   21     
12/09/1978  0       4.8    29     21     
13/09/1978  0       6.5    31     20     
14/09/1978  0       2      30     19     
15/09/1978  5       4.9    29     20     
16/09/1978  20      3      31     19     
17/09/1978  0       1.8    30     18     
18/09/1978  0       4.6    30     20     
19/09/1978  20      3.2    27     20     
20/09/1978  0       2      25     19     
21/09/1978  120     7.4    26     18     
22/09/1978  0       7      37     19     
23/09/1978  0       1.7    25.1   20     
24/09/1978  0       3.9    31     20     
25/09/1978  0       1.6    30     20     
26/09/1978  0       3.1    31     21     
27/09/1978  0       3.5    30     19     
28/09/1978  0       3.7    30     20     
29/09/1978  0       4.5    35     20     
30/09/1978  0       4.3    33     21     
01/10/1978  0       2.8    34     25     
02/10/1978  0       2.1    31     21     
03/10/1978  0       6.1    33     20     
04/10/1978  0       4.1    30     20     
05/10/1978  23      5      30     19     
06/10/1978  0       4.7    30     18     
07/10/1978  4       7.1    31     20     
08/10/1978  0       4.7    31     20     
09/10/1978  0       1.7    31     19     
10/10/1978  5       8.6    31     20     
11/10/1978  0       5.5    31     21     
12/10/1978  0       3      23.1   20     
13/10/1978  0       4.6    30     19     
14/10/1978  20      6.7    30     20     
15/10/1978  0       4.4    26     19     
16/10/1978  0       3.5    21     17     
17/10/1978  0       1.1    23     16     
18/10/1978  18      3      23     15     
19/10/1978  0       1.9    25     15     
20/10/1978  26      6.1    30     17     
21/10/1978  0       4.1    25     19     
22/10/1978  0       6.1    30     17     
23/10/1978  0       3.1    30     15     
24/10/1978  0       4.9    30     16     
25/10/1978  0       4      30     15     
26/10/1978  0       5      29     15     
27/10/1978  0       5.8    28     14     
28/10/1978  0       1.5    29     15     
29/10/1978  0       5.2    30     17     
30/10/1978  4       8.6    29     15     
31/10/1978  0       4.1    25     18     
01/11/1978  0       4.8    21     19     
02/11/1978  0       5.2    30     19     
03/11/1978  0       4.9    30     20     
04/11/1978  0       4.5    30     19     
05/11/1978  0       2.3    25.1   15     
06/11/1978  0       2.5    35     12     
07/11/1978  0       5.6    30     14     
08/11/1978  0       5      30     14     
09/11/1978  0       2.5    33     19     
10/11/1978  0       2.1    35     14     
11/11/1978  0       6      35     22     
12/11/1978  0       2.8    29     18     
13/11/1978  0       1.5    30     18     
14/11/1978  0       5      Nulo   16     
15/11/1978  0       5.4    Nulo   16     
16/11/1978  0       4.9    Nulo   19     
17/11/1978  0       4.7    Nulo   18     
18/11/1978  0       2      Nulo   20     
19/11/1978  0       6.5    Nulo   20     
20/11/1978  0       2      Nulo   19     
21/11/1978  0       1.5    25     19     
22/11/1978  0       2      30     15     
23/11/1978  0       3.9    30     19     
24/11/1978  0       2.6    29     20     
25/11/1978  0       4.5    30     18     
26/11/1978  0       5.2    33     20     
27/11/1978  0       6.1    30     20     
28/11/1978  0       5      30     19     
29/11/1978  0       2      35     20     
30/11/1978  0       6      35     20     
01/05/1979  0       Nulo   30     21     
02/05/1979  0       Nulo   29     20     
03/05/1979  0       Nulo   30     20     
04/05/1979  0       Nulo   30     22     
05/05/1979  0       Nulo   40     21     
06/05/1979  0       Nulo   38     25     
07/05/1979  0       Nulo   30.1   20     
08/05/1979  0       Nulo   30     21     
09/05/1979  0       Nulo   30     25     
10/05/1979  0       Nulo   36     23     
11/05/1979  0       Nulo   30     21     
12/05/1979  0       Nulo   30     20     
13/05/1979  0       Nulo   34     20     
14/05/1979  0       Nulo   28     21     
15/05/1979  0       Nulo   30     18     
16/05/1979  0       Nulo   30     20     
17/05/1979  0       Nulo   26.1   19     
18/05/1979  0       Nulo   30     20     
19/05/1979  0       Nulo   30     21     
20/05/1979  0       Nulo   30     20     
21/05/1979  0       Nulo   30     21     
22/05/1979  0       Nulo   38     22     
23/05/1979  0       Nulo   30     20     
24/05/1979  0       Nulo   30     20     
25/05/1979  2.7     Nulo   30     24     
26/05/1979  0       Nulo   30     21     
27/05/1979  0       Nulo   35     20     
28/05/1979  0       Nulo   30     22     
29/05/1979  0       Nulo   32     20     
30/05/1979  0       Nulo   36     20     
31/05/1979  0       Nulo   31     20     
01/02/1980  0       2.1    34     17     
02/02/1980  0       2      34     15     
03/02/1980  0       5.6    35     15     
04/02/1980  0       2.1    30     20     
05/02/1980  0       3      33     20     
06/02/1980  0       2      35     20     
07/02/1980  0       5.1    30     21     
08/02/1980  0       5      31     19     
09/02/1980  0       4      32     15     
10/02/1980  0       1.1    30     19     
11/02/1980  0       4.2    34     18     
12/02/1980  0       3      32     20     
13/02/1980  0       2      30     17     
14/02/1980  0       0.3    33     19     
15/02/1980  0       1      34     19     
16/02/1980  0       3      35     20     
17/02/1980  0       3.1    35     21     
18/02/1980  0       8      34     22     
19/02/1980  0       9.5    34     15     
20/02/1980  0       3      34     20     
21/02/1980  0       2      34     20     
22/02/1980  0       2      35     20     
23/02/1980  0       3      31     21     
24/02/1980  0       3      31     19     
25/02/1980  0       2      34     19     
26/02/1980  0       2      30     20     
27/02/1980  0       3      33     21     
28/02/1980  0       4.8    34     22     
29/02/1980  0       5      35     20     
01/09/1980  0       2      29     20     
02/09/1980  0       2.2    32     20     
03/09/1980  20.2    9.2    29     20     
04/09/1980  0       9      31.5   19     
05/09/1980  0       1.9    31     21     
06/09/1980  0       1      25     21     
07/09/1980  0       3.1    31     22     
08/09/1980  0       1.4    31     20     
09/09/1980  0       2.7    30     19     
10/09/1980  0       3.9    31     21     
11/09/1980  0       5.1    32     20     
12/09/1980  0       4.9    30     20     
13/09/1980  5.2     5.3    38     22     
14/09/1980  10.1    8      27.1   27     
15/09/1980  0       7.3    39     21     
16/09/1980  3.2     5      27     22     
17/09/1980  0       2.8    30     20     
18/09/1980  20.3    4.1    30     20     
19/09/1980  30      9.3    25     19     
20/09/1980  0       3.3    27     14     
21/09/1980  0       4.3    36     14     
22/09/1980  7.1     4.1    30     20     
23/09/1980  10.5    5.5    32     19     
24/09/1980  11      6      30     20     
25/09/1980  5.2     7.1    34     20     
26/09/1980  20      3.6    25.1   22     
27/09/1980  0       1      30     21     
28/09/1980  0       1.8    35     21     
29/09/1980  0       1.9    35     19     
30/09/1980  0       1.8    32     15     
01/12/1980  0       2.5    33     10     
02/12/1980  0       4.9    32     18     
03/12/1980  0       1.3    34     20     
04/12/1980  0       5.7    29     21     
05/12/1980  0       2.7    32     17     
06/12/1980  0       4      28     19     
07/12/1980  0       3      35     18     
08/12/1980  0       2.7    34     20     
09/12/1980  0       3.3    33     19     
10/12/1980  0       2.3    32     20     
11/12/1980  0       2      21     20     
12/12/1980  0       3.7    32     17     
13/12/1980  0       2.1    28     19     
14/12/1980  0       2.7    28     10     
15/12/1980  0       4.4    32     20     
16/12/1980  0       2.1    29     20     
17/12/1980  0       2.7    28     15     
18/12/1980  0       5.2    26     19     
19/12/1980  0       1.6    31     20     
20/12/1980  0       3.2    26     20     
21/12/1980  0       2.2    32     14     
22/12/1980  0       2.7    30     16     
23/12/1980  0       1.2    28     20     
24/12/1980  0       0.9    30     18     
25/12/1980  0       1      32     20     
26/12/1980  0       2.9    28     20     
27/12/1980  0       4.1    40     17     
28/12/1980  0       2      30     21     
29/12/1980  0       1.9    34     19     
30/12/1980  0       2.1    32     20     
31/12/1980  0       4.1    33     21     
01/01/1981  0       3      30     16     
02/01/1981  0       2      32     14     
03/01/1981  0       3      32     19     
04/01/1981  0       2.1    34     10     
05/01/1981  0       1.9    30     18     
06/01/1981  0       0.8    30     12     
07/01/1981  0       0.1    28.1   16     
08/01/1981  0       1.8    32     17     
09/01/1981  0       3.3    27     14     
10/01/1981  0       2.1    31     15     
11/01/1981  0       4.8    30     12     
12/01/1981  0       2.2    29     20     
13/01/1981  0       3.1    31     18     
14/01/1981  0       1.8    30     21     
15/01/1981  0       1.9    27     14     
16/01/1981  0       1.8    28     19     
17/01/1981  0       1.2    34     19     
18/01/1981  0       0.3    35     21     
19/01/1981  0       1.9    30.1   20     
20/01/1981  0       1.9    30     18     
21/01/1981  0       2      31     20     
22/01/1981  0       3      25     20     
23/01/1981  0       1.9    30     10     
24/01/1981  0       2.7    28     13     
25/01/1981  0       1.3    35     19     
26/01/1981  0       0.9    29     9      
27/01/1981  0       3      29     20     
28/01/1981  0       3      35     20     
29/01/1981  0       4.9    34     21     
30/01/1981  0       0.9    32     21     
31/01/1981  0       1.3    35     20     
01/02/1981  0       2      33     22     
02/02/1981  0       2.7    30     20     
03/02/1981  0       1.1    31     19     
04/02/1981  0       2.9    30     22     
05/02/1981  0       3.1    35     20     
06/02/1981  0       2.9    34     20     
07/02/1981  0       1.9    32     21     
08/02/1981  0       2.2    32     20     
09/02/1981  0       2.8    30     21     
10/02/1981  0       2.8    32     20     
11/02/1981  0       2.3    32     21     
12/02/1981  0       4      32     15     
13/02/1981  0       2      28     20     
14/02/1981  0       3.8    26     20     
15/02/1981  0       3.3    33     14     
16/02/1981  0       2.9    32     20     
17/02/1981  0       2.9    35     20     
18/02/1981  0       2      32     21     
19/02/1981  0       3.1    35     18     
20/02/1981  0       1.9    30     19.5   
21/02/1981  0       3      30     20     
22/02/1981  0       1.1    28     21     
23/02/1981  0       2.8    30     20     
24/02/1981  0       3      35     13     
25/02/1981  0       3.2    30     15     
26/02/1981  0       1.2    28.1   21     
27/02/1981  0       1      37     18     
28/02/1981  0       0.8    35     20     
01/03/1981  0       1.9    30     20     
02/03/1981  0       1.7    33     20     
03/03/1981  0       2.1    33     20     
04/03/1981  0       3.1    36     21     
05/03/1981  0       2.1    29     19     
06/03/1981  0       3      31     20     
07/03/1981  0       0.9    39     20     
08/03/1981  0       1.8    31     20     
09/03/1981  0       2      30     19     
10/03/1981  0       4.9    31     19     
11/03/1981  0       3      35     20     
12/03/1981  0       2.2    32     20     
13/03/1981  0       1.6    29     20     
14/03/1981  0       2.9    32     16     
15/03/1981  0       3.4    20.1   13     
16/03/1981  0       2      35     14     
17/03/1981  0       1.9    35     19     
18/03/1981  0       2.9    27     20     
19/03/1981  0       2.8    33     16     
20/03/1981  0       2.2    30     20     
21/03/1981  3.3     5.2    32     17     
22/03/1981  0       3      32     19     
23/03/1981  0       3.3    25     20     
24/03/1981  0       1.6    23     20     
25/03/1981  0       3      30     15     
26/03/1981  0       4.1    34     17     
27/03/1981  0       2.7    35     16     
28/03/1981  0       2      30     20     
29/03/1981  0       2      25     15     
30/03/1981  0       3.2    35     19     
31/03/1981  0       2.6    35     20     
01/04/1981  0       5.3    30     20     
02/04/1981  0       2.1    35     15     
03/04/1981  0       2      30     20     
04/04/1981  0       1.1    35     16     
05/04/1981  0       1.9    31     20     
06/04/1981  0       3.9    35     21     
07/04/1981  0       2.1    35     20     
08/04/1981  0       1      34     20     
09/04/1981  0       1.7    30     21     
10/04/1981  0       2.4    32     15     
11/04/1981  0       2.9    39     20     
12/04/1981  0       2.9    40     20     
13/04/1981  0       1.2    32     20     
14/04/1981  0       3      32     20     
15/04/1981  0       2.8    30     20     
16/04/1981  0       1.8    29     12     
17/04/1981  0       5.2    25     15     
18/04/1981  0       6      32     19     
19/04/1981  0       7      36     20     
20/04/1981  0       1.9    35     20     
21/04/1981  0       2      30     21     
22/04/1981  0       3      32     25     
23/04/1981  0       3      29     16     
24/04/1981  0       2.3    35     10     
25/04/1981  0       2.4    36     15     
26/04/1981  0       5.7    24     20     
27/04/1981  3.1     3.1    32     21     
28/04/1981  0       2.6    35     20     
29/04/1981  0       5.3    34     21     
30/04/1981  0       3.3    30     20     
01/05/1981  0       Nulo   32.5   20     
02/05/1981  2.6     Nulo   32     20.5   
03/05/1981  1.2     Nulo   25.1   15.5   
04/05/1981  0       Nulo   32     14.5   
05/05/1981  0       Nulo   29     15.5   
06/05/1981  0       Nulo   25     21.5   
07/05/1981  0       Nulo   30.5   10     
08/05/1981  0       Nulo   30     15     
09/05/1981  0       Nulo   28.5   10     
10/05/1981  0       Nulo   30     20     
11/05/1981  0       Nulo   30.5   21     
12/05/1981  0       Nulo   29.5   21.5   
13/05/1981  0       Nulo   30     20     
14/05/1981  0       Nulo   31.5   23.5   
15/05/1981  0       Nulo   28.5   20.5   
16/05/1981  0       Nulo   29     17.5   
17/05/1981  0       Nulo   30.5   21     
18/05/1981  0       Nulo   31     21.5   
19/05/1981  0       Nulo   32     20     
20/05/1981  0       Nulo   29     20     
21/05/1981  0       Nulo   28     20.5   
22/05/1981  0       Nulo   29     21.5   
23/05/1981  0       Nulo   30.5   18.5   
24/05/1981  0       Nulo   30     20.5   
25/05/1981  3       Nulo   32     17     
26/05/1981  0       Nulo   30     16     
27/05/1981  3.5     Nulo   32     16     
28/05/1981  1.3     Nulo   31.5   14     
29/05/1981  4.1     Nulo   32.5   19     
30/05/1981  1       Nulo   32     15.5   
31/05/1981  1.2     Nulo   32.5   14     
01/06/1981  40.5    Nulo   30     20     
02/06/1981  1.5     Nulo   30.5   21     
03/06/1981  0       Nulo   30     20.5   
04/06/1981  0       Nulo   32     21     
05/06/1981  0       Nulo   29     23     
06/06/1981  3.6     Nulo   28.5   20     
07/06/1981  1       Nulo   30     16     
08/06/1981  0       Nulo   28.6   20.5   
09/06/1981  0       Nulo   30     20     
10/06/1981  90      Nulo   32     21     
11/06/1981  1       Nulo   29.5   20     
12/06/1981  1.5     Nulo   30     15     
13/06/1981  2       Nulo   30.5   20     
14/06/1981  1.5     Nulo   30     16.5   
15/06/1981  45      Nulo   33.5   20     
16/06/1981  0       Nulo   30     14     
17/06/1981  0       Nulo   31.5   19     
18/06/1981  0       Nulo   32     21.5   
19/06/1981  0       Nulo   33     20     
20/06/1981  5       Nulo   30     25     
21/06/1981  2.5     Nulo   29     16     
22/06/1981  0       Nulo   30.5   15     
23/06/1981  50      Nulo   30     20.5   
24/06/1981  20      Nulo   29     22     
25/06/1981  0       Nulo   28     14     
26/06/1981  0       Nulo   29     18.5   
27/06/1981  80      Nulo   30.5   15     
28/06/1981  40      Nulo   32     20     
29/06/1981  0       Nulo   30     20     
30/06/1981  0       Nulo   31.5   28.5   
01/07/1981  0       Nulo   35     19     
02/07/1981  0       Nulo   29     19     
03/07/1981  0       Nulo   35     15     
04/07/1981  0       Nulo   29     19     
05/07/1981  0       Nulo   35     20     
06/07/1981  0       Nulo   35     20     
07/07/1981  0       Nulo   35     20     
08/07/1981  0       Nulo   32     20     
09/07/1981  0       Nulo   35     19     
10/07/1981  0       Nulo   30     20     
11/07/1981  0       Nulo   30     22     
12/07/1981  0       Nulo   36     20     
13/07/1981  0       Nulo   35     20     
14/07/1981  0       Nulo   35     22     
15/07/1981  41      Nulo   30     20     
16/07/1981  0       Nulo   32     20     
17/07/1981  5       Nulo   33     20     
18/07/1981  22      Nulo   31     22     
19/07/1981  0       Nulo   30     21     
20/07/1981  0       Nulo   30     20     
21/07/1981  110     Nulo   33     22     
22/07/1981  6       Nulo   33     20     
23/07/1981  0       Nulo   32     20     
24/07/1981  9       Nulo   36     20     
25/07/1981  21.5    Nulo   30     20     
26/07/1981  0       Nulo   32     18     
27/07/1981  0       Nulo   33     19     
28/07/1981  0       Nulo   32     19     
29/07/1981  0       Nulo   30     20     
30/07/1981  0       Nulo   30     22     
31/07/1981  0       Nulo   31     21     
01/08/1981  0       Nulo   30     19.5   
02/08/1981  0       Nulo   29     20     
03/08/1981  0       Nulo   30.5   18.5   
04/08/1981  0       Nulo   33     22     
05/08/1981  0       Nulo   33     20     
06/08/1981  0       Nulo   30.5   19     
07/08/1981  0       Nulo   32     20.5   
08/08/1981  0       Nulo   31     20     
09/08/1981  50      Nulo   30.5   18     
10/08/1981  0       Nulo   33     20     
11/08/1981  0       Nulo   29.1   23.5   
12/08/1981  40      Nulo   30.5   15     
13/08/1981  30      Nulo   30     19     
14/08/1981  20      Nulo   30     21     
15/08/1981  20      Nulo   29     20     
16/08/1981  90      Nulo   28.6   19     
17/08/1981  0       Nulo   28     16.5   
18/08/1981  19      Nulo   30     20     
19/08/1981  0       Nulo   30.5   21.5   
20/08/1981  20      Nulo   32     20     
21/08/1981  0       Nulo   29     20.5   
22/08/1981  0       Nulo   30.5   20     
23/08/1981  0       Nulo   29     25.5   
24/08/1981  0       Nulo   26     19.5   
25/08/1981  0       Nulo   27.5   18.5   
26/08/1981  0       Nulo   30.5   19.5   
27/08/1981  6.5     Nulo   29     20     
28/08/1981  0       Nulo   30     23.5   
29/08/1981  0       Nulo   30.5   26     
30/08/1981  10      Nulo   32     22.5   
31/08/1981  0       Nulo   28     18     
01/09/1981  0       Nulo   28     19     
02/09/1981  0       Nulo   30.5   19.5   
03/09/1981  0       Nulo   29.1   20     
04/09/1981  0       Nulo   32     16     
05/09/1981  0       Nulo   30.5   20     
06/09/1981  0       Nulo   30     20.5   
07/09/1981  0       Nulo   28     20.5   
08/09/1981  0       Nulo   31     18.5   
09/09/1981  0       Nulo   32     19     
10/09/1981  0       Nulo   29.5   20     
11/09/1981  0       Nulo   26.1   20.5   
12/09/1981  20      Nulo   30     18     
13/09/1981  0       Nulo   30.5   20     
14/09/1981  0       Nulo   29     18     
15/09/1981  0       Nulo   32     20.5   
16/09/1981  40      Nulo   30     19     
17/09/1981  60      Nulo   29     20.5   
18/09/1981  0       Nulo   29.5   20     
19/09/1981  0       Nulo   28.1   20.5   
20/09/1981  0       Nulo   29     16.5   
21/09/1981  20      Nulo   32     20     
22/09/1981  0       Nulo   32.5   19     
23/09/1981  0       Nulo   29     20     
24/09/1981  0       Nulo   28.5   16.5   
25/09/1981  0       Nulo   34     20     
26/09/1981  0       Nulo   30.1   20.5   
27/09/1981  0       Nulo   30.5   20     
28/09/1981  0       Nulo   28.5   21     
29/09/1981  0       Nulo   27.5   20     
30/09/1981  0       Nulo   29.5   21.5   
01/12/1981  0       3.9    30     19     
02/12/1981  0       1.7    33     19     
03/12/1981  0       3      31     19     
04/12/1981  0       3.2    37.5   15     
05/12/1981  0       1.6    30     18     
06/12/1981  0       3.2    28     20     
07/12/1981  0       1.8    30     15     
08/12/1981  0       2.3    28     21     
09/12/1981  0       3      35     16     
10/12/1981  0       1.7    27.1   18     
11/12/1981  0       3.1    32     21     
12/12/1981  0       2.4    30     22     
13/12/1981  0       2.7    27.1   25     
14/12/1981  0       2      36     21     
15/12/1981  0       6.8    30     22     
16/12/1981  0       4.4    29     25     
17/12/1981  0       3.9    30     25     
18/12/1981  0       2      28     21     
19/12/1981  0       1.9    35     18     
20/12/1981  0       4.1    31     20.5   
21/12/1981  0       1.7    33     25     
22/12/1981  0       3.3    32     27     
23/12/1981  0       2      35     26     
24/12/1981  0       2.8    30     26     
25/12/1981  0       2.2    35     22     
26/12/1981  0       1.8    33     26     
27/12/1981  0       2.1    36     24.5   
28/12/1981  0       3.8    31     25     
29/12/1981  0       2      35     21     
30/12/1981  0       2.8    30     25     
31/12/1981  0       2.3    33     25     
01/01/1982  0       2.7    32     20     
02/01/1982  0       2.1    32     20     
03/01/1982  0       1.8    30     19     
04/01/1982  0       3.5    35     20     
05/01/1982  0       2.5    37     19     
06/01/1982  0       2      32     19     
07/01/1982  0       1.9    29     21     
08/01/1982  0       2.9    30     18     
09/01/1982  0       3.2    28     18     
10/01/1982  0       1.7    35     20     
11/01/1982  0       3.2    34     21     
12/01/1982  0       1.9    35     20     
13/01/1982  0       2.1    30     21     
14/01/1982  0       2.7    32     20     
15/01/1982  0       2.4    30     21     
16/01/1982  0       4      36     22     
17/01/1982  0       2.9    30     22     
18/01/1982  0       1.8    31     18     
19/01/1982  0       2.8    30     20     
20/01/1982  0       2.4    28     21     
21/01/1982  0       3      29     19     
22/01/1982  0       1.9    29     20     
23/01/1982  0       2      32     18     
24/01/1982  0       3.2    29.1   20     
25/01/1982  0       3.1    30     21     
26/01/1982  0       2      30     20     
27/01/1982  0       1.9    29     18     
28/01/1982  0       3      32     20     
29/01/1982  0       2.9    35     21     
30/01/1982  0       1.6    30     21     
31/01/1982  0       4.1    32     22     
01/02/1982  0       3.2    30     19     
02/02/1982  0       1.7    36     21     
03/02/1982  0       1.9    32     20     
04/02/1982  0       3.1    33     17     
05/02/1982  0       3.1    32     17     
06/02/1982  0       1.9    32     20     
07/02/1982  0       2.1    31     18     
08/02/1982  0       3.1    29     19     
09/02/1982  0       1.8    27     18     
10/02/1982  0       1.8    32     18     
11/02/1982  0       3.4    32     18     
12/02/1982  0       3.1    35     17     
13/02/1982  0       2.6    32     19     
14/02/1982  0       2.2    32     21     
15/02/1982  0       5      31     18     
16/02/1982  0       2.8    30     17     
17/02/1982  0       3.8    34     19.5   
18/02/1982  5       6.2    34     18     
19/02/1982  0       3      32     20     
20/02/1982  0       2.8    35     18     
21/02/1982  0       3.1    30     19     
22/02/1982  0       2      31.5   20     
23/02/1982  0       1.9    30     19     
24/02/1982  0       3      33     20     
25/02/1982  0       2.8    34     17     
26/02/1982  0       2.2    35     21     
27/02/1982  0       2.2    35     20     
28/02/1982  0       2.8    33     19     
01/03/1982  0       3.3    35     10     
02/03/1982  0       2      32     20     
03/03/1982  0       1.6    29     18     
04/03/1982  0       3.2    30     21     
05/03/1982  0       3.2    34     14     
06/03/1982  0       3.6    29     20     
07/03/1982  0       2.9    29     14     
08/03/1982  0       2.1    30     15     
09/03/1982  0       1.5    29     20     
10/03/1982  0       3.4    30     13     
11/03/1982  0       3.1    30     20     
12/03/1982  0       1.8    32     15     
13/03/1982  0       1.9    30     20     
14/03/1982  0       3.2    35     20     
15/03/1982  0       1.8    31     16     
16/03/1982  0       3.1    28     14     
17/03/1982  0       2.1    29     19     
18/03/1982  0       2.5    32     20     
19/03/1982  0       3.3    27     15     
20/03/1982  0       2.9    30     20     
21/03/1982  0       4.2    29     15     
22/03/1982  0       5.8    32     19     
23/03/1982  0       6.3    33     19     
24/03/1982  0       4.8    27     20     
25/03/1982  0       5.1    27     19     
26/03/1982  0       3.2    29     18     
27/03/1982  0       1.7    28     20     
28/03/1982  0       3.2    29     21     
29/03/1982  0       2.8    24.1   20     
30/03/1982  0       2.2    35     15     
31/03/1982  0       1.6    29     18     
01/04/1982  0       5.3    34.5   18     
02/04/1982  0       2.8    32     19.5   
03/04/1982  0       2.2    29.5   20     
04/04/1982  0       1.6    31.5   15     
05/04/1982  0       3.2    33     20.5   
06/04/1982  0       2.1    30.5   20     
07/04/1982  0       3.3    32.5   17.5   
08/04/1982  0       3.3    31.5   19.5   
09/04/1982  0       1.2    30.5   20     
10/04/1982  0       2.2    31.5   18     
11/04/1982  0       3.5    32.5   19.5   
12/04/1982  0       3      33     15.5   
13/04/1982  0       3.8    34.5   19.5   
14/04/1982  0       2.7    32.5   20     
15/04/1982  0       Nulo   34.5   20.5   
16/04/1982  0       Nulo   33.5   20     
17/04/1982  0       Nulo   32     21.5   
18/04/1982  0       Nulo   30.5   20.5   
19/04/1982  0       Nulo   31.5   19     
20/04/1982  0       Nulo   33.5   19.5   
21/04/1982  0       Nulo   34.5   20     
22/04/1982  0       Nulo   31.5   21.5   
23/04/1982  0       Nulo   30.5   20     
24/04/1982  0       Nulo   35     19     
25/04/1982  0       Nulo   31.5   20.5   
26/04/1982  0       Nulo   34.5   19     
27/04/1982  0       Nulo   32.5   21.5   
28/04/1982  0       Nulo   33     22     
29/04/1982  0       Nulo   34     19     
30/04/1982  0       Nulo   35     20.5   
01/05/1982  0       Nulo   27     20     
02/05/1982  0       Nulo   29     18     
03/05/1982  0       Nulo   27     18     
04/05/1982  0       Nulo   29.5   15     
05/05/1982  0       Nulo   28     20     
06/05/1982  0       Nulo   28.5   19     
07/05/1982  0       Nulo   31     17.5   
08/05/1982  0       Nulo   32     20     
09/05/1982  0       Nulo   33     21.5   
10/05/1982  0       Nulo   32     20     
11/05/1982  0       Nulo   31.5   21.5   
12/05/1982  0       Nulo   29     20     
13/05/1982  0       Nulo   31.5   19.5   
14/05/1982  0       Nulo   30.5   20     
15/05/1982  0       Nulo   30.5   19.5   
16/05/1982  0       Nulo   32     20     
17/05/1982  15      Nulo   30.5   21.5   
18/05/1982  20      Nulo   31.5   16     
19/05/1982  0       Nulo   30     20.5   
20/05/1982  0       Nulo   30.5   19.5   
21/05/1982  0       Nulo   31.5   19     
22/05/1982  0       Nulo   29.5   21     
23/05/1982  0       Nulo   31.5   20.5   
24/05/1982  0       Nulo   35     21.5   
25/05/1982  0       Nulo   31     20.5   
26/05/1982  0       Nulo   32.5   19.5   
27/05/1982  20.1    Nulo   33     20.5   
28/05/1982  2       Nulo   35.5   21.5   
29/05/1982  0       Nulo   30.5   22.5   
30/05/1982  0       Nulo   31.5   19.5   
31/05/1982  0       Nulo   31     20.5   
01/08/1982  0       3.2    34     21     
02/08/1982  0       4.1    29     20     
03/08/1982  0       3.9    30     17.5   
04/08/1982  20      3.2    33     20     
05/08/1982  0       3.9    30.5   21.5   
06/08/1982  20      4      33     22     
07/08/1982  0       1.8    31     21     
08/08/1982  6.3     6.5    34     18.5   
09/08/1982  0       6.7    33     20     
10/08/1982  0       8.2    30     20     
11/08/1982  5       7.9    33     18.5   
12/08/1982  0       5.9    33     20     
13/08/1982  0       4.2    33.5   19.5   
14/08/1982  0       1.8    30     18     
15/08/1982  0       3.2    34.5   18.5   
16/08/1982  0       1.6    33     21     
17/08/1982  10.5    4.7    34     20     
18/08/1982  0       5.8    33     18     
19/08/1982  0       3.3    32.5   20     
20/08/1982  0       2.9    30     22     
21/08/1982  0       3.1    29     18     
22/08/1982  0       3.3    29     18.5   
23/08/1982  0       2.7    31     17.5   
24/08/1982  0       4.9    30     20     
25/08/1982  0       2.2    33     19     
26/08/1982  0       3.8    32     21     
27/08/1982  6.1     6.8    33     20     
28/08/1982  0       6.2    31     20.5   
29/08/1982  0       2.8    35     20     
30/08/1982  0       4.1    31     20     
31/08/1982  0       2.8    32     19     
01/09/1982  0       4.2    32     21     
02/09/1982  0       2.9    30     21     
03/09/1982  0       2.8    33     21.5   
04/09/1982  0       3.1    32     20     
05/09/1982  0       5.1    30     22     
06/09/1982  0       1.7    30.5   20     
07/09/1982  0       4.3    31     22.5   
08/09/1982  0       2.9    34     21     
09/09/1982  0       3      29     20     
10/09/1982  0       3.2    35     20     
11/09/1982  0       2.9    30     20.5   
12/09/1982  0       5.1    33     20     
13/09/1982  10      6.6    35     19     
14/09/1982  0       8.2    32     22     
15/09/1982  0       2      30     21     
16/09/1982  0       2.5    31     19     
17/09/1982  0       3.6    34     20     
18/09/1982  0       1.7    33     20.5   
19/09/1982  30      3.9    30     21     
20/09/1982  10.3    5.8    30     19     
21/09/1982  0       6.6    31     18     
22/09/1982  0       3.4    35     20     
23/09/1982  0       3      30     20.5   
24/09/1982  20      6.7    27     21     
25/09/1982  6       5.3    29     20     
26/09/1982  0       2.6    28     20     
27/09/1982  0       7.2    30     20     
28/09/1982  6       7.1    31     20.5   
29/09/1982  0       4      30     20     
30/09/1982  0       3      28.5   20     
01/10/1982  20.8    7.9    33     18     
02/10/1982  10.5    4.4    30     21     
03/10/1982  0       5.1    27.5   20     
04/10/1982  0       5.2    30     19.5   
05/10/1982  0       2.8    29     23     
06/10/1982  0       2.8    32     21     
07/10/1982  0       3.2    30     20     
08/10/1982  0       2.9    31     18.5   
09/10/1982  0       2.9    28.5   19     
10/10/1982  0       4.1    34     19     
11/10/1982  0       4.9    28     20     
12/10/1982  0       2.9    29     20     
13/10/1982  0       4      35     18     
14/10/1982  0       3.2    31     22     
15/10/1982  0       7.9    29     20     
16/10/1982  0       3      30     18.5   
17/10/1982  0       3.8    32.5   20     
18/10/1982  0       4.1    28     21     
19/10/1982  0       3.1    29     20     
20/10/1982  0       2.8    30     22     
21/10/1982  0       3.1    32     20     
22/10/1982  0       2      34     20.5   
23/10/1982  0       2.1    30     23     
24/10/1982  0       3      31     18     
25/10/1982  0       3.9    34     21     
26/10/1982  0       3.2    34.5   22     
27/10/1982  0       3.8    30     23     
28/10/1982  0       2.1    29     22     
29/10/1982  0       3.9    32     18     
30/10/1982  0       3      32     19     
31/10/1982  0       3      28.5   23     
01/11/1982  0       1      34     20     
02/11/1982  0       0.9    30.5   18.5   
03/11/1982  0       2.2    27     18     
04/11/1982  0       3      28.5   20     
05/11/1982  0       3      33     20.5   
06/11/1982  0       4.2    26     21.5   
07/11/1982  0       2.9    30     17     
08/11/1982  0       3      28.5   18     
09/11/1982  0       3.9    28     16.5   
10/11/1982  0       5      30     17     
11/11/1982  0       6.2    29.5   21     
12/11/1982  0       4.1    33     18     
13/11/1982  0       2.8    29.5   19.5   
14/11/1982  0       2.9    28     17     
15/11/1982  0       4.2    30     19     
16/11/1982  0       5      28     21     
17/11/1982  0       2      33     15     
18/11/1982  0       3.3    28.5   18     
19/11/1982  0       3.8    31     17.5   
20/11/1982  0       5.3    30     19     
21/11/1982  0       5.8    32     17.5   
22/11/1982  0       3.2    33.5   16     
23/11/1982  0       4.9    31     21     
24/11/1982  0       3.9    29     20     
25/11/1982  0       4.3    29.5   16     
26/11/1982  0       2      29     20     
27/11/1982  0       1      29     19.5   
28/11/1982  0       2      27.5   20     
29/11/1982  0       1.6    30     17     
30/11/1982  0       1.2    32     20     
01/12/1982  0       2.1    32.5   20     
02/12/1982  0       3      27     21.5   
03/12/1982  0       4.2    30     19     
04/12/1982  0       3.8    29.5   18     
05/12/1982  0       3.9    32     20     
06/12/1982  0       3.2    27.5   22     
07/12/1982  0       3.2    32     15     
08/12/1982  0       3.8    29.5   21     
09/12/1982  0       2.1    30     19.5   
10/12/1982  0       3      29.5   20     
11/12/1982  0       3.9    31     20     
12/12/1982  0       2.9    30     20     
13/12/1982  0       3.2    33     20     
14/12/1982  0       2      32.5   23.5   
15/12/1982  0       2      29     21     
16/12/1982  0       1.9    30     18     
17/12/1982  0       3.1    31.5   20     
18/12/1982  0       4      30     23     
19/12/1982  0       3.8    29     21     
20/12/1982  0       3.2    32     19.5   
21/12/1982  0       1.8    34     20     
22/12/1982  0       5.1    29     15     
23/12/1982  0       2.4    30     11     
24/12/1982  0       3.5    30.5   13     
25/12/1982  0       3.7    28     20     
26/12/1982  0       2.2    30     17     
27/12/1982  0       4.1    29     15     
28/12/1982  0       3.9    30     16     
29/12/1982  0       6      29.5   17.5   
30/12/1982  0       4      32     19     
31/12/1982  0       5      29.5   18.5   
01/01/1983  0       1.1    27.5   20.5   
02/01/1983  0       1      31     18     
03/01/1983  0       0.8    29.5   20     
04/01/1983  0       7.1    33     18     
05/01/1983  0       4.9    32.5   22.5   
06/01/1983  0       6      27     15     
07/01/1983  0       2.8    30     19     
08/01/1983  0       3.1    31.5   18.5   
09/01/1983  0       4.7    28     19     
10/01/1983  0       4.2    31     17     
11/01/1983  0       5.1    29.5   19     
12/01/1983  0       3.7    32     16     
13/01/1983  0       3.2    34     18     
14/01/1983  0       2.8    30     21.5   
15/01/1983  0       4.1    30.5   20     
16/01/1983  0       4.7    32     18     
17/01/1983  0       3.4    31.5   19     
18/01/1983  0       4.2    30     20     
19/01/1983  0       4.9    30.5   20     
20/01/1983  0       4.3    33     18.5   
21/01/1983  0       3.9    33.5   20     
22/01/1983  0       3      29     15.5   
23/01/1983  0       4.1    31     17     
24/01/1983  0       4.7    30     20     
25/01/1983  0       4.2    33     19.5   
26/01/1983  0       2.6    28.5   21     
27/01/1983  0       4.4    30     16     
28/01/1983  0       3      32.5   21     
29/01/1983  0       5      33     20     
30/01/1983  0       5.1    27.5   21.5   
31/01/1983  0       4.6    30     19     
01/02/1983  0       4.3    30.5   20.5   
02/02/1983  0       2.8    28     21     
03/02/1983  0       4.2    32     19     
04/02/1983  0       5.1    31.5   18.5   
05/02/1983  0       3.8    33     20     
06/02/1983  0       5.1    30     20.5   
07/02/1983  0       2.9    29.5   20     
08/02/1983  0       3.1    27     18.5   
09/02/1983  0       3      32     17     
10/02/1983  0       2.8    34     19.5   
11/02/1983  0       2.9    31.5   21.5   
12/02/1983  0       3.3    30     19     
13/02/1983  0       3      32.5   20     
14/02/1983  0       3.1    30     22     
15/02/1983  0       3.2    29     21     
16/02/1983  0       2.8    32.5   20     
17/02/1983  0       4.2    32     21     
18/02/1983  0       3      34     20     
19/02/1983  0       4      32     21     
20/02/1983  0       2.1    32.5   19     
21/02/1983  0       2.9    30     21     
22/02/1983  0       3.1    31.5   19     
23/02/1983  0       3.1    32     20     
24/02/1983  0       2.7    30     20.5   
25/02/1983  0       3.3    29     19     
26/02/1983  0       3.1    30     18.5   
27/02/1983  0       4.6    31.5   18     
28/02/1983  0       4.9    30     20     
01/03/1983  0       3.1    31.5   18     
02/03/1983  0       3.3    34     20     
03/03/1983  0       1.8    30     21.5   
04/03/1983  0       4.2    30.5   19     
05/03/1983  0       4.9    32     18     
06/03/1983  0       2      33     20     
07/03/1983  0       4.2    30     18.5   
08/03/1983  0       2.9    31.5   20     
09/03/1983  0       2.9    31     17.5   
10/03/1983  0       3      33     19     
11/03/1983  0       5.2    35     18     
12/03/1983  0       2.9    31     20     
13/03/1983  60.1    4.6    27     20     
14/03/1983  0       4.9    29     17     
15/03/1983  0       3.1    29.5   19     
16/03/1983  20      3.2    31     19     
17/03/1983  0       3.8    30     20     
18/03/1983  0       1.9    33.5   20     
19/03/1983  0       4.2    27     19     
20/03/1983  0       3.7    28.5   17.5   
21/03/1983  0       4.3    27     20.5   
22/03/1983  0       2.8    31     19     
23/03/1983  0       3.2    30     20     
24/03/1983  0       2.9    27     20.5   
25/03/1983  0       4.1    31     18     
26/03/1983  0       1.7    34     20     
27/03/1983  0       3.3    31     22     
28/03/1983  0       3.9    27     19     
29/03/1983  0       3.8    30.5   18.5   
30/03/1983  0       3.1    29.5   20     
31/03/1983  0       3.9    30     18     
01/04/1983  0       3.3    32.5   21     
02/04/1983  0       3.1    27     17.5   
03/04/1983  0       5      29.5   18     
04/04/1983  0       2      31     16.5   
05/04/1983  0       3.9    30     20     
06/04/1983  0       3.3    29.5   20     
07/04/1983  0       4.8    33     17.5   
08/04/1983  0       3.9    30     18     
09/04/1983  0       3      30.5   19.5   
10/04/1983  0       3.1    31     20     
11/04/1983  0       5      33     19.5   
12/04/1983  0       3.8    29.5   20     
13/04/1983  0       2.3    30     18     
14/04/1983  0       3.8    33     20.5   
15/04/1983  0       4.7    30.5   21     
16/04/1983  0       4.3    28     17     
17/04/1983  0       4.8    30     18     
18/04/1983  0       4      31     19.5   
19/04/1983  0       5.3    29.5   21     
20/04/1983  0       3.7    32     20     
21/04/1983  0       5.3    27     21     
22/04/1983  0       2.9    29.5   17     
23/04/1983  0       4.2    31     19     
24/04/1983  0       3.8    30.5   20     
25/04/1983  0       3.2    30     21     
26/04/1983  0       3.8    31     20     
27/04/1983  0       2.9    29.5   21.5   
28/04/1983  0       2.1    31     18     
29/04/1983  0       4.7    30     19     
30/04/1983  0       4.7    29     18     
01/05/1983  0       3.2    32.5   18     
02/05/1983  0       4.9    29     19.5   
03/05/1983  0       4.2    32.5   19     
04/05/1983  0       4.1    30     20.5   
05/05/1983  0       1.8    32.5   21     
06/05/1983  0       6.2    28     22     
07/05/1983  0       2.8    28.5   18.5   
08/05/1983  0       4.2    31     17     
09/05/1983  0       3.9    34     17.5   
10/05/1983  0       3.1    32.5   20     
11/05/1983  0       5      31     20.5   
12/05/1983  0       3.1    30     18     
13/05/1983  0       3.6    31.5   18.5   
14/05/1983  0       4.7    32     21     
15/05/1983  0       4.1    30     19.5   
16/05/1983  0       3.9    28.5   20     
17/05/1983  0       2.1    30     18     
18/05/1983  0       2.9    32     19.5   
19/05/1983  0       2.8    29.5   19     
20/05/1983  0       4.2    31     19.5   
21/05/1983  0       4.1    28.5   21     
22/05/1983  0       2.8    29     17     
23/05/1983  0       3.9    29.5   17.5   
24/05/1983  0       4.3    30     19     
25/05/1983  0       1.9    31.5   20     
26/05/1983  0       5      32     19     
27/05/1983  0       4      30     21     
28/05/1983  0       3.7    28.5   18     
29/05/1983  0       5.4    31     17.5   
30/05/1983  0       2.8    30     19.5   
31/05/1983  0       4.1    31.5   19     
01/06/1983  0       4      31.5   20     
02/06/1983  0       4.2    30     20.5   
03/06/1983  2       4.8    33     20.5   
04/06/1983  0       4.9    30.5   21     
05/06/1983  0       3.1    30     20.5   
06/06/1983  0       4.1    29.5   19.5   
07/06/1983  1.3     5.1    30     17     
08/06/1983  0       3.1    30.5   19.5   
09/06/1983  0       4.9    33     20     
10/06/1983  0       3.1    32.5   21.5   
11/06/1983  0       3.9    32     20     
12/06/1983  0       4      36.5   19.5   
13/06/1983  0       4.9    33     20     
14/06/1983  0       6.2    29.5   21.5   
15/06/1983  0       2.8    29     20     
16/06/1983  0       5.1    28.5   17.5   
17/06/1983  0       3.1    29     18     
18/06/1983  0       3.9    31     17.5   
19/06/1983  0       3.1    30.5   20     
20/06/1983  0       3.8    32     20.5   
21/06/1983  18.5    4.9    31.5   21     
22/06/1983  0       4.1    33     19.5   
23/06/1983  0       2.8    32.5   20     
24/06/1983  0       5.2    29     21     
25/06/1983  0       3.1    32.5   19.5   
26/06/1983  0       3.1    32     20     
27/06/1983  10.7    5.7    30.5   20     
28/06/1983  0       4      31     21.5   
29/06/1983  0       2.9    33.5   20     
30/06/1983  0       4      30     20     
01/07/1983  0       3.2    31.5   18.5   
02/07/1983  0       3.8    32     20     
03/07/1983  0       3.9    29.5   21.5   
04/07/1983  0       2.9    31     18     
05/07/1983  10.6    4.7    29     20     
06/07/1983  0       3.3    31.5   19     
07/07/1983  0       3.1    33     20.5   
08/07/1983  0       5      30     20     
09/07/1983  0       1.9    32.5   20.5   
10/07/1983  20      3.1    34     20     
11/07/1983  4.5     5.5    34.5   20.5   
12/07/1983  20.5    5      32.5   20     
13/07/1983  30      4.7    33     19.5   
14/07/1983  8.5     4.2    34.5   18     
15/07/1983  19      5.2    32     20.5   
16/07/1983  0       5.7    32     21     
17/07/1983  3.5     5.5    23.5   20.5   
18/07/1983  12      4.1    32     19     
19/07/1983  2       5.6    34     18.5   
20/07/1983  2.3     6.8    32     20     
21/07/1983  10      5      31.5   19.5   
22/07/1983  0       2.9    28     19.5   
23/07/1983  20      4.2    30.5   21     
24/07/1983  6       6.1    32     20.5   
25/07/1983  14      1.3    30     19     
26/07/1983  12      3.6    31.5   19.5   
27/07/1983  0       6.1    31     20     
28/07/1983  10.5    5.2    31.5   21     
29/07/1983  0       5.9    29     20.5   
30/07/1983  0       5.6    30.5   19     
31/07/1983  0       3.8    32     20     
01/08/1983  0       1.7    30.5   20     
02/08/1983  0       3.8    32     20     
03/08/1983  0       3.2    31.5   20.5   
04/08/1983  15      5      34     20     
05/08/1983  0       4.6    30.5   19     
06/08/1983  7       4.9    32     20     
07/08/1983  0       4.7    30.5   20.5   
08/08/1983  5       4.6    31     20     
09/08/1983  0       5      31     21     
10/08/1983  20      5.7    28.5   20     
11/08/1983  4       5.4    31     20.5   
12/08/1983  12      5.2    32     20     
13/08/1983  17.6    5.9    30.5   19     
14/08/1983  0       5.9    31     19     
15/08/1983  0       4.4    31.5   19.5   
16/08/1983  0       5.5    34     20     
17/08/1983  0       3.7    31.5   20     
18/08/1983  3       7.4    34     20     
19/08/1983  0       3.5    33.5   19     
20/08/1983  0       4.4    30     20     
21/08/1983  0       5.6    31.5   19     
22/08/1983  0       5.1    31     20     
23/08/1983  0       3.3    32.5   20     
24/08/1983  17      5.7    31     21     
25/08/1983  0       4.2    31.5   19     
26/08/1983  0       5.1    31     20     
27/08/1983  20      3      32     19.5   
28/08/1983  15      5.1    30.5   20     
29/08/1983  0       4.7    31     19     
30/08/1983  17      3.2    30.5   20     
31/08/1983  5       8.2    31     20     
01/09/1983  0       2.1    32     19     
02/09/1983  0       1.8    30     20     
03/09/1983  0       2      31.5   20.5   
04/09/1983  0       2      33.5   22     
05/09/1983  0       1.9    31.5   20.5   
06/09/1983  0       1      32     20     
07/09/1983  0       3.2    32     19.5   
08/09/1983  0       1      32.5   18     
09/09/1983  0       1      33     19     
10/09/1983  0       2      31.5   20     
11/09/1983  0       3      30.5   20.5   
12/09/1983  0       2      31     21     
13/09/1983  0       3      32     20     
14/09/1983  0       2.1    31.5   19.5   
15/09/1983  0       1.9    32.5   19     
16/09/1983  0       2      32.5   18.5   
17/09/1983  0       2      33     19     
18/09/1983  0       3.8    31.5   20     
19/09/1983  0       2.1    32.5   21     
20/09/1983  0       2.1    33     20.5   
21/09/1983  0       4.7    33     20     
22/09/1983  0       2.3    33.5   17     
23/09/1983  0       1.8    34     18     
24/09/1983  0       0.9    32.5   18     
25/09/1983  0       3.3    33     18.5   
26/09/1983  0       1.7    32.5   17     
27/09/1983  0       2.3    31.5   17.5   
28/09/1983  0       2.7    33     18     
29/09/1983  0       3.3    32     17     
30/09/1983  0       1.7    32     16.5   
01/01/1987  0       2.1    32     19     
02/01/1987  0       1.1    30     20     
03/01/1987  0       2      31.5   20.5   
04/01/1987  0       2      33.5   22     
05/01/1987  0       1.9    31.5   20.5   
06/01/1987  0       1      32     20     
07/01/1987  0       3.2    32     19.5   
08/01/1987  0       1      32.5   18     
09/01/1987  0       1      33     19     
10/01/1987  0       2      31.5   20     
11/01/1987  0       3      30.5   20.5   
12/01/1987  0       2      31     21     
13/01/1987  0       3      32     20     
14/01/1987  0       2.1    31.5   19.5   
15/01/1987  0       1.9    32.5   19     
16/01/1987  0       2      32.5   18.5   
17/01/1987  0       2      33     19     
18/01/1987  0       3.8    31.5   20     
19/01/1987  0       2.1    32.5   21     
20/01/1987  0       2.1    33     20.5   
21/01/1987  0       4.7    33     20     
22/01/1987  0       2.3    33.5   17     
23/01/1987  0       1.8    34     18     
24/01/1987  0       0.9    32.5   18     
25/01/1987  0       3.3    33     18.5   
26/01/1987  0       1.7    32.5   17     
27/01/1987  0       2.3    31.5   17.5   
28/01/1987  0       2.7    33     18     
29/01/1987  0       3.3    32     17     
30/01/1987  0       1.7    31.5   16.5   
31/01/1987  0       3.1    32     15.5   
01/02/1987  0       2.2    32     18     
02/02/1987  0       2.7    31.5   17.5   
03/02/1987  0       2.8    32     18     
04/02/1987  2.6     2.3    32.5   18.5   
05/02/1987  0       Nulo   31.5   17     
06/02/1987  0       2      30.5   17.5   
07/02/1987  0       3      31.5   16.5   
08/02/1987  0       3      32     14.5   
09/02/1987  0       3.1    32.5   15.5   
10/02/1987  0       2.9    34.5   16     
11/02/1987  0       3.3    34     15     
12/02/1987  0       5.8    29.5   14     
13/02/1987  0       4.8    28.5   16.5   
14/02/1987  0       5.1    29     18.5   
15/02/1987  0       4.1    26     18     
16/02/1987  0       4.7    32     17.5   
17/02/1987  0       5.1    32.5   16.5   
18/02/1987  0       4.1    34     15.5   
19/02/1987  0       5.7    34     15.5   
20/02/1987  0       3      28     15     
21/02/1987  0       5.8    33.5   14.5   
22/02/1987  0       5.8    32.5   14     
23/02/1987  0       2.4    33     15.5   
24/02/1987  0       2.5    32     18     
25/02/1987  0       3.6    32.5   19     
26/02/1987  0       4      34.5   18.5   
27/02/1987  0       5.1    34     18.5   
28/02/1987  0       3.5    Nulo   17     
01/03/1987  0       4      37.5   18.5   
02/03/1987  0       5.1    34     18     
03/03/1987  0       4      33.5   17     
04/03/1987  0       3.6    34     16     
05/03/1987  7.4     4.1    34     15     
06/03/1987  0       2.9    34     12     
07/03/1987  0       5.6    34     10.5   
08/03/1987  0       4.2    34     12     
09/03/1987  0       6.1    33.5   12     
10/03/1987  0       6.9    34     10.5   
11/03/1987  0       5.3    34     15     
12/03/1987  0       7.4    34     10     
13/03/1987  0       5.5    33.5   10.5   
14/03/1987  0       5      34     12     
15/03/1987  0       7.8    34     11     
16/03/1987  0       4.4    33.5   10     
17/03/1987  0       3.8    34     11     
18/03/1987  0       6.2    34     11     
19/03/1987  0       4.7    33.5   11.5   
20/03/1987  0       6.6    33.5   11.5   
21/03/1987  0       5.5    34     12     
22/03/1987  0       7.2    34     12.5   
23/03/1987  0       6.9    33.5   14.5   
24/03/1987  0       7.3    34     15     
25/03/1987  0       7      34     14.5   
26/03/1987  0       7      33.5   15     
27/03/1987  0       3.6    34     16     
28/03/1987  0       2.8    34     15.5   
29/03/1987  0       3.8    34     16     
30/03/1987  0       4      32.5   13     
31/03/1987  0       3.2    33     15     
01/04/1987  0       3.7    34     13.5   
02/04/1987  0       4.3    32     16     
03/04/1987  0       2.7    33     15     
04/04/1987  0       3.3    32.5   17     
05/04/1987  0       2.7    31.5   15.5   
06/04/1987  0       4      32     14     
07/04/1987  0       4.1    31     15.5   
08/04/1987  0       3      32.5   16     
09/04/1987  0       2      33     15.5   
10/04/1987  0       4      30.5   16     
11/04/1987  0       0.9    31     17     
12/04/1987  0       0.9    30.5   16     
13/04/1987  0       3.3    31.5   17     
14/04/1987  0       2.7    31.5   16.5   
15/04/1987  0       3.1    31.5   17     
16/04/1987  0       3.1    33     16.5   
17/04/1987  0       5      32.5   17     
18/04/1987  0       3      32.5   16.5   
19/04/1987  0       2.9    32     16.5   
20/04/1987  0       3.1    31.5   17     
21/04/1987  0       2      32     16     
22/04/1987  0       2.6    35     17     
23/04/1987  0       2.4    35.5   15     
24/04/1987  0       2.1    32.5   15     
25/04/1987  0       2.6    33     16     
26/04/1987  0       1.9    34     14     
27/04/1987  0       2.2    33.5   14.5   
28/04/1987  0       2      34     15.5   
29/04/1987  0       3.2    33     13.5   
30/04/1987  0       3.1    Nulo   14.5   
01/05/1987  0       3.8    33     15.5   
02/05/1987  0       4.2    32.5   15     
03/05/1987  0       3.8    33     14.5   
04/05/1987  0       4.2    31.5   13.5   
05/05/1987  0       3      32     14     
06/05/1987  0       3.8    32.5   15     
07/05/1987  0       4      31     14     
08/05/1987  0       3      32.5   14     
09/05/1987  0       4.2    32.5   16     
10/05/1987  0       3.7    32     15     
11/05/1987  0       4.2    33.5   14     
12/05/1987  0       2      33     15     
13/05/1987  0       3.8    35     16     
14/05/1987  0       3.3    34     15     
15/05/1987  0       3.7    36.5   14.5   
16/05/1987  0       3.8    35     14     
17/05/1987  0       5.3    37     15.5   
18/05/1987  18.4    3.7    37     13.5   
19/05/1987  0       4.3    37     14.5   
20/05/1987  0       6.2    36     15     
21/05/1987  0       2.5    36     15.5   
22/05/1987  0       4.3    30     16     
23/05/1987  0       5.2    29.5   15     
24/05/1987  0       5      28     15     
25/05/1987  0       6.6    30     14     
26/05/1987  0       4.3    31.5   16     
27/05/1987  0       4.5    30.5   17     
28/05/1987  4.6     2.5    33     17.5   
29/05/1987  0       2      32.5   17.5   
30/05/1987  0       4.5    30.5   18     
31/05/1987  0       6.1    31     19     
01/06/1987  0       Nulo   34     18     
02/06/1987  0       4      33.5   16.5   
03/06/1987  0       3      33.5   18     
04/06/1987  0       2.8    34.5   15.5   
05/06/1987  0       3      34     18     
06/06/1987  0       3.2    33.5   17     
07/06/1987  0       2.9    33.5   18     
08/06/1987  0       4      34     17.5   
09/06/1987  0       3.1    34     17.5   
10/06/1987  0       2.8    36     18     
11/06/1987  0       4.2    34     18.5   
12/06/1987  0       6.8    33.5   18     
13/06/1987  0       3      34     17.5   
14/06/1987  0       3.2    33.5   18     
15/06/1987  0       4      34     18     
16/06/1987  3.2     0.8    36     16.5   
17/06/1987  0       2.3    33.5   16     
18/06/1987  2.9     3      36.5   15.5   
19/06/1987  0       2.2    34.5   17     
20/06/1987  0       2      37     17.5   
21/06/1987  4       1      34     16.5   
22/06/1987  0       3.6    34.5   17     
23/06/1987  0       3.3    33.5   17     
24/06/1987  0       3      34     17.5   
25/06/1987  10      2.1    37     18     
26/06/1987  0       2.8    36.5   17     
27/06/1987  0       4      36.5   18     
28/06/1987  0       5.1    37     18     
29/06/1987  11      4.1    34.5   17     
30/06/1987  0       1.6    Nulo   17     
01/07/1987  13      6      34.5   16.5   
02/07/1987  0       5.3    35     16.5   
03/07/1987  20      5      36     18     
04/07/1987  1       4.5    35     18     
05/07/1987  2.7     5.3    34.5   17     
06/07/1987  1.6     4.6    37     17.5   
07/07/1987  2       2      33     16.5   
08/07/1987  3       3      36.5   18     
09/07/1987  0       3.6    36.5   16.5   
10/07/1987  0       3.3    35     17     
11/07/1987  7.4     2      35.5   17.5   
12/07/1987  4.5     3      36.5   18     
13/07/1987  2.6     2.5    37     17     
14/07/1987  0       3.6    37     16.5   
15/07/1987  0       4.4    36.5   17     
16/07/1987  0       3.7    37     17     
17/07/1987  0       3.3    37     17     
18/07/1987  0.8     1.5    37     17.5   
19/07/1987  0       3.1    36.5   17     
20/07/1987  0       4.1    37     17     
21/07/1987  11.3    5.1    37.5   18     
22/07/1987  87.4    6.6    37     17.5   
23/07/1987  0       3.1    36.5   17     
24/07/1987  8.3     3.1    37.5   17     
25/07/1987  0       3.2    36.5   17     
26/07/1987  10.2    5.3    37     17     
27/07/1987  14.1    3.2    36.5   17.5   
28/07/1987  0       3.8    37     16     
29/07/1987  0       4.8    37.5   17.5   
30/07/1987  20      7.4    36.5   18     
31/07/1987  0       5.6    37     17.5   
01/08/1987  8.3     5      36.5   17.5   
02/08/1987  0       5.8    36.5   17.5   
03/08/1987  0       2.7    36.5   17.5   
04/08/1987  0       5      33.5   18     
05/08/1987  0       5      34     18     
06/08/1987  0       3.4    33.5   16     
07/08/1987  0       3.5    37.5   16.5   
08/08/1987  7.4     2      36     16     
09/08/1987  9       3.3    35.5   17     
10/08/1987  0       1.3    36.5   17.5   
11/08/1987  19      4.9    36.5   17.5   
12/08/1987  0       6.7    37     16     
13/08/1987  13      7.2    36.5   18     
14/08/1987  9       6.2    37     17     
15/08/1987  0       5.8    35.5   15.5   
16/08/1987  0       8      36.5   17.5   
17/08/1987  0       2.3    33.5   14.5   
18/08/1987  0       6      37     19.5   
19/08/1987  0       4.3    37     17.5   
20/08/1987  0       2.8    36     17     
21/08/1987  0       5.3    34     17     
22/08/1987  0       7      33.5   15.5   
23/08/1987  0       7      34     18     
24/08/1987  0       5.1    34     16     
25/08/1987  0       3      33     17     
26/08/1987  0       4.9    33.5   16.5   
27/08/1987  0       4.1    33.5   16.5   
28/08/1987  0       3.7    31     17     
29/08/1987  0       4.3    35     15     
30/08/1987  0       3.8    32.5   16     
31/08/1987  0       3.3    36     17     
01/09/1987  0       3.6    34.5   18     
02/09/1987  0       3.9    35.5   17     
03/09/1987  0       3.2    36.5   17.5   
04/09/1987  0       3.1    36     17     
05/09/1987  0       4.1    35.5   17.5   
06/09/1987  0       4.6    37     18     
07/09/1987  0       3.9    36     18     
08/09/1987  1.2     4.4    37     18     
09/09/1987  0       2.9    36     18     
10/09/1987  0       3.7    36     17     
11/09/1987  0       4.3    35.6   17     
12/09/1987  0       4      35     19     
13/09/1987  0       3.1    36     18     
14/09/1987  0       2.9    36     17.5   
15/09/1987  0       3.8    35.5   18     
16/09/1987  0       4.2    36.5   17.5   
17/09/1987  0       3.9    37     18     
18/09/1987  0       3.1    37.5   18     
19/09/1987  0       3      37     17     
20/09/1987  0       4      34     17.5   
21/09/1987  9.8     2.2    37     19     
22/09/1987  9.6     3.2    36.5   18     
23/09/1987  10.4    4.2    37     19     
24/09/1987  0       3.3    37     18     
25/09/1987  0       3.7    36.5   17.5   
26/09/1987  0       2      37     18     
27/09/1987  0       2.2    37     18     
28/09/1987  0       2.6    37     17     
29/09/1987  0       2.5    37     18.5   
30/09/1987  3       6.1    Nulo   17.5   
01/10/1987  0       1.9    36.5   17.5   
02/10/1987  0       1.8    37     17.5   
03/10/1987  4       2      37     17     
04/10/1987  0       2      37     17     
05/10/1987  0       2.1    36.5   17     
06/10/1987  0       1.2    37     18     
07/10/1987  0       1      37     18     
08/10/1987  0       2      37     17     
09/10/1987  0       2.8    37     17     
10/10/1987  0       2      37     17.5   
11/10/1987  0       2      36.5   18     
12/10/1987  0       1.3    37     17     
13/10/1987  0       2.6    Nulo   17     
14/10/1987  0       2.1    Nulo   17     
15/10/1987  0       3.3    Nulo   18     
16/10/1987  0       3.2    Nulo   18     
17/10/1987  0       2.8    Nulo   14     
18/10/1987  0       2.9    Nulo   15     
19/10/1987  0       4.1    Nulo   13     
20/10/1987  0       3.7    Nulo   14.5   
21/10/1987  0       5.2    36.5   12.5   
22/10/1987  0       3.8    37     14.5   
23/10/1987  0       4.2    36.5   16     
24/10/1987  0       5.8    37     15.5   
25/10/1987  0       3.8    36.5   16     
26/10/1987  0       5.3    37     17     
27/10/1987  0       4.8    36.5   17     
28/10/1987  0       6.3    36.5   12.5   
29/10/1987  0       3.8    36.5   13     
30/10/1987  0       3.9    36.5   13.5   
31/10/1987  0       3.2    36     12.5   
01/11/1987  0       3      36.5   14     
02/11/1987  0       3.1    38     13     
03/11/1987  0       2.3    37.5   11.5   
04/11/1987  0       3.6    37     12.5   
05/11/1987  0       3.1    36.5   11     
06/11/1987  0       2.8    36.5   12.5   
07/11/1987  0       3      36.5   12     
08/11/1987  0       2.8    35.5   11.5   
09/11/1987  0       3      37     12     
10/11/1987  0       2.9    37     12     
11/11/1987  0       3.7    37     11     
12/11/1987  0       2.4    34     11.5   
13/11/1987  0       2.9    37     11     
14/11/1987  0       2.8    36.5   11.5   
15/11/1987  0       2.7    37     11     
16/11/1987  0       2.3    36.5   11.5   
17/11/1987  0       3      36.5   11     
18/11/1987  0       3.2    37     11     
19/11/1987  0       2.8    36.5   11.5   
20/11/1987  0       2.6    37     12     
21/11/1987  0       2.3    36.5   11.5   
22/11/1987  0       2      38     11     
23/11/1987  0       4.1    37.5   13.5   
24/11/1987  0       2.9    38     12     
25/11/1987  0       3.1    37.5   11.5   
26/11/1987  0       2.9    37     12     
27/11/1987  0       3.1    36.5   11     
28/11/1987  0       2.9    37.5   12     
29/11/1987  0       3.1    37     13     
30/11/1987  0       2.1    Nulo   12     
01/01/1988  0       1.8    27.5   12     
02/01/1988  0       1.8    28     11.5   
03/01/1988  0       2.9    29     12     
04/01/1988  0       3.2    28     12.5   
05/01/1988  0       2.1    27.5   12     
06/01/1988  0       2.7    27     11.5   
07/01/1988  0       2.3    28     12.5   
08/01/1988  0       3      27.5   13     
09/01/1988  0       2      28.5   11     
10/01/1988  0       2.7    28     13     
11/01/1988  0       2.3    29     12     
12/01/1988  0       2      29     13.5   
13/01/1988  0       2.9    28     11.5   
14/01/1988  0       2      27.5   12     
15/01/1988  0       2.8    26.5   10.5   
16/01/1988  0       2.4    27     10     
17/01/1988  0       2.8    29     11     
18/01/1988  0       2.2    28     13     
19/01/1988  0       2.7    28     13.5   
20/01/1988  0       2.9    28.6   14     
21/01/1988  0       2      26.5   13.5   
22/01/1988  0       3.2    27.5   12.5   
23/01/1988  0       2.2    28     11.5   
24/01/1988  0       2.8    28     12     
25/01/1988  0       2.2    29     12.5   
26/01/1988  0       2.8    29     11     
27/01/1988  0       2.2    28.5   11.5   
28/01/1988  0       2.9    28.5   12.5   
29/01/1988  0       3.1    29.5   12     
30/01/1988  0       3      28     10.5   
31/01/1988  0       2.7    28.5   11     
01/02/1988  0       3.7    28.5   12.5   
02/02/1988  0       2.2    31     12.5   
03/02/1988  0       1.1    29     13     
04/02/1988  0       2.8    28.5   11     
05/02/1988  0       2.1    31.5   12.5   
06/02/1988  0       3      29     14     
07/02/1988  0       2.8    27     11.5   
08/02/1988  0       3      27.5   12.5   
09/02/1988  0       3.1    26.5   12     
10/02/1988  0       1.9    28     11     
11/02/1988  0       3.2    28     13     
12/02/1988  0       2.9    28.5   12     
13/02/1988  0       2.9    27.5   12.5   
14/02/1988  0       3.1    27     12.5   
15/02/1988  0       2.1    28     11.5   
16/02/1988  0       2      28.5   12     
17/02/1988  0       2.9    29     12.5   
18/02/1988  0       3.1    28.5   12     
19/02/1988  0       3      27.5   12     
20/02/1988  0       3      26.5   13     
21/02/1988  0       1.9    27.5   12.5   
22/02/1988  3       3      28     13     
23/02/1988  0       3.1    27.5   12.5   
24/02/1988  0       2.9    28     13     
25/02/1988  0       2      27.5   12.5   
26/02/1988  0       3.2    28     12.5   
27/02/1988  0       3      28.5   13     
28/02/1988  0       2.8    27.5   12.5   
29/02/1988  0       2.9    28.5   13     
01/03/1988  0       4      29     13.5   
02/03/1988  0       1.8    27     12.5   
03/03/1988  0       3      27.5   13     
04/03/1988  0       3      28     12     
05/03/1988  0       3.1    27.5   14     
06/03/1988  0       3.9    27.5   13     
07/03/1988  0       1.8    28.5   14     
08/03/1988  0       3.1    28.5   13.5   
09/03/1988  0       1.9    29     12.5   
10/03/1988  0       3.2    29.5   12     
11/03/1988  0       2.9    28.5   12.5   
12/03/1988  0       2.9    27.5   12.5   
13/03/1988  0       3.2    28     13     
14/03/1988  0       2      28     13.5   
15/03/1988  0       2      29.5   12     
16/03/1988  0       3      28.5   11.5   
17/03/1988  0       3      29     13     
18/03/1988  0       3      28.5   12.5   
19/03/1988  0       3      29     12     
20/03/1988  0       2      28.5   12.5   
21/03/1988  0       3      29     12.5   
22/03/1988  0       3.1    27.5   12     
23/03/1988  0       2.8    28.5   11.5   
24/03/1988  0       2.1    28.5   12.5   
25/03/1988  0       3      28     13     
26/03/1988  0       2.9    28.5   12.5   
27/03/1988  0       3      28     12     
28/03/1988  0       2.2    27.5   14     
29/03/1988  0       2.3    28.5   15     
30/03/1988  0       4      27.5   13.5   
31/03/1988  0       3.2    27.5   13.5   
01/04/1988  0       2.6    39     17.5   
02/04/1988  0       3.1    38.5   16.5   
03/04/1988  0       2.8    38.5   18     
04/04/1988  0       3.1    39.5   18.5   
05/04/1988  0       2.9    37.5   17     
06/04/1988  0       3.1    38.5   16.5   
07/04/1988  0       2.8    37.5   17     
08/04/1988  0       2.2    38.5   17.5   
09/04/1988  0       2      37     16.5   
10/04/1988  0       2.8    36.5   17.5   
11/04/1988  0       3.2    37.5   18     
12/04/1988  0       2.7    37     18     
13/04/1988  0       3.3    38.5   18.5   
14/04/1988  0       2.8    37     17.5   
15/04/1988  0       2.8    39.5   18     
16/04/1988  0       3.1    38.5   17.5   
17/04/1988  0       2.3    38.5   18.5   
18/04/1988  0       2.8    38     19.5   
19/04/1988  0       3      37.5   19.5   
20/04/1988  0       2.2    38     18.5   
21/04/1988  0       3      38     18     
22/04/1988  0       2.8    38.5   18.5   
23/04/1988  0       2.2    37.5   17.5   
24/04/1988  0       3      38     18.5   
25/04/1988  0       3.3    37.5   18     
26/04/1988  0       3.9    38.5   17.5   
27/04/1988  0       3.5    38     16.5   
28/04/1988  0       3.3    37.5   17.5   
29/04/1988  0       2.9    38.5   18     
30/04/1988  0       2.7    Nulo   20.5   
01/06/1988  3       1.6    38.5   17.5   
02/06/1988  0       3.6    37.5   19.5   
03/06/1988  0       2      37     17.5   
04/06/1988  7       2.2    37.5   17     
05/06/1988  19.3    1.9    38     18.5   
06/06/1988  12      3.4    37.5   16.5   
07/06/1988  8       1.5    36.5   19.5   
08/06/1988  0       4.1    37.5   18.5   
09/06/1988  0       3      36.5   17     
10/06/1988  5       3.4    38     17     
11/06/1988  0       4      37.5   18.5   
12/06/1988  11      1.9    38.5   18     
13/06/1988  7       2.8    37.5   17     
14/06/1988  0       3.7    37     18.5   
15/06/1988  36      2.8    38.5   18     
16/06/1988  0       4.7    38     18.5   
17/06/1988  17      2      38.5   17.5   
18/06/1988  0       4.7    38.5   18.5   
19/06/1988  12      3.4    37.5   18     
20/06/1988  0       2.6    38     18.5   
21/06/1988  14      2.7    38.5   17     
22/06/1988  0       3.9    38     18.5   
23/06/1988  0       2.6    37.5   19.5   
24/06/1988  24      3.2    38     17.5   
25/06/1988  19      1.6    37.5   19     
26/06/1988  10.1    1.8    38     19     
27/06/1988  0       2.5    37     18.5   
28/06/1988  11.3    2.1    37.5   19     
29/06/1988  24.3    2.7    37.5   19.5   
30/06/1988  0       2.6    Nulo   19     
01/07/1988  26.3    Nulo   38     18.5   
02/07/1988  29.3    Nulo   38.5   16.5   
03/07/1988  16.5    Nulo   38.5   17     
04/07/1988  14.5    Nulo   39     18.5   
05/07/1988  13.4    Nulo   38.5   17     
06/07/1988  18.5    Nulo   39.5   19     
07/07/1988  0       Nulo   37.5   18     
08/07/1988  0       Nulo   38     18.5   
09/07/1988  8       Nulo   35     17     
10/07/1988  11      Nulo   37.5   16.5   
11/07/1988  0       Nulo   38.5   18     
12/07/1988  12.5    Nulo   39     17.5   
13/07/1988  7.1     Nulo   38     18     
14/07/1988  5.5     Nulo   37.5   18.5   
15/07/1988  10.5    Nulo   38.5   17.5   
16/07/1988  9.1     Nulo   38.5   15.5   
17/07/1988  0       Nulo   38     16.5   
18/07/1988  0       Nulo   37.5   17     
19/07/1988  8.1     Nulo   34     16.5   
20/07/1988  10      Nulo   39.5   16     
21/07/1988  4.2     Nulo   38     17     
22/07/1988  6.2     Nulo   37.5   17     
23/07/1988  8       Nulo   38.5   16.5   
24/07/1988  4       Nulo   37     16     
25/07/1988  3       Nulo   38     15.5   
26/07/1988  7       Nulo   37.5   16.5   
27/07/1988  0       Nulo   38     17     
28/07/1988  0       Nulo   37     16.5   
29/07/1988  0       Nulo   37.5   15.5   
30/07/1988  3       Nulo   38     17     
31/07/1988  11      Nulo   38.5   17.5   
01/08/1988  7       Nulo   37.5   17.5   
02/08/1988  8       Nulo   39.5   16.5   
03/08/1988  6       Nulo   37.5   16     
04/08/1988  0       Nulo   38.5   17     
05/08/1988  0       Nulo   38     17.5   
06/08/1988  0       Nulo   38.5   16.5   
07/08/1988  18      Nulo   38.5   17     
08/08/1988  17      Nulo   38.5   18     
09/08/1988  10      Nulo   39     16.5   
10/08/1988  12      Nulo   37.5   17.5   
11/08/1988  13      Nulo   38.5   16.5   
12/08/1988  9       Nulo   38.5   18.5   
13/08/1988  11      Nulo   37.5   19     
14/08/1988  7       Nulo   38     18     
15/08/1988  5       Nulo   38.5   17.5   
16/08/1988  0       Nulo   38     18.5   
17/08/1988  0       Nulo   37     18.5   
18/08/1988  4       Nulo   39     18.5   
19/08/1988  0       Nulo   38.5   19     
20/08/1988  0       Nulo   39     18     
21/08/1988  5       Nulo   38     17.5   
22/08/1988  8       Nulo   39     17     
23/08/1988  0       Nulo   37.5   16.5   
24/08/1988  0       Nulo   38.5   17     
25/08/1988  6       Nulo   39     17     
26/08/1988  7       Nulo   37.5   17.5   
27/08/1988  8       Nulo   38     17     
28/08/1988  7       Nulo   37.5   18.5   
29/08/1988  4       Nulo   38     17.5   
30/08/1988  11      Nulo   38     18     
31/08/1988  0       Nulo   38     17     
01/10/1988  0       5.8    33     13.5   
02/10/1988  0       5.7    33     13.5   
03/10/1988  0       5.1    33     14     
04/10/1988  0       4.1    33     13.5   
05/10/1988  0       4.8    33.5   13     
06/10/1988  0       1.9    33     14     
07/10/1988  0       4.2    33.5   14     
08/10/1988  0       2.9    34     14.5   
09/10/1988  0       3.2    32.5   13.5   
10/10/1988  0       4      33     13.5   
11/10/1988  0       3      33     14.5   
12/10/1988  0       3      34     13.5   
13/10/1988  0       3      34.5   14.5   
14/10/1988  0       2.8    33     14     
15/10/1988  0       2.2    33     13.5   
16/10/1988  0       1      32     14.5   
17/10/1988  0       2.1    30.5   14     
18/10/1988  0       3      30.5   15     
19/10/1988  0       4      31.5   15.5   
20/10/1988  0       2.7    32     16     
21/10/1988  0       3      33     16.5   
22/10/1988  0       5.3    34     16     
23/10/1988  0       2      33     15.6   
24/10/1988  0       3      33.5   15     
25/10/1988  0       3      34.5   14.5   
26/10/1988  7.1     2.6    34     15.5   
27/10/1988  19      5.6    35     14.5   
28/10/1988  0       3.1    34     13.5   
29/10/1988  0       2.5    34.5   14.5   
30/10/1988  0       4.3    33     13.5   
31/10/1988  0       2.2    34     15.5   
01/12/1988  0       0.9    34.5   11.5   
02/12/1988  0       3      35     12     
03/12/1988  0       1.8    36     11.5   
04/12/1988  0       4.6    37     14     
05/12/1988  0       2.2    37     12     
06/12/1988  0       3.8    36.5   12.5   
07/12/1988  0       3.6    37     13     
08/12/1988  0       3      36     12     
09/12/1988  0       5      37     11.5   
10/12/1988  0       3.1    36     12.5   
11/12/1988  0       3.2    38.5   13.5   
12/12/1988  0       2      37     13.5   
13/12/1988  0       3      37     13     
14/12/1988  0       3      36.5   13     
15/12/1988  0       2.8    38     12.5   
16/12/1988  0       3      38.5   13.5   
17/12/1988  0       2.9    37     14     
18/12/1988  0       3.2    36.5   15     
19/12/1988  0       3      35.5   14.5   
20/12/1988  0       3      36     13.5   
21/12/1988  0       2.1    35     14     
22/12/1988  0       2.9    36     13     
23/12/1988  0       3.1    35.5   14.5   
24/12/1988  0       2.1    36     12.5   
25/12/1988  0       2      35.5   13     
26/12/1988  0       2      36     14     
27/12/1988  0       3      36.5   13.5   
28/12/1988  0       2.9    37     13     
29/12/1988  0       1.9    35     12.5   
30/12/1988  0       3.1    34     13     
31/12/1988  0       1.8    34     12.5   
--------------------------------------
