CNA-SMN-CG-GMC-SMAA-CLIMATOLOGIA
BASE DE DATOS CLIMATOLOGICA
DATOS DISPONIBLES EN LA BASE DE DATOS A DICIEMBRE 2022

ESTACION  : 16223
NOMBRE    : LA ESPERANZA
ESTADO    : MICHOACAN
MUNICIPIO : Chavinda
SITUACION : SUSPENDIDA
ORGANISMO : CONAGUA-DGE
CVE-OMM   : Nulo
LATITUD   : 020.054°
LONGITUD  : -102.411°
ALTITUD   : 1550 msnm

EMISIÓN   : 29/12/2022

            PRECIP  EVAP   TMAX   TMIN   
  Fecha     (MM)    (MM)   (°C)   (°C)   
23/02/1979  0       Nulo   Nulo   Nulo   
24/02/1979  0       6.8    Nulo   Nulo   
25/02/1979  0       6.6    Nulo   Nulo   
26/02/1979  0       5.5    Nulo   Nulo   
27/02/1979  0       9.8    28.5   7      
28/02/1979  0       5      29     7      
01/03/1979  0       7      29.5   7.5    
02/03/1979  0       11.4   27.5   7      
03/03/1979  0       4.6    27     8      
04/03/1979  0       7.7    28     7      
05/03/1979  0       8.4    28.5   11     
06/03/1979  0       7.6    28     10     
07/03/1979  0       4.2    26     10     
08/03/1979  0       8.1    29     6.5    
09/03/1979  0       8.3    30     6      
10/03/1979  0       6.3    29     8.5    
11/03/1979  0       12.4   29.5   7      
12/03/1979  0       6.2    30     8.5    
13/03/1979  0       10.4   32.5   7      
14/03/1979  0       7.5    34     10     
15/03/1979  0       7.1    34.5   14     
16/03/1979  0       7.9    31     13.5   
17/03/1979  0       7      32     13     
18/03/1979  0       7.9    32     12     
19/03/1979  0       7.1    30     14     
20/03/1979  0       8.3    29     8.5    
21/03/1979  0       6.8    30     9      
22/03/1979  0       11.5   29.5   8      
23/03/1979  0       11.3   29     5      
24/03/1979  0       7.5    34     8      
25/03/1979  0       12.2   30     7      
26/03/1979  0       6.3    30.5   10     
27/03/1979  0       6.1    31     11     
28/03/1979  0       6.9    29.5   9.5    
29/03/1979  0       5.6    34     8      
30/03/1979  0       9.2    33     9      
31/03/1979  0       8      32     9      
01/04/1979  0       5.2    34.5   12     
02/04/1979  0       11.5   31     10     
03/04/1979  0       8      34     10     
04/04/1979  0       6.3    34.5   12     
05/04/1979  0       7.3    35     11     
06/04/1979  0       11.6   33.5   13     
07/04/1979  0       8.4    33     12     
08/04/1979  0       10.5   32.5   13     
09/04/1979  0       9.2    32     12     
10/04/1979  0       11     33     13     
11/04/1979  0       11.9   34     12.5   
12/04/1979  0       11.3   34.5   14     
13/04/1979  0       11.6   34     13     
14/04/1979  0       10.1   35     12.5   
15/04/1979  0       7      33.5   11.5   
16/04/1979  10.5    6.9    33.5   12.5   
17/04/1979  10      7.3    32     11.5   
18/04/1979  0       7.4    31     12.5   
19/04/1979  0       10.3   32     12     
20/04/1979  0       11.5   32.5   13     
21/04/1979  0       1      33     13.5   
22/04/1979  0       11.2   33.5   13     
23/04/1979  0       10     33     14.5   
24/04/1979  0       12.2   34     14.5   
25/04/1979  0       11.7   34     13.5   
26/04/1979  0       12.9   34.5   11.5   
27/04/1979  0       10.5   34     11.5   
28/04/1979  0       10.7   33     13     
29/04/1979  0       10.9   34.5   14.5   
30/04/1979  0       12.1   35     14     
01/05/1979  0       10.4   35     11     
02/05/1979  0       9.8    34     10     
03/05/1979  0       10.9   33.5   11     
04/05/1979  0       10.1   34     10     
05/05/1979  0       10.9   33.5   10     
06/05/1979  0       11.2   33     11.5   
07/05/1979  0       12.1   34     10.5   
08/05/1979  0       12.6   34.5   10     
09/05/1979  0       8.4    34     10.5   
10/05/1979  0       5.9    33     12     
11/05/1979  0       7.8    33.5   11.5   
12/05/1979  0       11.5   32     12.5   
13/05/1979  0       11.9   34     13     
14/05/1979  0       9.9    33.5   15     
15/05/1979  0       10.1   33     14.5   
16/05/1979  0       10.2   32     14     
17/05/1979  0       11.8   33     15     
18/05/1979  0       12.1   33.5   14     
19/05/1979  0       9.1    33     13     
20/05/1979  0.8     10.8   32     14     
21/05/1979  0       11.3   33.5   12     
22/05/1979  0       9.6    31     14     
23/05/1979  0       10.1   31     13     
24/05/1979  0       11     33     14     
25/05/1979  0       4      30     14.5   
26/05/1979  0       8.5    31     9      
27/05/1979  0       13.4   34     6      
28/05/1979  0       12     33     12     
29/05/1979  0       6.6    31     14     
30/05/1979  0       5.8    32     12     
31/05/1979  0       7.5    32     9      
01/06/1979  0       6.4    31     10     
02/06/1979  1.5     7.2    35     11     
03/06/1979  3.5     2.9    34     14     
04/06/1979  6       4.8    35     17     
05/06/1979  0       3.3    30     19     
06/06/1979  0       5.2    30     14     
07/06/1979  0       9.9    33     15     
08/06/1979  0       7.5    31     11     
09/06/1979  14.7    8.6    34     12     
10/06/1979  0       8.5    28.5   11     
11/06/1979  0       5.2    26     19     
12/06/1979  0       9.8    31     12     
13/06/1979  0       8.3    31.5   12     
14/06/1979  0       9.9    30     11     
15/06/1979  0       8.6    31     11.5   
16/06/1979  0       8.9    32     12     
17/06/1979  0       8.3    34     11     
18/06/1979  9.4     7.4    32     18     
19/06/1979  0       4.6    34     16     
20/06/1979  12.4    11.1   33     13     
21/06/1979  0       5.8    34     15     
22/06/1979  0       8.2    33     16     
23/06/1979  0.4     12.4   34     11     
24/06/1979  0       9.3    36     11     
25/06/1979  0       6      33     17     
26/06/1979  1.5     6.9    31.5   17     
27/06/1979  0.2     7.3    30     15     
28/06/1979  53      9.6    32     15     
29/06/1979  0       4.7    31     11     
30/06/1979  0       7.9    32     15     
01/07/1979  0       7      31     16.5   
02/07/1979  0       6.1    33     17     
03/07/1979  12.5    12.6   32     15     
04/07/1979  0       6.7    31     16     
05/07/1979  0       3.1    30     15.5   
06/07/1979  0       7.1    33     16     
07/07/1979  0       7.4    33.5   17     
08/07/1979  0       5.8    30     17     
09/07/1979  0       4.8    31.5   17.5   
10/07/1979  19      11.3   32     16     
11/07/1979  0       6.4    29     16     
12/07/1979  14.5    6.6    30     16     
13/07/1979  1.4     4.9    28     16.5   
14/07/1979  0       4.4    27     16.5   
15/07/1979  5.2     5.1    30     14     
16/07/1979  0       5.9    31.5   13     
17/07/1979  5       8.5    31     9      
18/07/1979  10      0.6    27     16     
19/07/1979  2.5     1.6    26     14     
20/07/1979  3       5.8    28     15     
21/07/1979  0       3.3    30     16     
22/07/1979  8.5     5.5    29     17     
23/07/1979  0       5.3    27.5   15     
24/07/1979  0       6.5    27     15     
25/07/1979  27      10.4   29     16     
26/07/1979  1.5     1.5    25     16     
27/07/1979  12      9.7    24     17     
28/07/1979  1       8.1    26     16     
29/07/1979  5.1     8.4    30.5   15     
30/07/1979  10.4    10.1   29     14     
31/07/1979  6.3     0.8    28.5   14     
01/08/1979  8.4     4.2    29     15     
02/08/1979  4.2     3.3    30.5   14.5   
03/08/1979  0       3.3    29     14     
04/08/1979  9.5     3.3    30     15     
05/08/1979  0       4.2    32     14     
06/08/1979  10.4    3.2    28.5   15     
07/08/1979  20.5    2.3    28     13.5   
08/08/1979  3.4     3.2    30     13     
09/08/1979  4.1     4.4    29     14.5   
10/08/1979  0       4.2    32.5   14     
11/08/1979  26.4    6.2    28     16     
12/08/1979  7.1     4.2    29     15     
13/08/1979  21.3    5.3    28     14.5   
14/08/1979  6.4     4.3    29     14     
15/08/1979  4       3.3    28     15     
16/08/1979  2       4.3    28.5   14     
17/08/1979  0       6.2    30     14     
18/08/1979  0       7.2    31     16     
19/08/1979  0       7.2    31     18     
20/08/1979  0       7.2    31.5   17.5   
21/08/1979  2.7     3.2    29     16     
22/08/1979  15      3.2    28     15     
23/08/1979  5.2     3.2    30     14     
24/08/1979  0       5.2    29.5   18.5   
25/08/1979  1       4.8    28     16     
26/08/1979  0       5.2    29     13.5   
27/08/1979  17.5    3.3    27     14     
28/08/1979  28.4    3.2    26     13     
29/08/1979  30.5    3.2    27     13     
30/08/1979  30.5    1.1    27     13.5   
31/08/1979  0       7.2    27.5   14     
01/10/1979  0       6.2    27.5   6      
02/10/1979  0       6      27     4      
03/10/1979  0       4.1    29     4      
04/10/1979  0       4.3    29.5   6.5    
05/10/1979  0       5.1    29     7      
06/10/1979  0       5.5    30     7.5    
07/10/1979  0       8      27     8      
08/10/1979  0       7.1    27.5   7      
09/10/1979  0       6.2    27     7.5    
10/10/1979  0       5.2    28     7      
11/10/1979  0       6.3    27     7.5    
12/10/1979  0       7.1    26     4.5    
13/10/1979  0       5.2    27     4      
14/10/1979  0       5.8    29     5      
15/10/1979  0       7.1    29.5   4      
16/10/1979  0       6      29     6      
17/10/1979  0       5.7    32     4.5    
18/10/1979  0       4.4    31.5   8      
19/10/1979  0       5.4    30     11     
20/10/1979  0       5.8    31     11     
21/10/1979  0       6.6    31     12     
22/10/1979  0       2.3    33     10     
23/10/1979  0       10.1   29     14     
24/10/1979  0       3.7    31     10     
25/10/1979  0       6.6    30     7      
26/10/1979  0       3.6    30     8      
27/10/1979  0       3.5    28.5   14     
28/10/1979  0       3.5    28     13     
29/10/1979  0       3.1    29     14     
30/10/1979  0       5      28     11     
31/10/1979  0       4.1    27.5   8      
01/11/1979  0       5.7    30     7      
02/11/1979  0       4.7    30.5   6      
03/11/1979  0       5.4    31     10     
04/11/1979  0       5.6    29     11     
05/11/1979  0       6.7    29     9.5    
06/11/1979  0       5.9    27     7      
07/11/1979  0       4.7    28     7      
08/11/1979  0       6.9    Nulo   7      
09/11/1979  Nulo    3.9    Nulo   Nulo   
10/11/1979  Nulo    4.8    Nulo   Nulo   
11/11/1979  Nulo    6.1    Nulo   Nulo   
12/11/1979  Nulo    4.1    Nulo   Nulo   
13/11/1979  Nulo    5      Nulo   Nulo   
14/11/1979  Nulo    6.1    Nulo   Nulo   
15/11/1979  Nulo    5.6    Nulo   Nulo   
16/11/1979  Nulo    4.3    Nulo   Nulo   
17/11/1979  Nulo    4      Nulo   Nulo   
18/11/1979  Nulo    5.1    Nulo   Nulo   
19/11/1979  Nulo    5.8    Nulo   Nulo   
20/11/1979  Nulo    5.9    Nulo   Nulo   
21/11/1979  Nulo    5.7    Nulo   Nulo   
22/11/1979  Nulo    3.9    Nulo   Nulo   
23/11/1979  Nulo    4.6    Nulo   Nulo   
24/11/1979  Nulo    3.6    Nulo   Nulo   
25/11/1979  Nulo    6.1    Nulo   Nulo   
26/11/1979  Nulo    3.9    Nulo   Nulo   
27/11/1979  Nulo    4.8    Nulo   Nulo   
28/11/1979  Nulo    3.7    Nulo   Nulo   
29/11/1979  Nulo    7.5    Nulo   Nulo   
30/11/1979  Nulo    6.4    Nulo   Nulo   
01/12/1979  0.5     Nulo   Nulo   Nulo   
02/12/1979  6.7     2      Nulo   Nulo   
03/12/1979  12.7    0.5    Nulo   Nulo   
04/12/1979  2.5     0.2    Nulo   Nulo   
05/12/1979  2.4     1.9    Nulo   Nulo   
06/12/1979  0       4.2    Nulo   Nulo   
07/12/1979  0       3.1    Nulo   Nulo   
08/12/1979  0       3.1    Nulo   Nulo   
09/12/1979  0       4.9    Nulo   Nulo   
10/12/1979  0       3.6    Nulo   Nulo   
11/12/1979  0       3.8    Nulo   Nulo   
12/12/1979  0       3.5    Nulo   Nulo   
13/12/1979  0       2.8    Nulo   Nulo   
14/12/1979  0       3.1    Nulo   Nulo   
15/12/1979  0       3.2    Nulo   Nulo   
16/12/1979  0       3.7    Nulo   Nulo   
17/12/1979  4.7     1.7    Nulo   Nulo   
18/12/1979  0       4.2    Nulo   Nulo   
19/12/1979  0       3.8    Nulo   Nulo   
20/12/1979  0       2.3    Nulo   Nulo   
21/12/1979  0       2.8    Nulo   Nulo   
22/12/1979  0       3      Nulo   Nulo   
23/12/1979  0       3.7    Nulo   Nulo   
24/12/1979  0       3.2    Nulo   Nulo   
25/12/1979  0       3.1    Nulo   Nulo   
26/12/1979  0       2.5    Nulo   Nulo   
27/12/1979  0       3.9    Nulo   Nulo   
28/12/1979  0       4.1    Nulo   Nulo   
29/12/1979  0       3.3    Nulo   Nulo   
30/12/1979  0       3.5    Nulo   Nulo   
31/12/1979  0       5.7    Nulo   Nulo   
01/01/1980  0       5      Nulo   Nulo   
02/01/1980  0       4      Nulo   Nulo   
03/01/1980  0       2.4    Nulo   Nulo   
04/01/1980  0       2.5    Nulo   Nulo   
05/01/1980  0       3      Nulo   Nulo   
06/01/1980  0       3.1    Nulo   Nulo   
07/01/1980  0       2.7    Nulo   Nulo   
08/01/1980  0       4.6    Nulo   Nulo   
09/01/1980  0       4.2    Nulo   Nulo   
10/01/1980  0       4.1    Nulo   Nulo   
11/01/1980  0       4.6    Nulo   Nulo   
12/01/1980  0       5      Nulo   Nulo   
13/01/1980  0       4.8    Nulo   Nulo   
14/01/1980  0       4.2    Nulo   Nulo   
15/01/1980  0       4      Nulo   Nulo   
16/01/1980  0       4.6    Nulo   Nulo   
17/01/1980  0       4.4    Nulo   Nulo   
18/01/1980  0       3.1    Nulo   Nulo   
19/01/1980  0       4      Nulo   Nulo   
20/01/1980  0       4.3    Nulo   Nulo   
21/01/1980  0       2      Nulo   Nulo   
22/01/1980  8.4     1.9    Nulo   Nulo   
23/01/1980  36.2    1.3    Nulo   Nulo   
24/01/1980  44.5    1.4    Nulo   Nulo   
25/01/1980  60.1    Nulo   Nulo   Nulo   
26/01/1980  0       3.1    Nulo   Nulo   
27/01/1980  0       5.4    Nulo   Nulo   
28/01/1980  0       5.6    Nulo   Nulo   
29/01/1980  0       5.1    26.5   6      
30/01/1980  0       6.3    27     5      
31/01/1980  0       4.4    28     6      
01/02/1980  0       4.2    26     8      
02/02/1980  0       4.7    26.5   7.5    
03/02/1980  0       5.2    24.5   8.5    
04/02/1980  0       4.7    24     5      
05/02/1980  0       4.1    26     3      
06/02/1980  0       2.8    27     4.5    
07/02/1980  0       2.9    26     4      
08/02/1980  0       4.3    25     4.5    
09/02/1980  0       5.2    24.5   5      
10/02/1980  0       5.2    24     5      
11/02/1980  0       4.1    26.5   5.5    
12/02/1980  4.2     3.6    23     5.5    
13/02/1980  0       3.8    26.5   12.5   
14/02/1980  0       3.8    22.5   6.5    
15/02/1980  0       3.8    24.5   6      
16/02/1980  0       5.4    26.5   5      
17/02/1980  0       3.9    27.5   6      
18/02/1980  0       4.1    27     9      
19/02/1980  0       4.5    28     7      
20/02/1980  0       5.2    29     8.5    
21/02/1980  0       8.3    29     8.5    
22/02/1980  0       7.1    28     10.5   
23/02/1980  0       6.4    27.5   10.5   
24/02/1980  0       3.2    26     9.5    
25/02/1980  0       7.4    26     6.5    
26/02/1980  0       4.8    26.5   10.5   
27/02/1980  0       3.2    25     10     
28/02/1980  0       4.7    25     9      
29/02/1980  0       5.8    28     8.5    
01/03/1980  0       4.2    26     8      
02/03/1980  0       5.6    28     7.5    
03/03/1980  0       5.9    28     5      
04/03/1980  0       6.2    28.5   9.5    
05/03/1980  0       7.4    29     5.5    
06/03/1980  0       8.1    30     6.5    
07/03/1980  0       7.5    29.5   5.5    
08/03/1980  0       7.2    30     6.5    
09/03/1980  0       5.7    32     6.5    
10/03/1980  0       10.5   32.5   9.5    
11/03/1980  0       7.5    33     12     
12/03/1980  0       9.8    32     8.5    
13/03/1980  0       7.1    32     5.5    
14/03/1980  0       7.3    34     10     
15/03/1980  0       7.8    32     11     
16/03/1980  0       8      33.5   10.5   
17/03/1980  0       7.1    28.5   10.5   
18/03/1980  0       6.9    28.5   9      
19/03/1980  0       9.7    29     12.5   
20/03/1980  0       5.4    27.5   10.5   
21/03/1980  0       6.7    28     8.5    
22/03/1980  0       7.2    30     9      
23/03/1980  0       12.1   31     8.5    
24/03/1980  0       8.3    30.5   12     
25/03/1980  0       10.8   28.5   12     
26/03/1980  0       9.1    27     12.5   
27/03/1980  0       10     29.5   11     
28/03/1980  0       9.6    29     11.5   
29/03/1980  0       10     29.5   11.5   
30/03/1980  0       9.7    30     12     
31/03/1980  0       10.4   29.5   12.5   
01/04/1980  0       10.8   32     12.5   
02/04/1980  0       9.9    31.5   11.5   
03/04/1980  0       9.3    31     12     
04/04/1980  0       8.1    32     10     
05/04/1980  0       11.6   34     12.5   
06/04/1980  0       9.6    33.5   11     
07/04/1980  0       11.4   31     12     
08/04/1980  0.5     8.2    32.5   13     
09/04/1980  0       9.1    30     14     
10/04/1980  0       7.2    30     13     
11/04/1980  0       8.1    31     13     
12/04/1980  0       9.6    31     13     
13/04/1980  0       7.5    29.5   13     
14/04/1980  0       8.2    30     7.5    
15/04/1980  0       7.3    30.5   8.5    
16/04/1980  0       8      31.5   12     
17/04/1980  0       7.9    30.5   13.5   
18/04/1980  8.5     9.1    30.5   16     
19/04/1980  3.8     4.4    26.5   14     
20/04/1980  0       7      26.5   13.5   
21/04/1980  0       3.5    25     13     
22/04/1980  0       3.9    27.5   11.5   
23/04/1980  0       6.2    29.5   9.5    
24/04/1980  0       6      31     10     
25/04/1980  0       9.4    30.5   8      
26/04/1980  0       9.8    32     7.5    
27/04/1980  0       10.4   32     11     
28/04/1980  0       9.5    31.5   14.5   
29/04/1980  0       10     32     15.5   
30/04/1980  0       10     32     16.5   
01/05/1980  0       7.5    29.5   16     
02/05/1980  0       6.5    30     12     
03/05/1980  7       7      31     12.5   
04/05/1980  0       7.9    32     12.5   
05/05/1980  0       8.8    32     13.5   
06/05/1980  0       9.1    31     16.5   
07/05/1980  0       7.3    30.5   16     
08/05/1980  1.5     5.6    30.5   12     
09/05/1980  0       13.8   31     14.5   
10/05/1980  0       8.6    23     12.5   
11/05/1980  0       10.5   33.5   10.5   
12/05/1980  7.5     10.5   32     15     
13/05/1980  0       9.1    34     12.5   
14/05/1980  0       8.5    33.5   16.5   
15/05/1980  0       9.2    34     12.5   
16/05/1980  0       12.8   34     15.5   
17/05/1980  0       11.7   33.5   14     
18/05/1980  0       12     34.5   13.5   
19/05/1980  0       10.1   33.5   18.5   
20/05/1980  0       9.1    33     16     
21/05/1980  0       10.6   33     15     
22/05/1980  0       9.2    33.5   18     
23/05/1980  1.5     10.4   32     17.5   
24/05/1980  0       7.7    32.5   16.5   
25/05/1980  0       7.8    32     16     
26/05/1980  0       7.8    33     15.5   
27/05/1980  0       8.1    33.5   17     
28/05/1980  6.6     10.6   33.5   17     
29/05/1980  0       8      31.5   16.5   
30/05/1980  0       9.1    33     19     
31/05/1980  0       10.1   33.5   16     
01/06/1980  0       9.8    35     17     
02/06/1980  0       10.9   34     17     
03/06/1980  0       9      34.5   20.5   
04/06/1980  0.7     10.4   33.5   19.5   
05/06/1980  7.7     12.8   29.5   16     
06/06/1980  0.4     Nulo   28     14.5   
07/06/1980  0       7.3    27     19.5   
08/06/1980  0       9.4    35     14     
09/06/1980  0       10.2   33.5   16     
10/06/1980  0       9.2    34     17     
11/06/1980  0       9.7    33     16     
12/06/1980  0       12.1   33.5   16.5   
13/06/1980  0       7.7    32.5   7.5    
14/06/1980  0       10.3   34     18.5   
15/06/1980  0       11.5   33     16.5   
16/06/1980  0       10.3   34     18     
17/06/1980  0       12.2   31.5   20     
18/06/1980  1.8     8.4    32.5   16     
19/06/1980  38      8.7    29.5   17     
20/06/1980  20      14.3   29     16     
21/06/1980  2.9     5.9    29     14     
22/06/1980  38.2    7.2    25.5   14.5   
23/06/1980  15.6    1.3    26     15     
24/06/1980  1.3     4.8    28.5   16     
25/06/1980  16      8.6    28.5   17.5   
26/06/1980  7.7     4.6    27.5   16     
27/06/1980  1.1     6.3    27     16     
28/06/1980  0       9.8    27     16     
29/06/1980  0       1.2    28.5   16     
30/06/1980  5.5     9.3    31     15.5   
01/07/1980  0.6     5.5    29     16.5   
02/07/1980  0       10.1   30.5   14     
03/07/1980  0       8.6    31     13     
04/07/1980  1.8     0.3    30     15     
05/07/1980  1.7     9.5    29     14.5   
06/07/1980  0       10.1   29     15.5   
07/07/1980  1.8     5.9    28.5   15.5   
08/07/1980  2.5     6.4    21     18     
09/07/1980  2.9     4.4    26     17     
10/07/1980  10.7    5.3    27     16.5   
11/07/1980  3.5     5      26     16     
12/07/1980  3       5.1    27.5   15.5   
13/07/1980  0       10.9   29     16     
14/07/1980  4.3     7.4    28.5   14     
15/07/1980  16.6    4      27     16     
16/07/1980  6.2     6.8    27     16     
17/07/1980  0       5.4    26.5   16     
18/07/1980  15      6.8    26.5   14     
19/07/1980  4.4     6.2    27.5   16     
20/07/1980  0       4.6    27     16.5   
21/07/1980  4       3.9    27.5   17     
22/07/1980  0       5.3    27     11.5   
23/07/1980  3.5     4.9    28.5   15     
24/07/1980  5.5     3.9    28     15.5   
25/07/1980  9       1.2    28     17     
26/07/1980  4.5     1      28     13.5   
27/07/1980  0       4.1    24.5   16     
28/07/1980  12      1.9    26     14.5   
29/07/1980  8       6.1    26     14     
30/07/1980  2.5     5.3    26.5   16     
31/07/1980  0       3.1    25     16     
01/08/1980  2.5     5.4    26.5   14     
02/08/1980  0       3.1    26     14.5   
03/08/1980  1.5     3.9    27.5   14     
04/08/1980  0       2.2    26     13     
05/08/1980  0       3.7    26.5   14.5   
06/08/1980  0       2.9    28     14     
07/08/1980  0       4      25.5   15     
08/08/1980  0       3.5    28     13.5   
09/08/1980  4.5     2.6    28     16     
10/08/1980  1.5     4.4    26     17.5   
11/08/1980  11      2.6    28     18     
12/08/1980  7       2      28     16     
13/08/1980  7       2.1    26     16.5   
14/08/1980  0       5.1    25     16     
15/08/1980  0       2.8    26     17     
16/08/1980  10.8    4.1    27     16     
17/08/1980  17.5    6      25.5   14.5   
18/08/1980  4       2.8    24     15.5   
19/08/1980  0.2     6.3    23.5   15.5   
20/08/1980  0       3.3    25.5   16     
21/08/1980  26.4    5.7    26.5   13.5   
22/08/1980  0.2     6      25.5   16.5   
23/08/1980  2.3     3.4    25.5   16.5   
24/08/1980  0.5     5.6    26     16     
25/08/1980  13      2.3    27     14.5   
26/08/1980  1.5     5      26     16     
27/08/1980  0       8.6    27     16     
28/08/1980  0       5.9    28     15     
29/08/1980  0       4.9    27.5   15     
30/08/1980  20      5.9    28     15.5   
31/08/1980  4.5     2.5    25     15     
01/09/1980  1       3.8    25.5   16     
02/09/1980  11      2.4    25     15     
03/09/1980  14      3.5    25.5   16.5   
04/09/1980  0       4.4    25     16.5   
05/09/1980  15      2.1    25     16     
06/09/1980  20      13.2   25.5   16     
07/09/1980  1.5     4.5    25.5   14     
08/09/1980  0       2      25.5   14     
09/09/1980  14.5    8.1    26     16.5   
10/09/1980  0       4      26     14.5   
11/09/1980  1       4.8    25     15     
12/09/1980  0       4.3    25     14     
13/09/1980  2       7.1    26.5   14     
14/09/1980  0       6.2    26     15     
15/09/1980  0       1.9    27     14     
16/09/1980  0       5.2    27     12     
17/09/1980  0       6.7    26.5   13     
18/09/1980  1       5.8    28     13     
19/09/1980  0       5.2    27     14     
20/09/1980  5.2     0.2    24     13.5   
21/09/1980  0       5.3    27.5   15     
22/09/1980  0       5.1    27.5   14     
23/09/1980  4.7     3.3    26     13.5   
24/09/1980  6.5     2.9    25.5   16     
25/09/1980  33.1    6.4    26     15.5   
26/09/1980  14.6    2.7    24.5   17     
27/09/1980  10.2    3.7    25     17     
28/09/1980  2.6     4.1    25     14     
29/09/1980  29.2    7.8    26.5   16     
30/09/1980  0       4.6    26.5   15     
01/10/1980  0       5.2    26     13     
02/10/1980  5.1     5.3    27.5   13     
03/10/1980  0       5.1    27     13     
04/10/1980  0       4.9    25     13     
05/10/1980  0       5.1    26     10.5   
06/10/1980  0       6.9    24.5   10     
07/10/1980  0       6.8    24.5   9      
08/10/1980  0       7      25     8      
09/10/1980  0       4.3    26     10     
10/10/1980  0       5.3    27.5   12.5   
11/10/1980  0       6.5    27     11.5   
12/10/1980  0       6.8    26     11     
13/10/1980  0       3.5    28     10     
14/10/1980  0       4.1    28     13.5   
15/10/1980  0       5.8    27.5   14     
16/10/1980  0       4.9    27.5   11     
17/10/1980  14.6    6.7    29     12     
18/10/1980  0.4     4.5    28     15     
19/10/1980  0       4.8    25.5   14     
20/10/1980  0       5.3    27.5   12     
21/10/1980  0       5.1    28     13.5   
22/10/1980  0       4.1    27     15.5   
23/10/1980  0       6.8    28.5   11     
24/10/1980  0       5.2    29.5   11     
25/10/1980  0       5.2    30     14     
26/10/1980  0       3.7    25     15.5   
27/10/1980  0.3     3.6    27     13.5   
28/10/1980  0.2     4.2    27     11     
29/10/1980  0       5.8    27     13     
30/10/1980  33.3    3.7    22.5   13     
31/10/1980  9.2     3.5    21     12.5   
01/11/1980  7.3     4.6    22     14     
02/11/1980  0       3.8    24     14.5   
03/11/1980  0       3.9    25.5   11     
04/11/1980  0       2.4    25     13     
05/11/1980  1       5.2    23     12     
06/11/1980  0       5      24.5   11.5   
07/11/1980  0       4.4    25     8      
08/11/1980  0       4      25.5   5.5    
09/11/1980  0       3.9    26.5   5.5    
10/11/1980  0       4.3    27     8      
11/11/1980  0       4.1    26.5   9.5    
12/11/1980  0       4.3    25     9      
13/11/1980  0       3.1    25.5   9      
14/11/1980  0       5.6    26.5   9      
15/11/1980  0       5.2    26     9      
16/11/1980  0       5      26     8.5    
17/11/1980  0       4.5    25.5   9.5    
18/11/1980  0       4.3    27     5.5    
19/11/1980  0       4.2    27     5.5    
20/11/1980  0       3.9    27     5.5    
21/11/1980  2       2.9    27     6      
22/11/1980  0.5     3.7    26.5   6      
23/11/1980  0       2.3    25     6.5    
24/11/1980  0       3.5    26     6      
25/11/1980  0       3.6    27     5      
26/11/1980  0       5.3    27     5.5    
27/11/1980  0       3.8    25     5.5    
28/11/1980  0       3.7    24     4      
29/11/1980  0       3.3    26     5      
30/11/1980  0       3.1    25     4      
01/12/1980  0       3.6    27     6      
02/12/1980  0       3.6    27     5.5    
03/12/1980  0       3.9    27     6.5    
04/12/1980  0       4      27     6      
05/12/1980  0       3.9    26.5   6      
06/12/1980  0       3.7    27     7      
07/12/1980  0       2.1    22.5   8      
08/12/1980  0       4.1    27     10     
09/12/1980  0       5      27     10.5   
10/12/1980  0       4      26.5   9      
11/12/1980  0       3.9    25     9      
12/12/1980  0       3.3    25.5   8.5    
13/12/1980  0       3.8    26     9      
14/12/1980  0       4      27.5   9.5    
15/12/1980  0       3.8    26     7      
16/12/1980  0       3.9    26     7      
17/12/1980  0       5.8    25     6.5    
18/12/1980  0       2.8    24.5   0.5    
19/12/1980  0       4.7    26     0      
20/12/1980  0       3.6    24     7      
21/12/1980  0       2.9    23     5.5    
22/12/1980  0       2.9    21.5   6.5    
23/12/1980  0.9     3.2    22.5   9      
24/12/1980  0.7     1.7    19.5   12     
25/12/1980  0       3.7    21.5   12     
26/12/1980  0       3.3    22     10.5   
27/12/1980  0       4.9    21     9      
28/12/1980  0       6.8    21     2.5    
29/12/1980  0       3.3    28     1      
30/12/1980  0       4.6    23     2      
31/12/1980  0       4.1    25     3      
01/01/1981  0       3.1    25     2      
02/01/1981  0       4.6    24     3      
03/01/1981  0       2.8    23     2.5    
04/01/1981  0       4.7    25     3      
05/01/1981  0       3.8    25     3      
06/01/1981  0       3.8    25     5.5    
07/01/1981  0       4.2    26     5.5    
08/01/1981  0       4.7    26     5.5    
09/01/1981  0       5.4    27.5   6      
10/01/1981  0       3.6    27     6      
11/01/1981  0       5.1    26     8      
12/01/1981  1       1.4    19.5   7      
13/01/1981  0       2.9    21.5   9      
14/01/1981  0       5.1    23.5   5.5    
15/01/1981  0       3.1    21.5   7.5    
16/01/1981  16.9    3      18     9.5    
17/01/1981  7.7     1.2    12.5   9.5    
18/01/1981  28      4      14     8      
19/01/1981  0       4.3    18     7      
20/01/1981  0       4.4    21     5      
21/01/1981  0       4.1    19     5.5    
22/01/1981  0       4.9    20     8      
23/01/1981  0       4.9    18.5   4      
24/01/1981  0       3.9    23     -1     
25/01/1981  0       3.1    22.5   1.5    
26/01/1981  0       6      23     4      
27/01/1981  0       5.5    20     3      
28/01/1981  0       4.8    24     2.5    
29/01/1981  0       5.2    26     3.5    
30/01/1981  0       5.1    20     6      
31/01/1981  0       5.7    27     5.5    
01/02/1981  0       5.3    26     10     
02/02/1981  0       4.6    27.5   7      
03/02/1981  0       6.3    26.5   8.5    
04/02/1981  0       4.2    26.5   9      
05/02/1981  0       6.4    26.5   8      
06/02/1981  0       3.9    26     6      
07/02/1981  0       5.6    27     6      
08/02/1981  0       7      27.5   6.5    
09/02/1981  0       5.9    29.5   5      
10/02/1981  0       7.6    27     8.5    
11/02/1981  0       6.8    28     6      
12/02/1981  0       6.4    25.5   6.5    
13/02/1981  0       5.9    27.5   5      
14/02/1981  0       5      22.5   6      
15/02/1981  0       5.7    26     5.5    
16/02/1981  0       4.6    24.5   6.5    
17/02/1981  0       5.6    26     6.5    
18/02/1981  0       3.7    25     5.5    
19/02/1981  0       6.6    28.5   8      
20/02/1981  0       5.8    28.5   8.5    
21/02/1981  0       7      29     9.5    
22/02/1981  2.5     4.9    28     10     
23/02/1981  1.8     5.3    27.5   12.5   
24/02/1981  24      4.8    24     10.5   
25/02/1981  0       5.1    23.5   8.5    
26/02/1981  0       5.1    24.5   7      
27/02/1981  0       5.8    29     7.5    
28/02/1981  0       6.1    30     9      
01/03/1981  0       5.5    29.5   10     
02/03/1981  0       8.6    30     8      
03/03/1981  0       7.1    25     7.5    
04/03/1981  0       5      24     12.5   
05/03/1981  0       8.1    27.5   7.5    
06/03/1981  2       7.1    26     8.5    
07/03/1981  0       2.2    24     11     
08/03/1981  0       8.7    27.5   11     
09/03/1981  0       7.4    26.5   10     
10/03/1981  0.5     6.1    27.5   13     
11/03/1981  0       6.3    27     13     
12/03/1981  0       6.3    27     13     
13/03/1981  0       6.5    28     11.5   
14/03/1981  0       5.9    27.5   8.5    
15/03/1981  0       6.1    30     9      
16/03/1981  0       8.8    28     11     
17/03/1981  0       4.1    27     14     
18/03/1981  0       5.9    28     12     
19/03/1981  0       4.4    30     10     
20/03/1981  0       6.3    28     10     
21/03/1981  0       10.4   27     12     
22/03/1981  0       9.9    29.5   5      
23/03/1981  0       6.8    29.5   8      
24/03/1981  0       6.1    29     9.5    
25/03/1981  0       10.6   29.5   10.5   
26/03/1981  0       10.7   31     8.5    
27/03/1981  0       9.8    29.5   11     
28/03/1981  0       10.1   29.5   10.5   
29/03/1981  0       10.9   29.5   12.5   
30/03/1981  0       9.6    30     8      
31/03/1981  0       9.7    32     8      
01/04/1981  0       9.5    33.5   9      
02/04/1981  0       9.7    31     11.5   
03/04/1981  0       9.8    32     14     
04/04/1981  0       9.2    31     13.5   
05/04/1981  0       11.1   32.5   13     
06/04/1981  0       7.5    29.5   12.5   
07/04/1981  0       9.3    30     12     
08/04/1981  0       10.4   30.5   13.5   
09/04/1981  0       8.7    31.5   14     
10/04/1981  0       7.2    29     14.5   
11/04/1981  0.2     7.7    30.5   13.5   
12/04/1981  0       9.6    31.5   11     
13/04/1981  0.4     7.5    31     15     
14/04/1981  0.2     5.8    31     15     
15/04/1981  0       9.3    30     12.5   
16/04/1981  0       6.6    26.5   16     
17/04/1981  6.5     6.2    27     14     
18/04/1981  0       6.8    28     8.5    
19/04/1981  0       11.3   29     12     
20/04/1981  0       6.7    31     11.5   
21/04/1981  0       9.5    31.5   14.5   
22/04/1981  0       14.8   29     13     
23/04/1981  0       6.9    24     17     
24/04/1981  0       7.5    29.5   10.5   
25/04/1981  0       7.6    30.5   10.5   
26/04/1981  0       12.7   32     11     
27/04/1981  0       11.3   33     10.5   
28/04/1981  0       12.4   33.5   15.5   
29/04/1981  0       11.1   33     15.5   
30/04/1981  0       9.2    32.5   16     
01/05/1981  0       7.7    31     16.5   
02/05/1981  0       8.6    31.5   16     
03/05/1981  0       10.5   32     15     
04/05/1981  0       7.5    31.5   16     
05/05/1981  0       8.1    33     7      
06/05/1981  0       9.6    33     12.5   
07/05/1981  0       8.5    31     12     
08/05/1981  0       12.3   33     10     
09/05/1981  0       10.1   34     8      
10/05/1981  0       13.7   33     12     
11/05/1981  0       10.9   33     13     
12/05/1981  0       10     33     14.5   
13/05/1981  0       10.4   33     15     
14/05/1981  0       9.6    33.5   16     
15/05/1981  0       8.9    33     15.5   
16/05/1981  0       9.1    33.5   15     
17/05/1981  0       12.2   33     16     
18/05/1981  0       11.1   34     15.5   
19/05/1981  0       10.6   35     15     
20/05/1981  0       5      28.5   17.5   
21/05/1981  0       5.7    27     17     
22/05/1981  0       6.4    27.5   15.5   
23/05/1981  0       7      28.5   15     
24/05/1981  0       9.1    30     15     
25/05/1981  0       10.8   30.5   16.5   
26/05/1981  0.8     6.1    30     12     
27/05/1981  0       12.3   31.5   15.5   
28/05/1981  14.2    6      30.5   16     
29/05/1981  0       8.2    31.5   16.5   
30/05/1981  0       9.9    31.5   17.5   
31/05/1981  0       8.3    30     16.5   
01/06/1981  0       7.5    32.5   17     
02/06/1981  7.2     8.5    32.5   19     
03/06/1981  0       8.5    33     17     
04/06/1981  0       10.3   33     17.5   
05/06/1981  0       11.4   34     15.5   
06/06/1981  3       9      34     16     
07/06/1981  0       9.5    32.5   11.5   
08/06/1981  0       10.6   35     16.5   
09/06/1981  0       11.4   34     19     
10/06/1981  0       11.6   34     18     
11/06/1981  0       11.4   34     17     
12/06/1981  0.8     4.3    34     18     
13/06/1981  0.3     8.4    33.5   18.5   
14/06/1981  37.5    16.2   31.5   17     
15/06/1981  37.3    7.8    27     11.5   
16/06/1981  13.5    1.4    23.5   11.5   
17/06/1981  1.5     0.3    22     17     
18/06/1981  3       5.8    27     17.5   
19/06/1981  3.9     5.6    26     17     
20/06/1981  3.4     4.8    25     17     
21/06/1981  35.5    8.1    25.5   17     
22/06/1981  0       1.5    26     15.5   
23/06/1981  0       6.1    28     16.5   
24/06/1981  0       3.9    27     17.5   
25/06/1981  0       7.1    29     18     
26/06/1981  10.1    3.1    25.5   18.5   
27/06/1981  15.8    4.4    25     16     
28/06/1981  28.2    3.7    25.5   14.5   
29/06/1981  17.7    11.4   25     16     
30/06/1981  25.6    11.6   26.5   16     
01/07/1981  13.7    5.4    25     16.5   
02/07/1981  2.5     5.2    24     16     
03/07/1981  6.7     7.7    26.5   16     
04/07/1981  0       5.1    25     16.5   
05/07/1981  2.5     2.6    25     11     
06/07/1981  0       5.2    26.5   16     
07/07/1981  0       6.8    27     17     
08/07/1981  27      8      27.5   17     
09/07/1981  2       2      25.5   16.5   
10/07/1981  0       3.6    28.5   16     
11/07/1981  0.2     5.7    25.5   16.5   
12/07/1981  9.4     4.1    26     17     
13/07/1981  0       8.2    27     16     
14/07/1981  0       4.9    26     16     
15/07/1981  11.4    3.4    25     17.5   
16/07/1981  1.6     4.8    26.5   16     
17/07/1981  3.6     8.9    23     17     
18/07/1981  1.5     2.2    23     16     
19/07/1981  5       1      27     14     
20/07/1981  0       6.9    27.5   14.5   
21/07/1981  9.3     4.4    26.5   16.5   
22/07/1981  9       4      27     16     
23/07/1981  10.7    7.3    27     16.5   
24/07/1981  0       6.1    26.5   16.5   
25/07/1981  10      4.7    27     16.5   
26/07/1981  10.1    6      26.5   15     
27/07/1981  12.5    5.5    26     16.5   
28/07/1981  2.9     6.7    27.5   16     
29/07/1981  5.6     3.2    27     16.5   
30/07/1981  0       6.3    29     17     
31/07/1981  0       5.7    27     17.5   
01/08/1981  0       8.7    26.5   15     
02/08/1981  0       5.9    27     14.5   
03/08/1981  0.2     6      22.5   16.5   
04/08/1981  0       6.1    27     12.5   
05/08/1981  0       4.6    27.5   16.5   
06/08/1981  0       6.2    28.5   16     
07/08/1981  0       4.8    28     15.5   
08/08/1981  0       4.4    27.5   13     
09/08/1981  4.3     3.2    27     13.5   
10/08/1981  2.6     5.6    26.5   15     
11/08/1981  8.6     6.8    27.5   16     
12/08/1981  2.1     6      27.5   13     
13/08/1981  13.5    4.3    26     14     
14/08/1981  12      4.8    25.5   16     
15/08/1981  5       2.8    25.5   17     
16/08/1981  1.2     6.5    26.5   14.5   
17/08/1981  3.4     5.3    27.5   13.5   
18/08/1981  0       5.5    27     15.5   
19/08/1981  0       4.2    27     15     
20/08/1981  0       7      28     14.5   
21/08/1981  1.1     5.8    27     14     
22/08/1981  6.8     5.3    27.5   14     
23/08/1981  2.6     4.7    26.5   15     
24/08/1981  12.2    3.3    25     15.5   
25/08/1981  0       4.4    26.5   14.5   
26/08/1981  0.3     3.6    25     14     
27/08/1981  6.3     3      24.5   15.5   
28/08/1981  3.9     1.2    24     16.5   
29/08/1981  1.3     3.1    24     17     
30/08/1981  29.8    5      26.5   15     
31/08/1981  0       4.1    25     16     
01/09/1981  0       4.6    27.5   16     
02/09/1981  0       4.5    26.5   16     
03/09/1981  0.5     6      27     16.5   
04/09/1981  14.3    4.7    25.5   15     
05/09/1981  6.5     2.6    24.5   17     
06/09/1981  8.5     4.1    24     16     
07/09/1981  0       4.3    24.5   15.5   
08/09/1981  0       6.1    26     15     
09/09/1981  0       3.4    25.5   13     
10/09/1981  0       5      27.5   14     
11/09/1981  2       5.3    27.5   15.5   
12/09/1981  0       5.4    27     14.5   
13/09/1981  0       4.6    28     15     
14/09/1981  0       4.1    28.5   14.5   
15/09/1981  0       7.1    28.5   15.5   
16/09/1981  0       5.9    28.5   11     
17/09/1981  0       7      26     12.5   
18/09/1981  0       4.2    20.5   14     
19/09/1981  0       5      27.5   10     
20/09/1981  0       4.7    28     14.5   
21/09/1981  1.5     5.2    28     14     
22/09/1981  0       7.3    28     14     
23/09/1981  0       4.9    29     13     
24/09/1981  0       6.2    29     12.5   
25/09/1981  0       5.9    29     13     
26/09/1981  0       5.2    29     13.5   
27/09/1981  10      6.2    29     11     
28/09/1981  0       5.6    25     13     
29/09/1981  0       4.6    27     16     
30/09/1981  0.5     3.6    22.5   16     
01/10/1981  3.6     4.2    28     14.5   
02/10/1981  0       7      27.5   16     
03/10/1981  0       5.2    27     13     
04/10/1981  1.7     5.1    27     13     
05/10/1981  0       4.4    25.5   13.5   
06/10/1981  0       4.8    25     12     
07/10/1981  10.8    4      27.5   12     
08/10/1981  0       5.1    28     12.5   
09/10/1981  4.1     2.1    28     12     
10/10/1981  0       4.9    27.5   12     
11/10/1981  0       5.8    28     12.5   
12/10/1981  0       4.9    28     12.5   
13/10/1981  16.5    4.4    27.5   11.5   
14/10/1981  2.6     3.4    25.5   12     
15/10/1981  0       3.4    25     15.5   
16/10/1981  0       4.1    27     14.5   
17/10/1981  0       5.1    28     12.5   
18/10/1981  0       4.5    26.5   15     
19/10/1981  0       4.2    27     12     
20/10/1981  0       4.6    26.5   12     
21/10/1981  0       4.8    27     11     
22/10/1981  0       4.4    28     11.5   
23/10/1981  0       5      28     11     
24/10/1981  0       7.5    27.5   15.5   
25/10/1981  0       4.3    28     14     
26/10/1981  0       4.1    27     14.5   
27/10/1981  0       5.6    26.5   13.5   
28/10/1981  0.8     3.9    26     12.5   
29/10/1981  0.6     2.1    28     12.5   
30/10/1981  0       4.2    28     11     
31/10/1981  0       3.9    29     12     
01/11/1981  0       3.8    28     9.5    
02/11/1981  0       3.7    27     12.5   
03/11/1981  0       3.6    28     12     
04/11/1981  0       2.6    26.5   10.5   
05/11/1981  0       4.3    25.5   11.5   
06/11/1981  0       3.1    28     11     
07/11/1981  0       5.7    22     9      
08/11/1981  0       4      26.5   9.5    
09/11/1981  0       3.4    27     11     
10/11/1981  0       4.1    26.5   10.5   
11/11/1981  0       4.6    25     10.5   
12/11/1981  0       4.1    26     10     
13/11/1981  0       3.1    26.5   10.5   
14/11/1981  0       4.3    24.5   9      
15/11/1981  0       4.5    25     9      
16/11/1981  0       4.4    25     9      
17/11/1981  0       4.2    24.5   6.5    
18/11/1981  0       5.2    25     8.5    
19/11/1981  0       5.7    26     8      
20/11/1981  0       5.4    25.5   6.5    
21/11/1981  0       5.6    26     7.5    
22/11/1981  0       3.4    26.5   7      
23/11/1981  0       6.7    26     8      
24/11/1981  0       4.6    26     8      
25/11/1981  0       5.5    24.5   8.5    
26/11/1981  0       3.8    24     6.5    
27/11/1981  0       5.6    26.5   6.5    
28/11/1981  0       4.2    25     5.5    
29/11/1981  0       3.1    26     6      
30/11/1981  0       4.4    25.5   5.5    
01/12/1981  0       4.1    27     6      
02/12/1981  0       3.6    26.5   5.5    
03/12/1981  0       4      27     8.5    
04/12/1981  0       4.9    27.5   7      
05/12/1981  17.5    5.1    25.5   8      
06/12/1981  0       3.2    23     8      
07/12/1981  0       6.1    24     9.5    
08/12/1981  0       3.8    24     6      
09/12/1981  1       6.3    22     8.5    
10/12/1981  0       1.3    24     10     
11/12/1981  0       4.9    25     4.5    
12/12/1981  0       4      23.5   4      
13/12/1981  0       4.6    25.5   3.5    
14/12/1981  0       4.2    25.5   4.5    
15/12/1981  0       3.5    26     4      
16/12/1981  0       5.1    26     4.5    
17/12/1981  0       6.3    26.5   4.5    
18/12/1981  0       3.9    27     4      
19/12/1981  0       4.4    26.5   4.5    
20/12/1981  0       4      26.5   5      
21/12/1981  0       3.8    27     5.5    
22/12/1981  0       3.7    29     9      
23/12/1981  0       3.5    26.5   11     
24/12/1981  1.5     2.5    25.5   5      
25/12/1981  3.5     3      23     6      
26/12/1981  0       2.5    26     12     
27/12/1981  0       2.8    27     10     
28/12/1981  0       5.1    27     6      
29/12/1981  0       2.2    26     9      
30/12/1981  0       7.5    27     8      
31/12/1981  0       3.3    26.5   9      
01/01/1982  0       3.9    25.5   8      
02/01/1982  0       4.1    25.5   10     
03/01/1982  0       4.1    25     9      
04/01/1982  0       2.3    28     7      
05/01/1982  0       3.7    27.5   4      
06/01/1982  0       4      25     6      
07/01/1982  0       4.3    26.5   5      
08/01/1982  0       3.5    27     7      
09/01/1982  0       2.7    26     9      
10/01/1982  0       3.6    27     10     
11/01/1982  0       3.6    25     10.5   
12/01/1982  0       3.6    27.5   7      
13/01/1982  0       4.6    27     3      
14/01/1982  0       5.4    26.5   3      
15/01/1982  0       5.6    25     4.5    
16/01/1982  0       5.2    28     6      
17/01/1982  0       3.6    28     6.5    
18/01/1982  0       4.3    27     6      
19/01/1982  0       5.9    28     5.5    
20/01/1982  0       4.4    28     6.5    
21/01/1982  0       6.4    28     6      
22/01/1982  0       5.8    27.5   6.5    
23/01/1982  0       5.1    28     6      
24/01/1982  0       6.4    28     7      
25/01/1982  0       6.1    28     6      
26/01/1982  0       5      29     7.5    
27/01/1982  0       5.3    28     6.5    
28/01/1982  0       5.4    27.5   7      
29/01/1982  0       6      28     5.5    
30/01/1982  0       6.1    28.5   6      
31/01/1982  0       5      28.5   6.5    
01/02/1982  0       5.9    27     6.5    
02/02/1982  0       6.2    28     7.5    
03/02/1982  0       5.8    27     7.5    
04/02/1982  0       8      28     3      
05/02/1982  0       6.1    28     4      
06/02/1982  0       7.4    28     5.5    
07/02/1982  0       6.4    28     6.5    
08/02/1982  0       5.2    28.5   5      
09/02/1982  0       5.9    28.5   5.5    
10/02/1982  0       7      28.5   5.5    
11/02/1982  0       6.5    30     5.5    
12/02/1982  0       5.9    28.5   7      
13/02/1982  0       4.7    28     7      
14/02/1982  0       5.1    28.5   6.5    
15/02/1982  0       10.2   30     6      
16/02/1982  0       5.9    29     6.5    
17/02/1982  0       7.3    29     6      
18/02/1982  0       7.8    29.5   8.5    
19/02/1982  0       6.2    29     9.5    
20/02/1982  0       7.8    29     7      
21/02/1982  0       8.8    29     9      
22/02/1982  0       6.1    28     12     
23/02/1982  0       6      29     10     
24/02/1982  0       5.9    28.5   11     
25/02/1982  0       5.3    29     11.5   
26/02/1982  0       6.2    29     11.5   
27/02/1982  0       7.7    28.5   12     
28/02/1982  0       7      27.5   11.5   
01/03/1982  0.2     5.4    27     10     
02/03/1982  0       5.7    26.5   7      
03/03/1982  0       7.6    28     7.5    
04/03/1982  0       9      28     9      
05/03/1982  0       8.7    29.5   9.5    
06/03/1982  0       7.2    29     7      
07/03/1982  0       8.9    29     7.5    
08/03/1982  0       9.2    29     7.5    
09/03/1982  0       5.3    29.5   8      
10/03/1982  0       7.2    29     10     
11/03/1982  0       10.6   30     9      
12/03/1982  0       6.7    29.5   11     
13/03/1982  0       8.3    29     13     
14/03/1982  0       8.5    29.5   8      
15/03/1982  0       9.5    32     10     
16/03/1982  0       10     31     9.5    
17/03/1982  0       7.2    31     10     
18/03/1982  0       10.6   32.5   12.5   
19/03/1982  0       9      32     14.5   
20/03/1982  0       8.2    31.5   12     
21/03/1982  0       9.4    31.5   12.5   
22/03/1982  0       6.8    31     10     
23/03/1982  0       7.6    31.5   13     
24/03/1982  0       11.6   32     13     
25/03/1982  0       11.5   32     10.5   
26/03/1982  0       9.4    31     11     
27/03/1982  0       9.6    31.5   11     
28/03/1982  0       10.9   32     10.5   
29/03/1982  0       11.1   33     11.5   
30/03/1982  0       11.2   32.5   11.5   
31/03/1982  0       10     33.5   11     
01/04/1982  0       10.8   33     13.5   
02/04/1982  0       9.6    33     13.5   
03/04/1982  0       11.1   35     12     
04/04/1982  0       10.1   34     12     
05/04/1982  0       10.8   33.5   11.5   
06/04/1982  0       10.6   33     12     
07/04/1982  0       10.8   34     11     
08/04/1982  0       11.3   33.5   11.5   
09/04/1982  0       13.6   31.5   12     
10/04/1982  0       10.5   31.5   11.5   
11/04/1982  0       8.1    33     8.5    
12/04/1982  0       8.6    32     18     
13/04/1982  0       8.7    35     16.5   
14/04/1982  0       9.9    32.5   16     
15/04/1982  0       10.8   32.5   17     
16/04/1982  0       11.4   33.5   16.5   
17/04/1982  0       10.1   34     17.5   
18/04/1982  3.4     9.1    32.5   17     
19/04/1982  0       8.8    34     16     
20/04/1982  0       3.9    31.5   13     
21/04/1982  0       6.3    29.5   16.5   
22/04/1982  0       5.1    29.5   14     
23/04/1982  2.4     5.9    30     13     
24/04/1982  0       9.5    29     15     
25/04/1982  0       10.1   30     15     
26/04/1982  0       9.1    32.5   15     
27/04/1982  0       10.9   33     15.5   
28/04/1982  0       9.9    33     15.5   
29/04/1982  0       11.3   32.5   15     
30/04/1982  0       10.9   32     14     
01/05/1982  0       10.7   33     14     
02/05/1982  0       9.6    32.5   14.5   
03/05/1982  0       9.2    33     12     
04/05/1982  0       8.6    33     12     
05/05/1982  0       10.6   33.5   14     
06/05/1982  0       9.2    33     14.5   
07/05/1982  0       10.5   31     17     
08/05/1982  0       8.8    33     14     
09/05/1982  0       11     33     15     
10/05/1982  0       9.4    31     16     
11/05/1982  0       10.4   34     14     
12/05/1982  0       7.6    33     15     
13/05/1982  0       12.9   32     17     
14/05/1982  0       8.2    33     16.5   
15/05/1982  0       10.1   34     17     
16/05/1982  0       6      31     17     
17/05/1982  4.5     7.1    29     15     
18/05/1982  3.5     4      27     16     
19/05/1982  1.1     4.8    28     16     
20/05/1982  0       5.6    27.5   16     
21/05/1982  4.3     2.3    25     16.5   
22/05/1982  0       7.4    30.5   15.5   
23/05/1982  0       8.1    30     20     
24/05/1982  0       5.6    30     18.5   
25/05/1982  0       9.1    32.5   17     
26/05/1982  20      7.7    31     18     
27/05/1982  0       5.9    29     15     
28/05/1982  0       5      30.5   17     
29/05/1982  2       7.2    32.5   18.5   
30/05/1982  5.2     10.8   32.5   17.5   
31/05/1982  0       8.9    34.5   16.5   
01/06/1982  0       10.1   34     17     
02/06/1982  0       10.4   34.5   17.5   
03/06/1982  0       5.2    31     17     
04/06/1982  0       8.1    32     19     
05/06/1982  0       9.1    34     16.5   
06/06/1982  0       8.9    34.5   17     
07/06/1982  0       9.2    34     17     
08/06/1982  0       9.4    33.5   18     
09/06/1982  0       8.5    33     18.5   
10/06/1982  7.9     7.4    33.5   18     
11/06/1982  0       5.8    32     19     
12/06/1982  15      6.7    32.5   18     
13/06/1982  0       5.7    31.5   17     
14/06/1982  0       8.2    31.5   15.5   
15/06/1982  0       6.1    31.5   16.5   
16/06/1982  0       8.7    34     16.5   
17/06/1982  0       9.1    34.5   11.5   
18/06/1982  0       7.9    33.5   18.5   
19/06/1982  0       6.3    34     18     
20/06/1982  0       6.5    34     18.5   
21/06/1982  0       7.2    31     17     
22/06/1982  0       5.6    32     18.5   
23/06/1982  43.3    7.2    32.5   15     
24/06/1982  0       6.5    28     15.5   
25/06/1982  0       8.5    29     17     
26/06/1982  0       4.9    32     17.5   
27/06/1982  24.5    9.9    32     17     
28/06/1982  17.6    6.5    28.5   15     
29/06/1982  19.5    7.3    27.5   15     
30/06/1982  12.1    4.5    26     15     
01/07/1982  0       5.8    25     16     
02/07/1982  21.3    3.6    26     15     
03/07/1982  0       3.6    26.5   16     
04/07/1982  0       2      27     14     
05/07/1982  7.6     10.6   27.5   15     
06/07/1982  8.2     6.9    27     16     
07/07/1982  0       8      26.5   15.5   
08/07/1982  3.8     4.5    26     15     
09/07/1982  0       5.6    26.5   14     
10/07/1982  8.3     4.4    26.5   14.5   
11/07/1982  19.5    3.9    27     15     
12/07/1982  5.4     3.9    27.5   14     
13/07/1982  0       5      26.5   15.5   
14/07/1982  0       5.9    26     14     
15/07/1982  3.8     6.8    26.5   15     
16/07/1982  10      3.1    27     14.5   
17/07/1982  20      6      28     14     
18/07/1982  25      5.8    28.5   14     
19/07/1982  20      4      23.5   13     
20/07/1982  6.5     4.9    25     16     
21/07/1982  9       3.2    25     16.5   
22/07/1982  0       6.9    26     14     
23/07/1982  4       4      25.5   14.5   
24/07/1982  8       4.3    26     13.5   
25/07/1982  0       3.4    26     14     
26/07/1982  4.3     2.9    25.5   14     
27/07/1982  1.5     3.8    24.5   15.5   
28/07/1982  0       2.5    25     12.5   
29/07/1982  0       2.2    25     12     
30/07/1982  0       3.5    25     12     
31/07/1982  0       1.2    25.5   13     
01/08/1982  0       1      28     12.5   
02/08/1982  9.6     4.5    25.5   12     
03/08/1982  1.7     1.7    25     15     
04/08/1982  11      6.1    27     13     
05/08/1982  0       5.7    27     13.5   
06/08/1982  0       4.8    27.5   14.5   
07/08/1982  0       5.4    27     14     
08/08/1982  20      3.2    27     15     
09/08/1982  0.7     7.5    27     15     
10/08/1982  1       4.9    27     13.5   
11/08/1982  0       4.1    26.5   14.5   
12/08/1982  5.1     5.2    28     15     
13/08/1982  9.5     6.1    27.5   15.5   
14/08/1982  12      5.1    26.5   14.5   
15/08/1982  20.7    6.8    26     10.5   
16/08/1982  5.1     5.2    27     11.5   
17/08/1982  0       4.7    27     12     
18/08/1982  0       5.3    25.5   13.5   
19/08/1982  1       4.8    25.5   17.5   
20/08/1982  0       4.1    25     15     
21/08/1982  0       3.1    26.5   14.5   
22/08/1982  8.5     6.3    26     13.5   
23/08/1982  0       5.4    27.5   12     
24/08/1982  3       5.5    26     14     
25/08/1982  1       4.1    26.5   13     
26/08/1982  0       4.9    27.5   12     
27/08/1982  0       5.9    27     15.5   
28/08/1982  0       5.7    26.5   13.5   
29/08/1982  0       6.4    28     13     
30/08/1982  0       3.6    28.5   10.5   
31/08/1982  36.5    4.9    28     12.5   
01/09/1982  0       3.6    28     13     
02/09/1982  0       4.3    28     13.5   
03/09/1982  0       5.6    28.5   13.5   
04/09/1982  0       5      28.5   12     
05/09/1982  0       5.9    28     12.5   
06/09/1982  0       6      28     12.5   
07/09/1982  5       3.2    27     12     
08/09/1982  0       4.3    27.5   16     
09/09/1982  0       5.5    29.5   13.5   
10/09/1982  0       6.6    29     14     
11/09/1982  0       5.9    28.5   13.5   
12/09/1982  0       6.9    28     14     
13/09/1982  3       1.3    28     13.5   
14/09/1982  44.8    2.6    24.5   14     
15/09/1982  0       5.3    27     15.5   
16/09/1982  0       5.6    28     14.5   
17/09/1982  0       7.2    28     13.5   
18/09/1982  0       6.8    27.5   14     
19/09/1982  0       7.1    28     13.5   
20/09/1982  0.9     6.1    27.5   14     
21/09/1982  1       3.8    28     16     
22/09/1982  0       4.3    27     12     
23/09/1982  0       5.2    28     13.5   
24/09/1982  0       5.7    28     13.5   
25/09/1982  0       6.9    27.5   13     
26/09/1982  0       5.1    27.5   10.5   
27/09/1982  0       5.9    30     9      
28/09/1982  0.8     4.8    29     10     
29/09/1982  0       7.1    28     12     
30/09/1982  0       7.1    29.5   13.5   
01/10/1982  0       7.2    31.5   12     
02/10/1982  0       7.6    30     12.5   
03/10/1982  0       7.6    30     12     
04/10/1982  0       6.8    26.5   15     
05/10/1982  6       3.9    30     14.5   
06/10/1982  7       4.8    26     10     
07/10/1982  2       3.3    27.5   14     
08/10/1982  2.5     2.5    24.5   15.5   
09/10/1982  0       3      25.5   14.5   
10/10/1982  5       1.4    25     13.5   
11/10/1982  3.2     2.8    26.5   9.5    
12/10/1982  0       3      27     14     
13/10/1982  9.5     4.4    28.5   14     
14/10/1982  0       4.9    25.5   12.5   
15/10/1982  0       5.3    25.5   10     
16/10/1982  0       5.9    25     11.5   
17/10/1982  0       5      26.5   11     
18/10/1982  0       2.2    25     10     
19/10/1982  0       4.7    28     9.5    
20/10/1982  0       3.8    25.5   7      
21/10/1982  0       3.6    26     7      
22/10/1982  0       4.9    24.5   7.5    
23/10/1982  0       3.6    25     8      
24/10/1982  0       3      24     8.5    
25/10/1982  0       5.4    24.5   10     
26/10/1982  0       4.5    25     9      
27/10/1982  0       4.3    24     8      
28/10/1982  0       4.3    25     6.5    
29/10/1982  0       4.4    27     7      
30/10/1982  0       4      26     7.5    
31/10/1982  0       4.8    25     7      
01/11/1982  0       3.4    28     7      
02/11/1982  0       4.4    25     5.5    
03/11/1982  0       4.2    25     6.5    
04/11/1982  0       4.3    25     6.5    
05/11/1982  0       4.1    26     6.5    
06/11/1982  0       4.2    25.5   6      
07/11/1982  0       4.4    24.5   6      
08/11/1982  0       4.7    26     6      
09/11/1982  0       3.6    24     6.5    
10/11/1982  0       4.6    24.5   5.5    
11/11/1982  0       4.1    24     6      
12/11/1982  0       6.2    26     5.5    
13/11/1982  0       6.1    27     6      
14/11/1982  0       3.7    25     6.5    
15/11/1982  0       3.5    24     6.5    
16/11/1982  0       3.5    24.5   4.5    
17/11/1982  0       3.4    25     4.5    
18/11/1982  0       3.8    25     4.5    
19/11/1982  0       4.1    26     6      
20/11/1982  0       4.1    25.5   6      
21/11/1982  0       3.9    24.5   6.5    
22/11/1982  0       3.8    24     5      
23/11/1982  0       4.3    24     4.5    
24/11/1982  0       3.8    25     4.5    
25/11/1982  0       2.9    24.5   4.5    
26/11/1982  24.5    3.2    22     4.5    
27/11/1982  0       3.3    20     9      
28/11/1982  0       3.9    24.5   8      
29/11/1982  0       3.1    25.5   6      
30/11/1982  0       3.2    25     5      
01/12/1982  0       3.7    24     6      
02/12/1982  0       3.3    22     4.5    
03/12/1982  0       3.2    24.5   3.5    
04/12/1982  0       3.1    25.5   3      
05/12/1982  0       5.6    23     2      
06/12/1982  0       2.5    22.5   4      
07/12/1982  0       2.5    24     3      
08/12/1982  0       3      24.5   4      
09/12/1982  0.4     2.2    24     4.5    
10/12/1982  0       4.1    26     5.5    
11/12/1982  1.2     1.5    26.5   4.5    
12/12/1982  47.5    9      25     6.5    
13/12/1982  8.2     0.8    24.5   6      
14/12/1982  0       3.4    25     3.5    
15/12/1982  0       3.3    24     3      
16/12/1982  0       3      21     4.5    
17/12/1982  0       2.7    21.5   7.5    
18/12/1982  0       1.9    24     3.5    
19/12/1982  0       4.5    24.5   3      
20/12/1982  0       3.8    24     3.5    
21/12/1982  0       2.1    24     3      
22/12/1982  0       3.1    24     2      
23/12/1982  0       3.4    24     1.5    
24/12/1982  0       3.1    22     2.5    
25/12/1982  0       3      22.5   2      
26/12/1982  0       2.3    21     3      
27/12/1982  0       3.2    23     2      
28/12/1982  0       2.9    23     4      
29/12/1982  0       1.9    22     6      
30/12/1982  0       3.5    24.5   6      
31/12/1982  11      1.1    23     3      
01/01/1983  3       1.9    17     8      
02/01/1983  0       2.1    22     3      
03/01/1983  0       9.6    24.5   3      
04/01/1983  0       2.1    24.5   4      
05/01/1983  0       2.3    25     7.5    
06/01/1983  0       3      24     8      
07/01/1983  0       2.5    25.5   7      
08/01/1983  0       2.9    24.5   8.5    
09/01/1983  0       4.5    24     6      
10/01/1983  0       2.9    25.5   6      
11/01/1983  0       3.7    24.5   4      
12/01/1983  0       4.5    24     10     
13/01/1983  0       3      21.5   10     
14/01/1983  1       2      22     11.5   
15/01/1983  2       2      22.5   6      
16/01/1983  4       2      22.5   7      
17/01/1983  0       5      23     8      
18/01/1983  9.5     0.3    17.5   9      
19/01/1983  0       2.7    19     8      
20/01/1983  0       4.3    19.5   11     
21/01/1983  0       4.5    19     3.5    
22/01/1983  0       4.5    20     2      
23/01/1983  0       4.5    22     2.5    
24/01/1983  0       4.2    23     1      
25/01/1983  0       3.4    25     -0.5   
26/01/1983  0       4.6    24.5   3      
27/01/1983  0       5.2    27     4      
28/01/1983  0       6.4    27.5   5      
29/01/1983  0       6      29.5   6.5    
30/01/1983  0       6.6    28     7.5    
31/01/1983  0       5.9    25     3      
01/02/1983  0       5.7    24     3.5    
02/02/1983  0       5.4    25     2      
03/02/1983  0       5.1    26     1      
04/02/1983  0       3      27     4      
05/02/1983  0       3      25.5   5      
06/02/1983  0       3      24.5   4      
07/02/1983  0       1.1    24.5   3.5    
08/02/1983  0       5.4    24     5.5    
09/02/1983  0       6.5    24.5   5.5    
10/02/1983  0       5.7    25     4      
11/02/1983  0       5      25     6      
12/02/1983  0       5.2    24     4      
13/02/1983  0       4.7    24.5   5      
14/02/1983  0       3.8    24.5   2.5    
15/02/1983  0       7.1    23.5   6.5    
16/02/1983  0       6.1    24.5   1      
17/02/1983  0       8.6    26     0      
18/02/1983  0       4.3    27     1      
19/02/1983  0       4.1    26.5   2      
20/02/1983  0       4.5    26     2.5    
21/02/1983  0       5.8    26     3      
22/02/1983  0       5.9    26.5   3.5    
23/02/1983  0       5.8    21     4      
24/02/1983  0       7.2    24     5      
25/02/1983  0       5.8    21.5   9      
26/02/1983  0       6.1    23     6      
27/02/1983  0       5.5    20     5      
28/02/1983  0       6.2    28     3      
01/03/1983  0       5.8    29     5.5    
02/03/1983  0       8.9    27.5   5.5    
03/03/1983  0       9.7    26.5   11     
04/03/1983  0       9.4    28     12     
05/03/1983  0       9.9    28.5   10     
06/03/1983  0       9      29     9      
07/03/1983  0       1.4    21.5   4      
08/03/1983  0       6.6    30     2.5    
09/03/1983  0       6.9    29     3      
10/03/1983  0       8      29     8      
11/03/1983  0       5.4    28.5   9      
12/03/1983  0       7.1    28.5   9.5    
13/03/1983  0       6.2    28     6.5    
14/03/1983  0       6.8    26     6      
15/03/1983  0       5      25     7      
16/03/1983  0       7.1    22     3      
17/03/1983  0       7.5    28     4      
18/03/1983  0       7.4    28.5   5      
19/03/1983  0       8.1    29     5.5    
20/03/1983  0       7.1    29.5   6.5    
21/03/1983  0       7.4    29     5.5    
22/03/1983  0       6.2    27     5      
23/03/1983  0       7.4    28     8      
24/03/1983  0       7.1    31     8      
25/03/1983  0       8.9    30.5   8      
26/03/1983  0       9.3    30     8.5    
27/03/1983  0       9.6    30     8      
28/03/1983  0       5.9    29     9      
29/03/1983  0       8.9    29.5   9      
30/03/1983  0       8.8    30     9      
31/03/1983  0       8.9    30.5   9.5    
01/04/1983  0       8.3    31     6.5    
02/04/1983  0       9.1    31.5   7      
03/04/1983  0       8.8    31     7.5    
04/04/1983  0       7.6    32     3.5    
05/04/1983  0       8.2    32     8.5    
06/04/1983  0       9.1    33.5   8      
07/04/1983  0       7.7    25     13     
08/04/1983  0       7.3    27     7      
09/04/1983  0       8.3    30.5   7      
10/04/1983  0       9.3    30.5   6.5    
11/04/1983  0       10.4   31     6      
12/04/1983  0       8.5    30     13     
13/04/1983  0       9.5    29.5   12     
14/04/1983  0       9.9    31     8.5    
15/04/1983  0       9.7    30     11     
16/04/1983  0       6.5    31.5   10     
17/04/1983  0       7.4    32.5   10.5   
18/04/1983  0       8.2    32     11     
19/04/1983  0       9.1    33     9      
20/04/1983  0       10.6   35     9.5    
21/04/1983  0       Nulo   34     13     
22/04/1983  0       Nulo   34.5   13.5   
23/04/1983  0       Nulo   34     13     
24/04/1983  0       Nulo   32     10.5   
25/04/1983  0       Nulo   30     9      
26/04/1983  0       Nulo   31.5   12     
27/04/1983  0       9.9    30     13     
28/04/1983  0       9      31     10     
29/04/1983  0       7.2    32.5   12     
30/04/1983  0       6.9    32     12.5   
01/06/1983  0       10.1   30     10     
02/06/1983  0       7      32     11     
03/06/1983  0       Nulo   32     11     
04/06/1983  0       7      32.5   11     
05/06/1983  0       5.8    34     11.5   
06/06/1983  0       7      34     12     
07/06/1983  0       8.9    34.5   18     
08/06/1983  0       13.6   33     20     
09/06/1983  0       6.2    36     18     
10/06/1983  0       7.3    33     18     
11/06/1983  0       7.1    33.5   18     
12/06/1983  8.5     6.1    33.5   18.5   
13/06/1983  1       8.5    34     16.5   
14/06/1983  0       5.1    33     16     
15/06/1983  0       6.9    33     18     
16/06/1983  0       7.1    30.5   16     
17/06/1983  9       7.2    31     15.5   
18/06/1983  0       8.3    32.5   15     
19/06/1983  0       7.8    33     15.5   
20/06/1983  9.6     5.1    29     16     
21/06/1983  0       9.5    31     16     
22/06/1983  0       5.1    28     15.5   
23/06/1983  5.5     2.9    27     16.5   
24/06/1983  0       5.7    29     16.5   
25/06/1983  0       6.1    29.5   17.5   
26/06/1983  6.5     4.9    30     16.5   
27/06/1983  0       4.7    29     17     
28/06/1983  39      4.9    31.5   17     
29/06/1983  0       4.7    28     15.5   
30/06/1983  0       6.1    29     17     
01/07/1983  15.2    7.2    26.5   15.5   
02/07/1983  20.7    6      28     15     
03/07/1983  22.1    6.2    29     15.5   
04/07/1983  4.8     3.3    26     16     
05/07/1983  3.8     2.3    24     16     
06/07/1983  11.5    1.4    24     16.5   
07/07/1983  8.3     5.6    26     16     
08/07/1983  0       6      28     18     
09/07/1983  0       6.1    28     16     
10/07/1983  0       7.5    28     16.5   
11/07/1983  18      4.7    28     14     
12/07/1983  2.5     3.6    27.5   14.5   
13/07/1983  1       5.7    28     17.5   
14/07/1983  7       0.1    23     17     
15/07/1983  14      6.1    24     17     
16/07/1983  17      5.3    25     16     
17/07/1983  10      3.8    26     15.5   
18/07/1983  18      3.9    27     15     
19/07/1983  42.5    3.6    27     15     
20/07/1983  30.5    5      25     15     
21/07/1983  13.5    5.5    25     16     
22/07/1983  0       5.9    25.5   15     
23/07/1983  29.5    4.3    25     15     
24/07/1983  0       6.3    26     15     
25/07/1983  0       4.9    28.5   15     
26/07/1983  6.5     4.4    29     16     
27/07/1983  5.8     4.6    27     16     
28/07/1983  0       4      27.5   16     
29/07/1983  0       5.2    27.5   16     
30/07/1983  0       10.2   28     16     
31/07/1983  0       5.3    28     16.5   
01/08/1983  25.5    6.7    27     14.5   
02/08/1983  1.5     5.9    27     14     
03/08/1983  32.5    4.4    26.5   15.5   
04/08/1983  28.5    5.8    28.5   16.5   
05/08/1983  0       3.2    25.5   14.5   
06/08/1983  0       2      25     14     
07/08/1983  6.5     8.2    25     16     
08/08/1983  1       4.2    26.5   16     
09/08/1983  0       3.7    27.5   16.5   
10/08/1983  6.5     4.3    28     16.5   
11/08/1983  8.5     7.9    27     16     
12/08/1983  8       5.1    27     16     
13/08/1983  10.8    2      27.5   16     
14/08/1983  2       5.3    28     15     
15/08/1983  6.4     5.8    26     14     
16/08/1983  29      6.2    27     15     
17/08/1983  0       4.9    26     15     
18/08/1983  16.5    5.8    28     16     
19/08/1983  0       3.3    28     15     
20/08/1983  0       3.2    28     15     
21/08/1983  16      5.4    29     15     
22/08/1983  22      2      28     16     
23/08/1983  32      8.4    26     16     
24/08/1983  0       5.3    26     16     
25/08/1983  3.5     7.2    26     15     
26/08/1983  1       4.1    27     15     
27/08/1983  0       4.2    27     15     
28/08/1983  0       5.6    27.5   14.5   
29/08/1983  15      4.8    29     14     
30/08/1983  0       7.1    28     14     
31/08/1983  0       5.6    28     15.5   
01/09/1983  0       5.2    26     15     
02/09/1983  0       4.6    26     14     
03/09/1983  8       3.5    28     14     
04/09/1983  0       3.9    28     14     
05/09/1983  0       3.8    29     14     
06/09/1983  0       3.6    28     15.5   
07/09/1983  10      6.2    26.5   17     
08/09/1983  0       4.9    28     15.5   
09/09/1983  0       2.4    26     16     
10/09/1983  8       2.9    26.5   15     
11/09/1983  17      3.1    27     14.5   
12/09/1983  1.5     3.2    26     14     
13/09/1983  3.5     1.7    25     16.5   
14/09/1983  2.5     2.5    25     15.5   
15/09/1983  0       2.2    25     14.5   
16/09/1983  4       3.2    25     15     
17/09/1983  4.5     3      26     15     
18/09/1983  0       2.9    27.5   15     
19/09/1983  4       2.1    25     16     
20/09/1983  18.5    4.7    26.5   14.5   
21/09/1983  0       6.1    28     15     
22/09/1983  0       7.8    27     16     
23/09/1983  4       5.8    26.5   15.5   
24/09/1983  0       1.9    26     12     
25/09/1983  0       1.9    26.5   12     
26/09/1983  0       5.1    27     12     
27/09/1983  0       4      27     12     
28/09/1983  0       4.4    26     15.5   
29/09/1983  0       4.8    27.5   14     
30/09/1983  0       4.8    27     12     
01/10/1983  0       4.6    28     12     
02/10/1983  0       5.2    28     11     
03/10/1983  16      5.4    30     11     
04/10/1983  0       5.3    29.5   16     
05/10/1983  0       5.2    28     14     
06/10/1983  0       7.2    28.5   13     
07/10/1983  0       4.3    28     11.5   
08/10/1983  0       4      28     11     
09/10/1983  0       4      28     11.5   
10/10/1983  0       6.4    27.5   11     
11/10/1983  0       4.6    28     9      
12/10/1983  2       5      29     11     
13/10/1983  0       6.5    28     11     
14/10/1983  0       3.8    27.5   11     
15/10/1983  0       3.3    28     11.5   
16/10/1983  29      2.9    26     10.5   
17/10/1983  5.5     3.1    25     10.5   
18/10/1983  3       2.1    23     14.5   
19/10/1983  1       5.4    25     14.5   
20/10/1983  0       5.8    26     12     
21/10/1983  0       4      28     13     
22/10/1983  0       4.1    28     13     
23/10/1983  0       5.4    28     13     
24/10/1983  0       6.2    29     11.5   
25/10/1983  0       3.8    28.5   11     
26/10/1983  0       5      24     11.5   
27/10/1983  0       4.4    26     8      
28/10/1983  0       3.2    26.5   8.5    
29/10/1983  0       3.1    25.5   8      
30/10/1983  0       2.9    26     7.5    
31/10/1983  0       5.1    27     7      
01/11/1983  0       4.1    28     11     
02/11/1983  1       4.2    28     10     
03/11/1983  9.5     2.2    23.5   10     
04/11/1983  0       2      24     13     
05/11/1983  11      2.1    24     13     
06/11/1983  0       2.2    24.5   13     
07/11/1983  3       2.1    26     13     
08/11/1983  7       2      25     14     
09/11/1983  0       3.6    24     14     
10/11/1983  0       3.1    25.5   8.5    
11/11/1983  0       2.8    25     6      
12/11/1983  0       2.9    25     6      
13/11/1983  0       3.7    25     6      
14/11/1983  0       4.6    27     6.5    
15/11/1983  0       4      26     7      
16/11/1983  0       2.9    27     7      
17/11/1983  0       4.6    28     9      
18/11/1983  0       7      26     7      
19/11/1983  0       1.3    26     6      
20/11/1983  0       2.2    26.5   6      
21/11/1983  0       3.5    26     6      
22/11/1983  0       3.8    26.5   10     
23/11/1983  0       4.8    26     9      
24/11/1983  0       4.6    27     7      
25/11/1983  0       3.3    27     9      
26/11/1983  0       3.6    27     6      
27/11/1983  0       3.2    26     6      
28/11/1983  0       4.4    27     6      
29/11/1983  0       4.4    27     7      
30/11/1983  0       3.9    27     4      
01/12/1983  0       4.5    26.5   6      
02/12/1983  0       2.3    26     7      
03/12/1983  0       2.3    27     7      
04/12/1983  0       2.9    27     7      
05/12/1983  10      1.9    28     9      
06/12/1983  0       3.3    27     5      
07/12/1983  0       2.5    27     10     
08/12/1983  0       2.4    27     11     
09/12/1983  0       3.3    27     10     
10/12/1983  0       4.1    27.5   10     
11/12/1983  0       5.3    28     10     
12/12/1983  0       3.6    27     10     
13/12/1983  0       3.6    26     5      
14/12/1983  0       3.9    26     4      
15/12/1983  0       2.8    22     6      
16/12/1983  0       3.7    26.5   5      
17/12/1983  0       3.2    26.5   5.5    
18/12/1983  0       4      26     6      
19/12/1983  0       3      26     4      
20/12/1983  0       3.1    20.5   2      
21/12/1983  0       3.7    22     4      
22/12/1983  0       4.3    21     5      
23/12/1983  0       3.8    27     5      
24/12/1983  0       3.2    27.5   4      
25/12/1983  0       4.4    28     4      
26/12/1983  0       4.1    26     3      
27/12/1983  0       6.4    26     5      
28/12/1983  0       5.4    26     7.5    
29/12/1983  0       4.2    26.5   7      
30/12/1983  0       3.3    26     7.5    
31/12/1983  0       3.2    26     4      
01/01/1984  0       3.6    26     4      
02/01/1984  14.5    3.5    22     4      
03/01/1984  11.5    0.7    12     7      
04/01/1984  0       3.3    10.5   9.5    
05/01/1984  0       3      25     6.5    
06/01/1984  0       2.4    25     8      
07/01/1984  0       1.1    26     8      
08/01/1984  0       6.4    26.5   8.5    
09/01/1984  0       5      25     10     
10/01/1984  0       4.1    20     6      
11/01/1984  0       2.3    20     7      
12/01/1984  0       4.6    24     4      
13/01/1984  0       3.3    25     2.5    
14/01/1984  0       3.1    25     5      
15/01/1984  0       4.3    26     5      
16/01/1984  0       4.4    23     5      
17/01/1984  0       3.8    26     5      
18/01/1984  0       4.2    25     4      
19/01/1984  0       3.2    27     7      
20/01/1984  0       3.2    27     7      
21/01/1984  0       3.9    21     7      
22/01/1984  0       3.1    27     7      
23/01/1984  0       3.8    26.5   4      
24/01/1984  0       3.5    26     5      
25/01/1984  0       3.5    25     6      
26/01/1984  0       3.3    24     5.5    
27/01/1984  0       2.7    26     4      
28/01/1984  0       4.4    26     4      
29/01/1984  0       3.7    26     8      
30/01/1984  0       4.1    27     9      
31/01/1984  0       4.4    26     13     
01/02/1984  0       5      26     12     
02/02/1984  0       4.4    26.5   7      
03/02/1984  0       3.5    27     6.5    
04/02/1984  0       3.9    27     8      
05/02/1984  0       3.9    27     9      
06/02/1984  0       4.1    28     9      
07/02/1984  0       4.2    26     7      
08/02/1984  0       3.8    24     6      
09/02/1984  8       2.5    24     5.5    
10/02/1984  0       3.3    24     6      
11/02/1984  0       3.4    24.5   6      
12/02/1984  0       5      24     6      
13/02/1984  0       3.6    26     3      
14/02/1984  0       4.1    27     3.5    
15/02/1984  0       4      26.5   4      
16/02/1984  0       4.3    27     6.5    
17/02/1984  0       6.1    28     8      
18/02/1984  0       5.1    28.5   8      
19/02/1984  0       5.5    29     8.5    
20/02/1984  0       4.3    27     8.5    
21/02/1984  0       3.1    25     11     
22/02/1984  0       4.2    26     6.5    
23/02/1984  0       4      25.5   6      
24/02/1984  0       4.3    25     6      
25/02/1984  0       4.1    25     6      
26/02/1984  0       4.2    25.5   6      
27/02/1984  0       4.4    24.5   5.5    
28/02/1984  0       4.1    28     4.5    
29/02/1984  0       3.9    28.5   5      
01/03/1984  0       4      27     5.5    
02/03/1984  0       4      27     9      
03/03/1984  0       4.1    27     9      
04/03/1984  0       3.6    27     9      
05/03/1984  0       4      29     9      
06/03/1984  0       3.9    26.5   8      
07/03/1984  0       4.6    28.5   5      
08/03/1984  0       5.5    29     6      
09/03/1984  0       3.3    28     7      
10/03/1984  0       3.5    28     6.5    
11/03/1984  0       2.4    28     6      
12/03/1984  0       4.4    29     6.5    
13/03/1984  0       3.4    27     7      
14/03/1984  0       8.8    27     6      
15/03/1984  0       6      30     9      
16/03/1984  0       4.9    31     9      
17/03/1984  0       4.2    30     8      
18/03/1984  0       5.1    30     8.5    
19/03/1984  0       5.1    28     8.5    
20/03/1984  0       4.3    28     8      
21/03/1984  0       4.7    28     8      
22/03/1984  0       5.3    28     9      
23/03/1984  0       5.7    28     9      
24/03/1984  0       5.8    28     10     
25/03/1984  0       6.4    29     10     
26/03/1984  0       6.1    30     9      
27/03/1984  0       6.6    28     9.5    
28/03/1984  0       7.1    30     8      
29/03/1984  0       7.1    32     9      
30/03/1984  0       5.1    32     10     
31/03/1984  0       5.3    32     10     
01/04/1984  0       6.3    30     10     
02/04/1984  0       7.3    31.5   9      
03/04/1984  0       2.3    28     10     
04/04/1984  0       7.2    30     9      
05/04/1984  0       8.2    30     9      
06/04/1984  0       8.6    31     9.5    
07/04/1984  0       8.8    31     9.5    
08/04/1984  0       8.4    32     9      
09/04/1984  0       8.1    32     9      
10/04/1984  0       8.3    32     9.5    
11/04/1984  0       8.6    31     9      
12/04/1984  0       8.9    33     7      
13/04/1984  0       7.1    33     8      
14/04/1984  0       6      33     8      
15/04/1984  0       6.5    33     8      
16/04/1984  0       6.8    33     8      
17/04/1984  0       6.6    32     9      
18/04/1984  0       6.4    32.5   10     
19/04/1984  0       6.4    33     10     
20/04/1984  0       6.4    33     10.5   
21/04/1984  0       7.2    32.5   11.5   
22/04/1984  0       6.9    33     10     
23/04/1984  0       7.8    34     9      
24/04/1984  0       10.1   33     10.5   
25/04/1984  0       8.6    32     10     
26/04/1984  0       9.8    34     10     
27/04/1984  0       9.9    34.5   9      
28/04/1984  0       9.2    34.5   11     
29/04/1984  0       9.3    34     11     
30/04/1984  0       9.4    34     11     
01/05/1984  0       8.9    35     11     
02/05/1984  0       8.9    35     11     
03/05/1984  0       8.9    33     10.5   
04/05/1984  0       9.1    35     11     
05/05/1984  0       9      35     11     
06/05/1984  0       11     35     11     
07/05/1984  0       9.1    34.5   11     
08/05/1984  7       6.8    35     10.5   
09/05/1984  5       7.2    31     13.5   
10/05/1984  13      9      30     13     
11/05/1984  0       5.6    30     13     
12/05/1984  0       6.3    30     13     
13/05/1984  0       6.6    30     13     
14/05/1984  0       5.2    33     13     
15/05/1984  0       6.2    32     9      
16/05/1984  0       7.3    31.5   10     
17/05/1984  0       7.9    30     10     
18/05/1984  0       2.9    31     10     
19/05/1984  0       2.7    31.5   10.5   
20/05/1984  0       3.1    32     11     
21/05/1984  0       7.1    31     11     
22/05/1984  0       7.4    32     9      
23/05/1984  0       8.6    33     11.5   
24/05/1984  0       8.5    32     15     
25/05/1984  9       8.8    32     17.5   
26/05/1984  0       8.1    32.5   15     
27/05/1984  0       8.7    34     15.5   
28/05/1984  0       8.2    32     14     
29/05/1984  0       7.1    28     15     
30/05/1984  0       7.4    27     14     
31/05/1984  0       7.3    31     13     
01/06/1984  0       6.4    31     14     
02/06/1984  10      5.9    31.5   13     
03/06/1984  0       6.1    32     12.5   
04/06/1984  0       7.9    32.5   12     
05/06/1984  0       7.7    32     14     
06/06/1984  7       11.5   31     14     
07/06/1984  0       7.3    31     16     
08/06/1984  10      7.3    31     16     
09/06/1984  12      7.1    31     16     
10/06/1984  15      9.4    31     16     
11/06/1984  26      4.3    30     14     
12/06/1984  6       4.1    26     14     
13/06/1984  8       1.4    26.5   16     
14/06/1984  28      4.9    27     15.5   
15/06/1984  10      3.2    27     16     
16/06/1984  5       2      28     17     
17/06/1984  0       1.8    28     17     
18/06/1984  4       5.3    27     17     
19/06/1984  0       4.5    26     16     
20/06/1984  2       4      28     16     
21/06/1984  29      3.9    27     16     
22/06/1984  0       3.2    27     15     
23/06/1984  0       3.7    26     16     
24/06/1984  14      4.1    26     16     
25/06/1984  0       4.6    26     14     
26/06/1984  0       4.5    28     16     
27/06/1984  0       5.2    26     16     
28/06/1984  0       4.9    27     15     
29/06/1984  0       5.1    27.5   16     
30/06/1984  33.2    3.9    28     15.5   
01/07/1984  16.5    4.1    28.5   15     
02/07/1984  6.9     2.4    28.5   16     
03/07/1984  0       4.9    26     15     
04/07/1984  21.9    2.7    24.5   15     
05/07/1984  3.1     2.9    25     15.5   
06/07/1984  0       3.6    25     15     
07/07/1984  0       3.9    25.5   15     
08/07/1984  0       3.3    25     14.5   
09/07/1984  13.5    3.3    26     15     
10/07/1984  3       2.9    22     15     
11/07/1984  14.5    5      25     15     
12/07/1984  42      6.5    24     15     
13/07/1984  20      2.8    24.5   14.5   
14/07/1984  2       4.8    24.5   15     
15/07/1984  0       6.6    25     14.5   
16/07/1984  2       5.7    24     15     
17/07/1984  13      6.1    26     14.5   
18/07/1984  0       5.3    26     14.5   
19/07/1984  0       4.2    26     14     
20/07/1984  0       3.2    27.5   14     
21/07/1984  0       4.2    28     14.5   
22/07/1984  12      2.7    28     14     
23/07/1984  0       5.5    26.5   14     
24/07/1984  11      4      26.5   15     
25/07/1984  2       4.2    27     15     
26/07/1984  2.1     4.2    28.5   14     
27/07/1984  0       3.2    28     14.5   
28/07/1984  0       2.8    28     10     
29/07/1984  16      3.3    27     14     
30/07/1984  0       5.9    26.5   14     
31/07/1984  0       5.3    27     13     
01/08/1984  0       5.9    28     15     
02/08/1984  0       6.1    27     15.5   
03/08/1984  0       6.6    27     15.5   
04/08/1984  0       6.9    27     15     
05/08/1984  12      6      27     14     
06/08/1984  0       5.6    27.5   14     
07/08/1984  0       4.9    26.5   15     
08/08/1984  2       3.9    27     15     
09/08/1984  0       4.1    26     15.5   
10/08/1984  0       4.2    27     15.5   
11/08/1984  10      4.2    27     15.5   
12/08/1984  0       4.6    27     15     
13/08/1984  0       4.9    28     14     
14/08/1984  0       4.5    27     13.5   
15/08/1984  0       5.2    27.5   13     
16/08/1984  2       3.8    25     13     
17/08/1984  0       3.5    25.5   15     
18/08/1984  0       3.8    25.5   13     
19/08/1984  5       0.6    25.5   13     
20/08/1984  0       4.1    28     13.5   
21/08/1984  0       4.2    26.5   14     
22/08/1984  4.5     7.2    27     14.5   
23/08/1984  8       4.2    27     15     
24/08/1984  0       4      27     16     
25/08/1984  0       4.6    27.5   16     
26/08/1984  10      3.5    26.5   15     
27/08/1984  3       4.3    26.5   12     
28/08/1984  20      4.5    26.5   14     
29/08/1984  0       5.4    27     11.5   
30/08/1984  0       4.7    28     12     
31/08/1984  0       4.8    28     12.5   
01/09/1984  0       4.7    28     12     
02/09/1984  10      1.8    28     12     
03/09/1984  0       4.1    27     14     
04/09/1984  0       4.3    27.5   13     
05/09/1984  17      4.4    27     13.5   
06/09/1984  18      3      26     14     
07/09/1984  30      3.3    26     14     
08/09/1984  16      4.1    26.5   14     
09/09/1984  14      3.6    26.5   14     
10/09/1984  5       3.3    23     14     
11/09/1984  8       3.5    22     14     
12/09/1984  0       3.7    24     15     
13/09/1984  2       3.6    24.5   15     
14/09/1984  9       2.8    24     15     
15/09/1984  0       2.8    24     14     
16/09/1984  0       4.8    24     12     
17/09/1984  0       3.8    25     12     
18/09/1984  0       3.8    24.5   13     
19/09/1984  3       3.2    26     12     
20/09/1984  0       3.1    26.5   13     
21/09/1984  0       3.1    26.5   13     
22/09/1984  22.5    1.5    26     13     
23/09/1984  10      2.1    26     13.5   
24/09/1984  0       4.6    26     13.5   
25/09/1984  0       4.8    26.5   13     
26/09/1984  0       4.2    28     12.5   
27/09/1984  0       5      28     13     
28/09/1984  0       4.6    28     13     
29/09/1984  0       4.1    28     13     
30/09/1984  4       4.1    27     11.5   
01/11/1984  0       3.4    28.5   12     
02/11/1984  0       3.6    28.5   12     
03/11/1984  0       3.7    28.5   10     
04/11/1984  0       3.1    28     10     
05/11/1984  0       5.4    28     8      
06/11/1984  0       4.6    28.5   7      
07/11/1984  0       6      28.5   9      
08/11/1984  0       5.8    29     7      
09/11/1984  0       4.9    28     9      
10/11/1984  0       4.1    28     9      
11/11/1984  0       5.9    28     7      
12/11/1984  0       4.9    27.5   7      
13/11/1984  0       5.2    27     3.5    
14/11/1984  0       5.4    28     6      
15/11/1984  0       5.3    28     6.5    
16/11/1984  0       4.4    27.5   4.5    
17/11/1984  0       4.6    27.5   4      
18/11/1984  0       4.1    27     4      
19/11/1984  0       0.7    28     4.5    
20/11/1984  0       0.6    27.5   4      
21/11/1984  0       2.6    26     4.5    
22/11/1984  0       3.8    25     6      
23/11/1984  0       3.8    25.5   6      
24/11/1984  0       3.9    25     6      
25/11/1984  0       4.4    25.5   7      
26/11/1984  0       1      27     6      
27/11/1984  0       4      28     6.5    
28/11/1984  0       4.7    27     7.5    
29/11/1984  0       3.4    26     9      
30/11/1984  0       5.7    26     11     
01/12/1984  0       5.8    26.5   8      
02/12/1984  0       7.1    28.5   Nulo   
03/12/1984  0       3.5    28     Nulo   
04/12/1984  0       3.1    27.5   Nulo   
05/12/1984  0       5.4    26.5   Nulo   
06/12/1984  0       3.3    26.5   Nulo   
07/12/1984  0       4.1    26.5   Nulo   
08/12/1984  0       4.1    26.5   Nulo   
09/12/1984  0       3.3    26     6.5    
10/12/1984  0       3.5    27     3.5    
11/12/1984  0       3.6    25.5   3      
12/12/1984  0       3.9    26.5   4      
13/12/1984  0       4.1    23     4      
14/12/1984  3.9     3.1    23     4      
15/12/1984  0       3.3    24     4.5    
16/12/1984  0       2      24     5      
17/12/1984  0       0.8    26.5   5      
18/12/1984  0       4.8    26.5   5      
19/12/1984  0       5.9    26     5.5    
20/12/1984  0       5.1    26     5      
21/12/1984  0       5      25     5.5    
22/12/1984  0       5.6    25     5      
23/12/1984  0       6      25     5.5    
24/12/1984  0       5.9    25.5   5      
25/12/1984  0       5      25.5   5      
26/12/1984  0       3.5    26.5   6      
27/12/1984  0       2.9    26.5   7      
28/12/1984  0       4      26     6.5    
29/12/1984  0       2.4    24     6      
30/12/1984  0       3.1    24     6      
31/12/1984  0       2.3    24     6.5    
01/01/1985  0       3      26     7      
02/01/1985  0       2.7    26.5   7      
03/01/1985  0       2.6    22     6.5    
04/01/1985  0       3      23     3      
05/01/1985  0       1.9    22.5   2.5    
06/01/1985  0       3.2    23     2      
07/01/1985  0       3.6    22     3      
08/01/1985  0       3.2    21     3.5    
09/01/1985  0       3.7    20.5   3      
10/01/1985  0       2.5    21.5   3      
11/01/1985  0       3.1    22     3.5    
12/01/1985  0       2.8    23.5   4      
13/01/1985  0       2.1    23     4      
14/01/1985  0       2.2    24.5   4.5    
15/01/1985  0       2.6    23     5      
16/01/1985  0       2.9    23     4.5    
17/01/1985  0       2.9    24     4.5    
18/01/1985  0       3.1    25     4.5    
19/01/1985  0       3.3    26     6      
20/01/1985  0       3.6    26     6      
21/01/1985  0       3.2    25.5   6      
22/01/1985  0       5.2    26     7      
23/01/1985  0       2.2    23     8      
24/01/1985  0       4.4    26     8      
25/01/1985  0       4.8    27     7      
26/01/1985  0       4.7    27.5   7      
27/01/1985  0       4      28     6      
28/01/1985  0       4.8    28     6      
29/01/1985  0       5      28     5.5    
30/01/1985  0       6.1    28     6      
31/01/1985  0       5.5    24     5      
01/02/1985  0       4.9    22     6      
02/02/1985  0       5      21     6      
03/02/1985  0       5.2    21     5      
04/02/1985  0       7      25     5      
05/02/1985  0       6.8    27     7      
06/02/1985  0       4.7    26.5   7.5    
07/02/1985  0       6.4    28     7      
08/02/1985  0       5.2    28     5.5    
09/02/1985  0       5.1    28     5.5    
10/02/1985  0       5.4    28     5      
11/02/1985  0       6.7    29     5      
12/02/1985  0       4.4    26.5   8      
13/02/1985  0       4.7    27.5   7      
14/02/1985  0       5.8    26.5   10     
15/02/1985  0       6.4    26.5   10.5   
16/02/1985  0       6.9    26     8.5    
17/02/1985  7       Nulo   26     6      
18/02/1985  2       5.4    25     6      
19/02/1985  0       4      25.5   4.5    
20/02/1985  0       4.6    28     6.5    
21/02/1985  0       5.8    28     6      
22/02/1985  0       7      28     6      
23/02/1985  0       7.3    28.5   6      
24/02/1985  0       7      30     6.5    
25/02/1985  0       6.3    29.5   6.5    
26/02/1985  0       1.2    29.5   6      
27/02/1985  0       4.6    26.5   7      
28/02/1985  0       4.4    29.5   9      
01/03/1985  0       6.2    30     11.5   
02/03/1985  0       6.2    30     11     
03/03/1985  0       7.4    33     11     
04/03/1985  0       6.4    31     11     
05/03/1985  0       7      31.5   10     
06/03/1985  0       6.1    29     11     
07/03/1985  0       6.1    30     10.5   
08/03/1985  0       5.4    30     11     
09/03/1985  0       5.3    30     11     
10/03/1985  0       7      29     11     
11/03/1985  0       5.1    29.5   8.5    
12/03/1985  0       6.3    30.5   8.5    
13/03/1985  0       5.7    26.5   10     
14/03/1985  0       5.7    26     8.5    
15/03/1985  0       7.1    32     7.5    
16/03/1985  0       7.2    32.5   8      
17/03/1985  0       8.5    32.5   8      
18/03/1985  0       6.6    31     8      
19/03/1985  0       8.6    28.5   11     
20/03/1985  0       8.1    28.5   15     
21/03/1985  0       8      29     10     
22/03/1985  0       7.2    29.5   8      
23/03/1985  0       12.1   30     8      
24/03/1985  1.5     7      31.5   8.5    
25/03/1985  0       7.2    31.5   8.5    
26/03/1985  0       6.2    31     12     
27/03/1985  0       7.5    32     12.5   
28/03/1985  0       8.1    31.5   10.5   
29/03/1985  0       8.5    31.5   11.5   
30/03/1985  0       8.2    32     11.5   
31/03/1985  0       7.8    32     11     
01/04/1985  0       9.6    32     10     
02/04/1985  0       7.8    28.5   10     
03/04/1985  0       7.7    28.5   10.5   
04/04/1985  0       7.8    30     10.5   
05/04/1985  0       7.4    30     11     
06/04/1985  0       8      30     11     
07/04/1985  0       7.4    30     11     
08/04/1985  0       8.1    33     11     
09/04/1985  0       6.3    28.5   10     
10/04/1985  0       6.2    29.5   11.5   
11/04/1985  0       6.5    32     11.5   
12/04/1985  0       6.2    32     10     
13/04/1985  0       6.2    31     10     
14/04/1985  0       7.2    31     10     
15/04/1985  0       7      32     10.5   
16/04/1985  0       6.9    31.5   11     
17/04/1985  0       5.2    32     12     
18/04/1985  0       6.4    32     12     
19/04/1985  0       6.1    32     12.5   
20/04/1985  0       6      32     12     
21/04/1985  0       6.9    31     12     
22/04/1985  0       6.1    30     11.5   
23/04/1985  0       6.7    30     14.5   
24/04/1985  0       8.3    32     13     
25/04/1985  0       10.3   31.5   14     
26/04/1985  0       9.1    34     14     
27/04/1985  0       9      34     14     
28/04/1985  0       10     34     11     
29/04/1985  0       9.2    34     11     
30/04/1985  0       9      33     11     
01/05/1985  0       7.8    34     13     
02/05/1985  0       7.3    31     13     
03/05/1985  0       7.1    33     13.5   
04/05/1985  0       7.1    33     13.5   
05/05/1985  0       7.2    35     13.5   
06/05/1985  0       7.9    31.5   13.5   
07/05/1985  0       8      31.5   16     
08/05/1985  0       6.2    33     15     
09/05/1985  0       7.1    33     14     
10/05/1985  0       7.3    33     15     
11/05/1985  0       7.9    33     15     
12/05/1985  0       8      33     15     
13/05/1985  0       8.1    34     15     
14/05/1985  2.5     8.2    35     14     
15/05/1985  0       8.9    35     14     
16/05/1985  0       5.2    27     16     
17/05/1985  0       8      30     16     
18/05/1985  0       8      33     16     
19/05/1985  0       8.1    32     16     
20/05/1985  0       7.1    31     16     
21/05/1985  0       8.9    32     16     
22/05/1985  0       9.8    34     16.5   
23/05/1985  4.6     8.6    33.5   16.5   
24/05/1985  0       7.7    33     17     
25/05/1985  0       7.9    33.5   16     
26/05/1985  0       7.6    34     16.5   
27/05/1985  0       9.6    34.5   16.5   
28/05/1985  0       8.4    35     18     
29/05/1985  0       9.4    34     15     
30/05/1985  0       12.2   35.5   16     
31/05/1985  0       10.8   35     15     
01/06/1985  0       9.9    35     17     
02/06/1985  0       10     35     17     
03/06/1985  0       4.4    28     17     
04/06/1985  14      5      32     18     
05/06/1985  5.8     5.9    29     17     
06/06/1985  21.3    5.7    27     16     
07/06/1985  0       7.5    29     16     
08/06/1985  0       8      31.5   16     
09/06/1985  0       7.1    31.5   14     
10/06/1985  9       7.3    31     14     
11/06/1985  0       7.3    29.5   15     
12/06/1985  7.5     4.4    29.5   14     
13/06/1985  4.8     4.8    27.5   12     
14/06/1985  15      4.8    27.5   16.5   
15/06/1985  38      4.5    28.5   16.5   
16/06/1985  39      5      28.5   14     
17/06/1985  20.3    5.9    21     14     
18/06/1985  9.5     2.6    23.5   16     
19/06/1985  6.5     2.7    26     16     
20/06/1985  0       2.5    26     16     
21/06/1985  4.6     3.4    26.5   16     
22/06/1985  6.4     3.6    25     16.5   
23/06/1985  0.7     3.6    25.5   15     
24/06/1985  0       4.4    27     14     
25/06/1985  7.8     1.6    25.5   13.5   
26/06/1985  4.3     Nulo   27.5   15     
27/06/1985  37.5    2.3    26     15     
28/06/1985  12.5    2.8    24     15     
29/06/1985  40      2.8    23.5   14.5   
30/06/1985  0.2     2      23     14     
01/07/1985  11.6    1.5    23.5   15     
02/07/1985  4.8     1.9    24     16     
03/07/1985  0       2.7    24.5   15.5   
04/07/1985  3       3.1    24.5   16     
05/07/1985  7       3.4    27     16     
06/07/1985  18      3.5    27     16     
07/07/1985  4.6     2.7    27     14     
08/07/1985  3.2     2.2    27     14     
09/07/1985  0       3.5    26     15     
10/07/1985  0       3.9    26.5   14     
11/07/1985  0       3.9    27     15     
12/07/1985  0       3.9    26.5   14     
13/07/1985  0       4.2    26     14.5   
14/07/1985  0       3.7    27     15     
15/07/1985  3.2     2.4    26     15     
16/07/1985  8.7     2.3    28.5   14     
17/07/1985  4.3     2.5    25     13     
18/07/1985  6       2.6    25.5   15     
19/07/1985  10      3.1    25.5   14     
20/07/1985  20      2.5    27     13     
21/07/1985  5       2.3    27     14     
22/07/1985  0.8     3.1    24     14     
23/07/1985  1       2.6    26     16.5   
24/07/1985  2.8     3.1    26.5   16     
25/07/1985  1.8     3.9    27     15.5   
26/07/1985  10      3.3    27.5   16     
27/07/1985  0       6.9    26.5   16     
28/07/1985  6       2.6    26.5   15.5   
29/07/1985  0       4.1    27     14     
30/07/1985  12.5    4      26     15     
31/07/1985  19      6.1    26.5   16     
01/03/1986  0       6.3    29     6      
02/03/1986  0       6.5    29     6      
03/03/1986  0       8.7    29     6      
04/03/1986  0       6.7    30.5   7.5    
05/03/1986  0       6.5    29     7.5    
06/03/1986  0       7.3    28.5   8.5    
07/03/1986  0       8      28.5   9      
08/03/1986  0       7.8    28.5   7      
09/03/1986  0       8      28     6      
10/03/1986  0       7.5    28.5   4.5    
11/03/1986  0       6.4    30     8      
12/03/1986  0       3.3    28     7      
13/03/1986  0       6.1    28     7      
14/03/1986  0       8.1    29     6      
15/03/1986  0       8      30     5.5    
16/03/1986  0       7.7    32     4.5    
17/03/1986  0       9.4    31     3      
18/03/1986  0       10.3   29     6      
19/03/1986  0       7.9    29     7.5    
20/03/1986  0       8.4    29     5      
21/03/1986  0       8.5    28.5   5      
22/03/1986  0       8      28     5.5    
23/03/1986  0       6.3    29     5      
24/03/1986  0       6.5    26.5   4      
25/03/1986  0       7.6    28     5.5    
26/03/1986  0       7.1    29     6      
27/03/1986  0       8.1    29     6      
28/03/1986  0       8.1    30     6      
29/03/1986  0       8.1    31     8      
30/03/1986  0       7.2    32     9.5    
31/03/1986  0       6.2    30     9.5    
01/04/1986  0       6.4    33.5   11     
02/04/1986  0       7.2    33     10.5   
03/04/1986  0       9.8    32.5   11     
04/04/1986  0       9      33     11     
05/04/1986  0       9      34.5   9.5    
06/04/1986  0       10     35     10     
07/04/1986  0       9.4    35     9      
08/04/1986  0       9.2    35     10     
09/04/1986  0       Nulo   Nulo   10     
10/04/1986  0       Nulo   Nulo   Nulo   
11/04/1986  0       Nulo   Nulo   Nulo   
12/04/1986  0       Nulo   Nulo   Nulo   
13/04/1986  0       Nulo   Nulo   Nulo   
14/04/1986  0       Nulo   Nulo   Nulo   
15/04/1986  0       Nulo   Nulo   Nulo   
16/04/1986  0       Nulo   Nulo   Nulo   
17/04/1986  0       Nulo   Nulo   Nulo   
18/04/1986  0       9.4    33     Nulo   
19/04/1986  0       9.5    33.5   10     
20/04/1986  0       9      33.5   9      
21/04/1986  0       5.5    33     9      
22/04/1986  0       5      30     11     
23/04/1986  1.1     5.7    31.5   9      
24/04/1986  0       9.4    31     10.5   
25/04/1986  0       5      32     13     
26/04/1986  0       5      33.5   11.5   
27/04/1986  0       6      32     12     
28/04/1986  0       5.1    34     11     
29/04/1986  0       5.9    28.5   10     
30/04/1986  0       5.9    30.5   12.5   
--------------------------------------
