CNA-SMN-CG-GMC-SMAA-CLIMATOLOGIA
BASE DE DATOS CLIMATOLOGICA
DATOS DISPONIBLES EN LA BASE DE DATOS A DICIEMBRE 2022

ESTACION  : 15323
NOMBRE    : LA GOLETA
ESTADO    : MEXICO
MUNICIPIO : Amatepec
SITUACION : SUSPENDIDA
ORGANISMO : CONAGUA-DGE
CVE-OMM   : Nulo
LATITUD   : 018.674°
LONGITUD  : -100.099°
ALTITUD   : 2278 msnm

EMISIÓN   : 29/12/2022

            PRECIP  EVAP   TMAX   TMIN   
  Fecha     (MM)    (MM)   (°C)   (°C)   
18/03/1982  0       7.9    25.5   13     
19/03/1982  0       5.7    25.2   11.9   
20/03/1982  0       4.9    24.7   11.5   
21/03/1982  0       3.8    24.8   10.5   
22/03/1982  0       4.1    24.8   11.4   
23/03/1982  0       5.8    24.9   11.1   
24/03/1982  0       4.9    25.2   11.5   
25/03/1982  0       5.7    25.5   11.2   
26/03/1982  0       3.5    26.5   13.5   
27/03/1982  0       6.2    25.2   12.5   
28/03/1982  0       4.1    27     13.4   
29/03/1982  0       4.4    26.4   13.2   
30/03/1982  0       3.3    27.4   12.3   
31/03/1982  0       4      29.2   14.4   
01/04/1982  0       8.1    30     15.2   
02/04/1982  0       4.6    28.2   14.6   
03/04/1982  0       6.4    28.7   14.7   
04/04/1982  0       5.8    28.9   14.9   
05/04/1982  0       6.9    29.2   13.5   
06/04/1982  0       6.1    28.3   13.6   
07/04/1982  0       4.6    27.2   13.2   
08/04/1982  0       6.8    27.5   13.4   
09/04/1982  0       4.7    27.4   12.8   
10/04/1982  0       4.4    28.2   12.8   
11/04/1982  11.9    6.9    28.2   14.3   
12/04/1982  0       5.4    25.9   12.3   
13/04/1982  0       5.8    27.2   13.4   
14/04/1982  0       6.2    27     13.2   
15/04/1982  0       5.1    27.2   12.5   
16/04/1982  0       4.9    28.4   13.2   
17/04/1982  0       7.3    28.8   13.2   
18/04/1982  0       7.3    28.5   13.2   
19/04/1982  0       6.4    26.8   12.8   
20/04/1982  0       4      26.4   11.6   
21/04/1982  36.5    9.3    26.3   12.4   
22/04/1982  0       4.3    23.8   10.8   
23/04/1982  0       4.4    24.8   11.9   
24/04/1982  0       4.2    24.9   12.9   
25/04/1982  0       4.3    27.3   12.2   
26/04/1982  0       4.1    26.5   11.4   
27/04/1982  0       3.8    27.3   10.6   
28/04/1982  0       4.6    25.2   11.4   
29/04/1982  0       4.1    26.5   11.9   
30/04/1982  0       10.6   27.8   11.6   
01/05/1982  0       6.8    26.2   11.3   
02/05/1982  0       5.6    27.6   12     
03/05/1982  0       4.7    28.4   11.4   
04/05/1982  0       6.9    26.7   11.6   
05/05/1982  0       5.7    26.6   12.3   
06/05/1982  0       9.6    26.2   13.6   
07/05/1982  0       3.9    27     13.4   
08/05/1982  0       3.7    26.8   12.8   
09/05/1982  0       6.7    27.2   13.2   
10/05/1982  0       6.3    26.8   13.2   
11/05/1982  0       5.3    26.6   14.1   
12/05/1982  0       5      28.2   13.8   
13/05/1982  0       6.3    27.8   13.6   
14/05/1982  0       5.5    27.1   12.4   
15/05/1982  3       7      28.3   15.1   
16/05/1982  0       4.3    26.8   12.8   
17/05/1982  15      3.7    25.1   11.8   
18/05/1982  18      3.3    23.7   11.8   
19/05/1982  35.6    5.4    21.6   11.9   
20/05/1982  38      Nulo   20.4   11.3   
21/05/1982  0       5.4    20.6   12.2   
22/05/1982  0       5.5    22.4   12.4   
23/05/1982  0       Nulo   26.8   11.8   
24/05/1982  0       6.7    26.4   12.4   
25/05/1982  20.3    3.5    26.6   11.8   
26/05/1982  0       4.2    23.5   11.4   
27/05/1982  0       1.8    24.6   12.8   
28/05/1982  0       3.8    24.9   11.4   
29/05/1982  10.6    4.2    22.8   15.1   
30/05/1982  0       5.9    25.2   12.8   
31/05/1982  0       4.9    26.3   13.9   
01/06/1982  0       5.1    26.4   12.8   
02/06/1982  0       4.8    27.3   14.6   
03/06/1982  0       4.8    28.6   12.2   
04/06/1982  0       4.9    28.2   11.4   
05/06/1982  5       3.1    28.6   11.4   
06/06/1982  0       4.3    27.6   12.4   
07/06/1982  0       4      27.2   12.6   
08/06/1982  0       4.3    24.8   12.4   
09/06/1982  0       3.7    23.8   13.9   
10/06/1982  5.7     2.6    23.9   10.6   
11/06/1982  2.8     4.7    22.6   12.6   
12/06/1982  10      3.7    21.2   13.1   
13/06/1982  10      3.8    23.2   12.2   
14/06/1982  0       3.2    24.6   12.6   
15/06/1982  0       4.8    25.6   13.2   
16/06/1982  0       3.3    23.9   13.4   
17/06/1982  0       3.1    24     12.2   
18/06/1982  0       4      23.6   11     
19/06/1982  0       3.8    26.5   13.4   
20/06/1982  5.3     0.6    22.2   11.2   
21/06/1982  8       3.3    21.6   11.3   
22/06/1982  10.5    4.3    22.3   11.4   
23/06/1982  0       2.6    23.4   11.2   
24/06/1982  0       3.8    26.7   11.6   
25/06/1982  2.5     1.1    22.4   10     
26/06/1982  0       5.1    22.5   11.2   
27/06/1982  3.2     4      22.6   11.5   
28/06/1982  0       3.7    26.8   12.3   
29/06/1982  18.2    5.2    19.5   11.4   
30/06/1982  0       4.2    20.8   12.2   
01/07/1982  0       3.1    19.4   11.4   
02/07/1982  0       1.9    19.6   12.6   
03/07/1982  27.7    3.4    22.4   12.4   
04/07/1982  20.3    2.7    22.8   10.6   
05/07/1982  0       2.4    20.3   10.8   
06/07/1982  7       1.3    20.5   12.5   
07/07/1982  0       3.4    21.2   11.6   
08/07/1982  0       3.3    22.1   11.9   
09/07/1982  0       4.8    22.4   11.9   
10/07/1982  0       3.2    22.2   11.8   
11/07/1982  0       3.3    22.8   11.6   
12/07/1982  12.2    6.1    23.6   10.7   
13/07/1982  10.4    4.2    24     11.8   
14/07/1982  6.5     3.2    24.4   12.4   
15/07/1982  6.4     3.2    23.5   11.6   
16/07/1982  4.4     1.7    23.9   11.4   
17/07/1982  20.3    6.2    19.6   11.6   
18/07/1982  10.9    3      18.7   11.6   
19/07/1982  4.8     1.7    21.3   11.4   
20/07/1982  0       2      22.3   11.4   
21/07/1982  0       3      21.9   16.8   
22/07/1982  0       2.9    22.9   10.9   
23/07/1982  0       3.5    21.2   10.8   
24/07/1982  0       2.7    24     11     
25/07/1982  0       2      22.4   11.4   
26/07/1982  27.6    7.1    23.8   11.2   
27/07/1982  0       5.4    21.9   10.5   
28/07/1982  0       4.4    21.5   11.2   
29/07/1982  0       3.7    22.4   12.4   
30/07/1982  0       2.5    22.8   11.8   
31/07/1982  7.5     2.2    22.4   11     
01/08/1982  20.5    5.9    22.6   11.5   
02/08/1982  0       4      20.2   11.4   
03/08/1982  0       3.2    20.4   11.2   
04/08/1982  4       3.8    22.2   11.2   
05/08/1982  12.9    5.3    21.6   11.6   
06/08/1982  0       6.3    20.9   10.9   
07/08/1982  0       1.4    20.1   11.9   
08/08/1982  15.6    4.1    21.1   12.1   
19/08/1982  7.1     5.7    20.6   11.1   
20/08/1982  3.4     3.1    21.4   11.9   
21/08/1982  1.2     3.2    20.8   11.9   
22/08/1982  0       2.8    21.9   11.8   
23/08/1982  0       2.7    22.4   10.8   
24/08/1982  0       2.9    21.5   10.5   
25/08/1982  2.9     4.6    23.4   11.4   
26/08/1982  0       3.4    23.5   12.4   
27/08/1982  0       2.8    22.8   12.6   
28/08/1982  3.3     4.9    22.8   13     
29/08/1982  5.6     4.9    22.2   10     
30/08/1982  0       4.7    21.2   10.5   
31/08/1982  14      6.5    22.8   9.7    
01/09/1982  0       4.2    22.7   11.5   
02/09/1982  0       4.5    22.5   11.6   
03/09/1982  3.6     3.3    22.5   11.8   
04/09/1982  20.6    8      23.6   10.6   
05/09/1982  3.7     3.4    21.7   11.8   
06/09/1982  0       2      21.7   9.5    
07/09/1982  16.7    8.4    21.8   11.5   
08/09/1982  16.6    8.5    21.6   11.5   
09/09/1982  4.6     1.9    21.7   11.7   
10/09/1982  5.1     2.8    19.4   11.5   
11/09/1982  18.4    2      18.8   12.9   
12/09/1982  23.3    4.8    21.2   11.5   
13/09/1982  10.2    4.8    21.5   11.2   
14/09/1982  3       3.5    21.8   11.5   
15/09/1982  35      7.7    21.9   12.3   
16/09/1982  1.5     5.1    21.5   12.2   
17/09/1982  0       1.1    21.5   11.2   
18/09/1982  9.5     6.5    21.9   12     
19/09/1982  0       3.4    21.9   12.2   
20/09/1982  0       3.4    22.1   12.5   
21/09/1982  8.7     3.6    22     12.9   
22/09/1982  0       2.7    19.5   9.6    
23/09/1982  11      2.3    20     11.2   
24/09/1982  0       2.5    20.8   11.5   
25/09/1982  1.2     1.5    22.1   11.5   
26/09/1982  3.7     2.5    19.8   12.9   
27/09/1982  0       1.4    20.2   12.8   
28/09/1982  0       1.4    22.1   12.6   
29/09/1982  0       4.7    20.5   12.5   
30/09/1982  0       2.8    21.2   12.2   
01/10/1982  0       0.9    22.5   12     
02/10/1982  4.5     1.4    22.7   12.5   
03/10/1982  4.6     1      22.7   12.7   
04/10/1982  13.6    0.8    22.4   12.5   
05/10/1982  0       1.7    22.6   9.3    
06/10/1982  3.4     0.8    23.5   10     
07/10/1982  14.9    2.8    20.1   12.6   
08/10/1982  5.5     2.1    20.6   11.9   
09/10/1982  1.5     1.4    19.5   12.4   
10/10/1982  9       2.2    20.5   11.9   
11/10/1982  0       2.3    21.5   10.9   
12/10/1982  0       1.6    18.9   11.9   
13/10/1982  0       4.4    21.5   12.2   
14/10/1982  6       1.2    21.6   11.9   
15/10/1982  0       3.2    18.9   11.8   
16/10/1982  0       1.5    20.5   12.1   
17/10/1982  0       2.5    20.2   11.2   
18/10/1982  0.2     2.4    20.2   12     
19/10/1982  0.3     1.5    21.9   11.9   
20/10/1982  1       1.3    21.8   9.1    
21/10/1982  0.8     2      20     8      
22/10/1982  0.6     2.7    20.5   9.9    
23/10/1982  0       2      21.3   9.8    
24/10/1982  0       2.6    21.2   10.2   
25/10/1982  0       1.7    17.4   10.2   
26/10/1982  0       2.4    17.5   7.5    
27/10/1982  0       2.5    20.4   10     
28/10/1982  0       3.1    20.4   10.4   
29/10/1982  0       0.9    20.9   10.9   
30/10/1982  0       1      21     10.5   
31/10/1982  0       2.3    21.6   10.6   
01/11/1982  0       2.3    20     10.5   
02/11/1982  0       2.3    22.2   10.5   
03/11/1982  0       2.6    21.9   10.5   
04/11/1982  0       2.4    20.2   10.2   
05/11/1982  0       2.3    19.4   8.8    
06/11/1982  0       3.6    19.6   8.4    
07/11/1982  0       1.3    20     9      
08/11/1982  0       1.6    20.9   9      
09/11/1982  0       2.5    21.1   9.8    
10/11/1982  0       4      21.5   10.1   
11/11/1982  0       3.4    20.9   10.1   
12/11/1982  0       3.2    22.9   10.6   
13/11/1982  0       3.5    22.2   10.1   
14/11/1982  0       3.5    23     10.5   
15/11/1982  0       3.2    21.8   10.5   
16/11/1982  0       2.6    21.4   10     
17/11/1982  0       2.1    21.1   9.5    
18/11/1982  0       1.5    20     10.6   
19/11/1982  0       3.1    21.4   10.7   
20/11/1982  0       1.6    20.9   9.4    
21/11/1982  0       1.7    22.6   10.2   
22/11/1982  0       3.4    22.8   10.5   
23/11/1982  0       1.6    22.6   10.9   
24/11/1982  0       2.7    20.9   10.2   
25/11/1982  0       1.1    19.1   10.3   
26/11/1982  0       0.6    19.9   9.2    
27/11/1982  0       0.7    19.6   9.5    
28/11/1982  0       1      20.6   9.2    
29/11/1982  0       1.3    20.9   9.9    
30/11/1982  0       1.7    21     10.4   
01/12/1982  0       1.2    20.4   8      
02/12/1982  0       1.7    20.5   7.2    
03/12/1982  0       2.8    18.6   7.3    
04/12/1982  0       2.7    19.4   7.1    
05/12/1982  0       2.1    19.6   7.5    
06/12/1982  0       3.3    20.5   7.6    
07/12/1982  0       2.3    20.1   7      
08/12/1982  0       2.8    20     9      
09/12/1982  0       2.9    20.5   10     
10/12/1982  0       2.4    20.6   10.2   
11/12/1982  0       3.9    20.4   10.3   
12/12/1982  0       2.1    21.5   10.4   
13/12/1982  1.5     2.6    21.9   9.1    
14/12/1982  0       2.4    18.6   9      
15/12/1982  0       2.2    20.9   8.4    
16/12/1982  0       2.3    18     9      
17/12/1982  0       3      19.6   9      
18/12/1982  0       2.5    20.2   8.1    
19/12/1982  0       3.3    20.3   8.1    
20/12/1982  0       3.2    21.5   8.2    
21/12/1982  0       2.7    21.2   8.5    
22/12/1982  0       2.3    20.5   8.8    
23/12/1982  0       0.8    20.6   8.3    
24/12/1982  0       2.1    20.6   8.4    
25/12/1982  0       2.7    20     8.2    
26/12/1982  0       3.4    20.9   8.4    
27/12/1982  0       4.6    20.6   7.9    
28/12/1982  0       1.9    20.3   8      
29/12/1982  0       1.8    21.1   8.1    
30/12/1982  0       2.1    21.4   8.6    
31/12/1982  0       1.1    21     8.9    
01/01/1983  0       1.1    20.1   9      
02/01/1983  0       3.1    19.6   9.1    
03/01/1983  0       2.4    19.7   9.4    
04/01/1983  0       0.7    19.8   9.5    
05/01/1983  0       1.9    20.2   8.6    
06/01/1983  0       3.5    21.9   9.9    
07/01/1983  0       0.9    21.9   9.9    
08/01/1983  0       3.6    21.8   9.8    
09/01/1983  0       4.6    21.7   9.7    
10/01/1983  0       3.4    21.9   9.8    
11/01/1983  0       2.5    21.1   9.6    
12/01/1983  0       1.1    21.2   9.6    
13/01/1983  0       3.8    21.8   9.5    
14/01/1983  0       2.2    21.5   9.6    
15/01/1983  0       2.8    20.9   9.7    
16/01/1983  0       2.9    18.7   9.4    
17/01/1983  2.3     2.7    20.1   6.9    
18/01/1983  16.9    5      18.9   8      
19/01/1983  0       2      19.5   6.4    
20/01/1983  0       1.4    14.3   6.3    
21/01/1983  0       2.6    17.5   4.5    
22/01/1983  0       2.8    18.5   4.1    
23/01/1983  0       3.6    19.4   4      
24/01/1983  0       3      19.3   5      
25/01/1983  0       2.6    19.3   5.8    
26/01/1983  0       5.1    20.4   5.7    
27/01/1983  0       2.6    21.9   6      
28/01/1983  0       4.3    22.3   6.4    
29/01/1983  0       1.9    22.1   6.6    
30/01/1983  0       5      23.3   7      
31/01/1983  0       2.6    20     7.8    
01/02/1983  0       3.7    20.9   5.1    
02/02/1983  0       3.7    19.2   4.2    
03/02/1983  0       3.4    23.1   7.2    
04/02/1983  0       2.8    21.9   7.2    
05/02/1983  0       3.9    21.9   8.4    
06/02/1983  0       4      21.6   7.1    
07/02/1983  0       4.7    21.9   6.8    
08/02/1983  0       1.7    21.9   8.1    
09/02/1983  0       3.9    20.2   8.4    
10/02/1983  0       4.7    20.5   6.9    
11/02/1983  13.1    2.2    20.1   6.8    
12/02/1983  1.8     1.3    14.1   5.8    
13/02/1983  0       4.4    18.4   5.9    
14/02/1983  0       3      18.9   5.4    
15/02/1983  0       5.1    19.6   6.6    
16/02/1983  0       6.1    20.2   5.8    
17/02/1983  0       3.2    20.4   6.4    
18/02/1983  0       0.8    20.5   6.6    
19/02/1983  0.4     2.2    20.2   6.7    
20/02/1983  0       4      20.4   5.9    
21/02/1983  0       3.7    20.9   5.8    
22/02/1983  0       1.6    17.5   5.1    
23/02/1983  0       4.1    21.4   7.5    
24/02/1983  23      6.9    19.9   6.2    
25/02/1983  8.9     1      11.1   6.8    
26/02/1983  0       3.9    16.1   3.3    
27/02/1983  0       4.4    19.7   4.5    
28/02/1983  0       3.7    21     6.4    
01/03/1983  0       5.4    20.1   8.5    
02/03/1983  0       5.2    20.2   8.7    
03/03/1983  0       6.4    22.9   8.6    
04/03/1983  0       4.7    21.8   9.8    
05/03/1983  0       5.3    22.6   5.9    
06/03/1983  0       5.1    22.9   8.3    
07/03/1983  0       5.1    22.8   8.1    
08/03/1983  0       5.1    22.9   8.1    
09/03/1983  0       3.8    24.6   7.1    
10/03/1983  0       4.7    23.9   9.8    
11/03/1983  0       5.3    23.6   9.5    
12/03/1983  3.4     2      19.1   10.1   
13/03/1983  9.6     0.6    18.1   6.8    
14/03/1983  0       4      18.5   4.4    
15/03/1983  0       3.7    19.1   5.5    
16/03/1983  0       5.2    18.9   4.4    
17/03/1983  0       6.7    21.8   6.2    
18/03/1983  0       4.8    24.1   8.3    
19/03/1983  0       3.9    24.2   7.2    
20/03/1983  0       8.6    24.5   10.2   
21/03/1983  0       4.4    24.6   10.1   
22/03/1983  0       6.1    23.9   8.8    
23/03/1983  0       5.7    24.9   8.9    
24/03/1983  0       5.5    24.9   8.4    
25/03/1983  0       5.8    24.8   10.1   
26/03/1983  0       5.8    24.8   10.2   
27/03/1983  0       5.9    24.6   10.2   
28/03/1983  0       5.7    24.5   10.3   
29/03/1983  0       4.2    24.6   10.4   
30/03/1983  0       3.9    24.9   9.9    
31/03/1983  0       4.9    19.6   10.2   
01/04/1983  0       5.7    25.8   10.1   
02/04/1983  0       8.3    25.2   10.8   
03/04/1983  0       6.1    23.4   11.2   
04/04/1983  0       6.3    24.4   9.1    
05/04/1983  0       4.2    24.8   8.2    
06/04/1983  0       5.6    23.9   9.9    
07/04/1983  0       6.1    24     10.3   
08/04/1983  0       6      24.6   10.4   
09/04/1983  0       6.1    24.6   11.2   
10/04/1983  0       4.3    25.5   8.1    
11/04/1983  0       6.6    25.6   10.6   
12/04/1983  0       5.6    24.6   10.8   
13/04/1983  0       4.9    24.8   9.9    
14/04/1983  0       6.4    24.9   10.2   
15/04/1983  0       5.4    25.2   10.8   
16/04/1983  0       6.2    24.8   11.1   
17/04/1983  0       5.3    24.5   10.6   
18/04/1983  0       6.1    26.9   9.8    
19/04/1983  0       7.4    27.9   11.9   
20/04/1983  0       6.7    27.8   11.4   
21/04/1983  0       7.2    28.3   12.2   
22/04/1983  0       6.3    29.9   12.8   
23/04/1983  0       6.9    29.8   13.4   
24/04/1983  0       6.9    29.8   12.6   
25/04/1983  0       5.6    27.2   8.3    
26/04/1983  0       5.3    27.8   10.8   
27/04/1983  0       8.5    27.5   10.6   
28/04/1983  0       6.1    28.1   11.2   
29/04/1983  0       2.7    27.4   11.8   
30/04/1983  0       2.6    25.1   10     
01/05/1983  0       6.9    27.9   14.6   
02/05/1983  0       9.1    28.2   14.5   
03/05/1983  0       7.6    28.8   12.8   
04/05/1983  0       5.1    27.2   13.4   
05/05/1983  0       5.7    27     12.7   
06/05/1983  0       5      27.8   12.2   
07/05/1983  0       4.7    27.6   12.8   
08/05/1983  0       5.4    28.6   12.6   
09/05/1983  0       5.8    24.6   12.8   
10/05/1983  0       5.4    28.9   10.8   
11/05/1983  0       6.4    28.7   12.6   
12/05/1983  0       6.5    28.9   13.6   
13/05/1983  0       6.5    28     12.9   
14/05/1983  0       4.5    28.2   12.6   
15/05/1983  0       5.3    27.8   12.4   
16/05/1983  0       5.1    27.9   12.4   
17/05/1983  0       5.9    28.8   12.8   
18/05/1983  0       5.9    29.3   13.4   
19/05/1983  0       9.6    28     13.8   
20/05/1983  0       7.9    26.4   18.4   
21/05/1983  0       6.1    26     10.8   
22/05/1983  0       5.1    26.5   10.6   
23/05/1983  0       4.2    27.2   10.8   
24/05/1983  0       6      24.3   11.4   
25/05/1983  16.3    2.7    21.9   9.4    
26/05/1983  25.5    6.3    21.8   10.8   
27/05/1983  0       3.9    21.2   10.9   
28/05/1983  0       4.7    23.9   10.5   
29/05/1983  0       3.5    25.5   11.2   
30/05/1983  0       7.6    25.2   10.6   
31/05/1983  0       4.8    27.9   9.8    
01/08/1983  0       6.7    26.8   11.9   
02/08/1983  0       6.7    25.6   11.6   
03/08/1983  0       5.8    23.4   11.8   
04/08/1983  0       6.1    26.2   11.6   
05/08/1983  0       3.6    26.2   11.8   
06/08/1983  0       5.5    26.8   14.6   
07/08/1983  13.1    3.3    26.8   14.3   
08/08/1983  3.2     3.7    24.3   13.2   
09/08/1983  0       1      23.9   12.6   
10/08/1983  0       4.6    26.2   12.6   
11/08/1983  0       5.2    28.2   12.4   
12/08/1983  0       3.6    25     14.8   
13/08/1983  19      6.9    26.8   13.8   
14/08/1983  3.2     4.2    24.4   12.8   
15/08/1983  0       1.9    24.3   11.3   
16/08/1983  0.5     2.2    21.3   12.6   
17/08/1983  51.2    Nulo   23.6   11.4   
18/08/1983  0       4.8    22.9   11.3   
19/08/1983  0       2.6    24.3   11.2   
20/08/1983  2.2     5.9    24.3   13.6   
21/08/1983  0       4      24.2   13.7   
22/08/1983  25      4.6    24.3   11.2   
23/08/1983  11.6    2.6    21.6   11.1   
24/08/1983  2.2     5.7    21.2   11.1   
25/08/1983  0       0.4    21.5   11.4   
26/08/1983  10.5    1.9    21.8   13.5   
27/08/1983  2.2     2.1    21.2   13.4   
28/08/1983  7.6     6.5    21.3   13.3   
29/08/1983  0       0.7    23.1   13.4   
30/08/1983  0       5.5    24     13.5   
31/08/1983  0       6.1    26.9   14.3   
01/09/1983  0       1.5    22.6   10.6   
02/09/1983  5       2.8    22.2   10.2   
03/09/1983  0       1.4    22.2   10.3   
04/09/1983  19.4    8.4    22.6   10.2   
05/09/1983  20.8    1.1    23.2   10.2   
06/09/1983  14.6    3.5    23.9   10.6   
07/09/1983  5.6     1.8    19.9   10.1   
08/09/1983  10.3    0.9    19.6   12.2   
09/09/1983  9.9     2.6    20.1   11.5   
10/09/1983  7.9     4      21.6   11.6   
11/09/1983  14.3    3.9    20.9   11.8   
12/09/1983  8.6     3.8    21.1   11.1   
13/09/1983  7.1     3.8    20.2   12.1   
14/09/1983  5.9     3.6    21.4   12.1   
15/09/1983  11.8    1.8    21.5   12.1   
16/09/1983  9.3     7.4    21.2   12.2   
17/09/1983  0       2.6    21.8   11.9   
18/09/1983  9.4     1.6    21.8   11.8   
19/09/1983  12.9    0.7    22.5   11.2   
20/09/1983  0       2.4    22.6   10.9   
21/09/1983  4.1     1.1    22.8   10.8   
22/09/1983  0       2.2    21.9   11.2   
23/09/1983  12.4    6.3    21.3   10.8   
24/09/1983  4.9     3.1    21.7   11.2   
25/09/1983  0       3.5    22.1   11.9   
26/09/1983  0       4.2    22.8   12.1   
27/09/1983  94.8    Nulo   22.8   11.8   
28/09/1983  1.7     0.6    21.8   10.9   
29/09/1983  0       3.9    21.6   11.8   
30/09/1983  0       3.2    22.5   10.8   
01/10/1983  2.9     1.3    19.9   10.4   
02/10/1983  0       1.8    20.3   12.9   
03/10/1983  0       2      22.5   11.4   
04/10/1983  0       3.4    22.4   12.5   
05/10/1983  1.2     2.1    22.6   12.6   
06/10/1983  0       3.8    22.1   11.5   
07/10/1983  0       3.3    22.4   12.5   
08/10/1983  0       3      22.8   12.6   
09/10/1983  0       3.4    22.3   11.9   
10/10/1983  5.2     1.2    22.8   10.4   
11/10/1983  0       2.5    22.6   9.8    
12/10/1983  0       2      22.4   10.2   
13/10/1983  0       3      22.1   11.2   
14/10/1983  0       2.4    19.8   10.9   
15/10/1983  8.2     0.6    20.2   11.3   
16/10/1983  5.9     3.7    21.4   11.1   
17/10/1983  0       1      21.8   10.8   
18/10/1983  12.4    3.3    21.9   11.2   
19/10/1983  5.2     5.8    22.2   11.3   
20/10/1983  0       2.2    21.4   11.4   
21/10/1983  0       0.9    22.3   10.8   
22/10/1983  5.3     3.2    21.2   10.9   
23/10/1983  53.3    4.5    21.5   10.3   
24/10/1983  0       3.3    19.3   9.4    
25/10/1983  0       3.7    19.2   9.4    
26/10/1983  0       5.8    21.5   9.3    
27/10/1983  0       4.1    21.3   8.8    
28/10/1983  0       1.7    18.9   8.6    
29/10/1983  0       3.6    19.2   9.8    
30/10/1983  0       1.5    19.6   10.2   
31/10/1983  0       2      21.2   10.4   
01/11/1983  0       3.3    22.2   10.4   
02/11/1983  0       4.1    22.2   10.1   
03/11/1983  0       1.2    22.8   9.9    
04/11/1983  0       1.7    22.8   10.1   
05/11/1983  0       2.9    22.6   11.6   
06/11/1983  0       2.3    20.3   10.4   
07/11/1983  3.7     0.6    19.8   9.9    
08/11/1983  18.6    1.5    17.8   10.7   
09/11/1983  12.9    1.8    18.1   9.2    
10/11/1983  0       2.2    19.9   8.9    
11/11/1983  0       2.2    20.4   10.1   
12/11/1983  0       1.3    20.2   9.9    
13/11/1983  0       3.2    22.1   10     
14/11/1983  0       0.9    22.6   10.5   
15/11/1983  0       2.4    21.8   10.8   
16/11/1983  0       1.8    21.9   9.4    
17/11/1983  0       4      20.8   9.4    
18/11/1983  0       1.1    20     10.1   
19/11/1983  0       2.5    18.1   9.8    
20/11/1983  0       1.3    19.1   8.3    
21/11/1983  0       3.1    19.6   10.1   
22/11/1983  0       2.2    21.4   10.2   
23/11/1983  0       1.7    19.5   10.8   
24/11/1983  0       2.1    21.6   9.1    
25/11/1983  0       0.7    12.8   10.5   
26/11/1983  4.9     2.6    19.4   9.2    
27/11/1983  0       0.9    20.9   9.2    
28/11/1983  0       1.5    21.1   9      
29/11/1983  0       2.3    21.2   9.2    
30/11/1983  0       1.9    19.6   9.4    
01/12/1983  0       1.7    22.2   9.8    
02/12/1983  0       2.1    21.4   10.4   
03/12/1983  0       1.7    21.6   11.3   
04/12/1983  0       0.5    21.4   10.4   
05/12/1983  0       2.2    21.3   10.5   
06/12/1983  0       2      21.9   9.9    
07/12/1983  0       1.8    21.9   10.2   
08/12/1983  0       1.4    21.6   11.2   
09/12/1983  0       1.9    21.8   11.3   
10/12/1983  0       1.8    21.9   11.2   
11/12/1983  0       1.6    22.2   11.6   
12/12/1983  0       2.1    21.9   9.4    
13/12/1983  0       2.4    22.3   9.2    
14/12/1983  0       3.6    20.8   9.3    
15/12/1983  0       2.4    20.3   9.5    
16/12/1983  0       2.4    20.3   8.5    
17/12/1983  0       2.2    20.5   8.2    
18/12/1983  0       2      19.2   8.9    
19/12/1983  0       2.5    20.6   8.6    
20/12/1983  0       1.9    20.5   8.4    
21/12/1983  0       2.2    20.4   8.4    
22/12/1983  0       2.8    20.8   5.8    
23/12/1983  0       2.5    21.9   6.2    
24/12/1983  0       2.8    19.8   11.4   
25/12/1983  0       3      22.4   7.2    
26/12/1983  0       1.7    18.7   8.9    
27/12/1983  0       2.4    18.9   9.4    
28/12/1983  0       2.2    19.9   9.3    
29/12/1983  0       2.1    20.5   7.9    
30/12/1983  0       2.3    21.2   8.2    
31/12/1983  0       3.6    21.8   8.3    
01/01/1984  0       1.1    21.6   8.6    
02/01/1984  0       2.9    20.6   8.8    
03/01/1984  0       1.8    17.8   7.3    
04/01/1984  0       1.8    16.9   9.5    
05/01/1984  0       1.7    20.5   9.9    
06/01/1984  0       2.7    21.5   9.5    
07/01/1984  0       2      21.4   10.2   
08/01/1984  5.5     0.8    18.4   10.4   
09/01/1984  0       2.7    20.5   9.9    
10/01/1984  0       2.4    19.2   8.6    
11/01/1984  6.2     2.9    16.8   7.2    
12/01/1984  0       0.6    15.5   6.2    
13/01/1984  0       0.2    17.2   6.5    
14/01/1984  0       1.1    18.9   8.6    
15/01/1984  0       2.8    18.9   8.6    
16/01/1984  0       2.1    19.9   8.9    
17/01/1984  0       1.7    20.2   8.2    
18/01/1984  0       2.5    20.5   8.9    
19/01/1984  0       2.6    20.3   7.8    
20/01/1984  0       2.2    21.1   7.6    
21/01/1984  0       2.1    20.8   8.2    
22/01/1984  0       3      20.8   7.6    
23/01/1984  0       3.4    22.4   7.8    
24/01/1984  0       3.1    22.5   8.9    
25/01/1984  0       2.5    20.6   8.7    
26/01/1984  0       2      21.2   7.2    
27/01/1984  0       2.7    21.8   8.2    
28/01/1984  0       3.1    21.4   8.5    
29/01/1984  0       3.1    21.8   8.3    
30/01/1984  0       2.6    21.6   8.8    
31/01/1984  0       2.7    21.4   8.6    
01/02/1984  0       3.9    19.2   5.1    
02/02/1984  0       3.4    20.9   6.2    
03/02/1984  0       4.5    23.1   7.2    
04/02/1984  0       3.7    21.9   7.2    
05/02/1984  0       4.3    21.9   8.4    
06/02/1984  0       3.8    21.6   7.1    
07/02/1984  0       4.3    21.9   6.8    
08/02/1984  0       3.8    23     8.1    
09/02/1984  0       3.8    20.2   8.1    
10/02/1984  2       4.2    18.5   6.8    
11/02/1984  0       3      18.2   7      
12/02/1984  0       2.2    20.8   8.4    
13/02/1984  0       3      22.5   8.1    
14/02/1984  0       3.9    23.9   9.2    
15/02/1984  0       3.4    22.4   9.2    
16/02/1984  0       3      22.5   10.2   
17/02/1984  0       3.6    22.6   10.3   
18/02/1984  0       3.2    22.4   10.4   
19/02/1984  0       3.6    22.4   10.6   
20/02/1984  0       4.2    23.9   10.8   
21/02/1984  0       3.8    21.5   9.5    
22/02/1984  0       4.4    21.5   8.1    
23/02/1984  0       3.1    22.6   8.4    
24/02/1984  0       4.7    22.8   9.2    
25/02/1984  0       3.8    22.8   9.3    
26/02/1984  0       4.2    22.4   9.4    
27/02/1984  0       4.2    24.4   8.6    
28/02/1984  0       3.6    23.8   8.6    
29/02/1984  0       2.9    21     8.5    
01/03/1984  0       2.5    27.8   11.6   
02/03/1984  0       3.2    26.6   11.7   
03/03/1984  0       5.1    27.5   11.8   
04/03/1984  0       4.4    28.5   12     
05/03/1984  0       3.9    27.9   12.8   
06/03/1984  0       4.6    26.9   13     
07/03/1984  0       5.4    27.8   14     
08/03/1984  0       4.1    28.6   14.3   
09/03/1984  0       4.3    28     14.3   
10/03/1984  0       5.2    28.4   13.9   
11/03/1984  0       4.5    29.3   13.8   
12/03/1984  0       4.8    29.4   14.3   
13/03/1984  0       4.6    28.6   15.6   
14/03/1984  0       5.5    28.9   14.8   
15/03/1984  0       4.6    28.8   14     
16/03/1984  0       5.5    28     14     
17/03/1984  13.2    4.7    26.5   13.9   
18/03/1984  11.6    4.9    26.4   11.4   
19/03/1984  0       4.2    27     11.5   
20/03/1984  0       4.5    27.6   11.8   
21/03/1984  0       4.4    27.6   11.9   
22/03/1984  13.4    4.3    25.4   11     
23/03/1984  0       3.7    23.6   11.8   
24/03/1984  3.2     1.4    24.3   12.6   
25/03/1984  0       7      26.3   14     
26/03/1984  0       4.4    27     14.5   
27/03/1984  0       1.8    28.4   13.6   
28/03/1984  0       4.3    27     12.8   
29/03/1984  0       3.8    28     13.8   
30/03/1984  13.9    4.7    26.3   11.6   
31/03/1984  0       3.3    27.8   11     
01/04/1984  0       1.9    24.4   11.6   
02/04/1984  0       2.8    25.5   11.7   
03/04/1984  0       4.2    25.4   12.2   
04/04/1984  0       2.3    25     12     
05/04/1984  0       2.9    25.6   12.2   
06/04/1984  0       3.9    25.8   11.8   
07/04/1984  0       3.9    26.2   11.6   
08/04/1984  0       4.3    26.4   11     
09/04/1984  0       3.4    26.8   11.5   
10/04/1984  0       4.5    26.7   11.7   
11/04/1984  0       3.9    26.9   11     
12/04/1984  0       3.9    27.2   11.1   
13/04/1984  0       2.9    27.3   11.9   
14/04/1984  0       4.2    27.5   11     
15/04/1984  0       3.3    27     12.3   
16/04/1984  0       5.6    27     12.4   
17/04/1984  0       4.2    27.7   12     
18/04/1984  0       3.9    27.8   12.1   
19/04/1984  0       4.8    27.6   12.3   
20/04/1984  0       4.3    27     12.6   
21/04/1984  0       4.6    27.6   12.4   
22/04/1984  0       4.1    27.1   12.3   
23/04/1984  0       4.2    27     12     
24/04/1984  0       4.7    26.9   12.6   
25/04/1984  0       4.8    26.8   12.4   
26/04/1984  0       5.2    27     12     
27/04/1984  0       4.8    27.8   12.5   
28/04/1984  0       5.4    28     12.4   
29/04/1984  0       4.6    27.4   12     
30/04/1984  0       4.3    26     12     
01/05/1984  0       1.9    22.1   8.9    
02/05/1984  0       3.5    22.4   8.4    
03/05/1984  0       3.7    22.7   8.6    
04/05/1984  0       3.7    22.6   8.5    
05/05/1984  0       3.4    22.5   8.7    
06/05/1984  0       3.6    22.4   8.4    
07/05/1984  0       4.1    22.8   8.6    
08/05/1984  0       4      23.4   8.3    
09/05/1984  0       3      22.2   8.5    
10/05/1984  0       3.9    22.3   8.4    
11/05/1984  0       3.1    23.2   8.6    
12/05/1984  0       2.6    23.4   8.9    
13/05/1984  0       4.4    23.5   8.8    
14/05/1984  0       3.1    23.6   8.6    
15/05/1984  0       2.9    24.2   8.2    
16/05/1984  0       Nulo   23.6   8.8    
17/05/1984  0       3.7    23.7   8.6    
18/05/1984  0       3.5    24.7   8.5    
19/05/1984  0       3.5    24.8   8.9    
20/05/1984  0       3.1    24.6   9.9    
21/05/1984  0       2.9    24.8   10.3   
22/05/1984  0       3.1    25.4   10.4   
23/05/1984  0       3.7    25.6   11.2   
24/05/1984  0       3.1    25.5   11.4   
25/05/1984  0       4.2    25.6   11.3   
26/05/1984  0       3.3    26.2   11.4   
27/05/1984  0       4.1    26.3   11.8   
28/05/1984  0       3.7    26.4   11.3   
29/05/1984  0       3      26.5   11.4   
30/05/1984  0       2.9    26.6   11.6   
31/05/1984  0       4      23.9   11.8   
01/12/1984  0       2.2    21.5   8.6    
02/12/1984  0       1.8    21.8   8.8    
03/12/1984  0       0.8    22.5   7.7    
04/12/1984  0       3.8    20.5   9.4    
05/12/1984  0       1.7    20.6   9.9    
06/12/1984  0       0.7    20.8   9.8    
07/12/1984  0       1.3    20.6   10.2   
08/12/1984  0       2.4    20.5   10.4   
09/12/1984  0       1      20.6   9.8    
10/12/1984  0       2.1    21.5   8.6    
11/12/1984  0       3      21.8   4.2    
12/12/1984  0       2.1    21.7   9.2    
13/12/1984  0       4.1    21     9.8    
14/12/1984  0       1.9    21.8   9.7    
15/12/1984  0       1.2    21     8.5    
16/12/1984  0       1.2    20.8   8.4    
17/12/1984  0       1.1    20.5   8.2    
18/12/1984  0       1.6    20.5   8.4    
19/12/1984  0       2.4    20.2   7.8    
20/12/1984  0       2.7    19.8   8      
21/12/1984  0       2      19.8   7.5    
22/12/1984  0       1.3    19.5   7      
23/12/1984  0       2.6    20.5   8.5    
24/12/1984  0       3.9    20.8   8.8    
25/12/1984  0       3.1    20.8   9      
26/12/1984  0       3.2    21.2   9.4    
27/12/1984  0       2.4    21.5   9.6    
28/12/1984  0       2.4    21.6   9.5    
29/12/1984  0       3.3    21.5   10.4   
30/12/1984  0       0.5    21.4   10.3   
31/12/1984  0       1.8    21.4   9.8    
01/11/1985  0       Nulo   22     8      
02/11/1985  0       Nulo   22.1   7.2    
03/11/1985  0       Nulo   22.2   7.1    
04/11/1985  0       Nulo   22.3   7.2    
05/11/1985  0       Nulo   22.4   7.3    
06/11/1985  0       Nulo   22.5   7.4    
07/11/1985  0       Nulo   22.6   6.5    
08/11/1985  0       Nulo   22.2   6.1    
09/11/1985  0       Nulo   22.7   7.2    
10/11/1985  0       Nulo   22.8   7.3    
11/11/1985  0       Nulo   22.7   7.4    
12/11/1985  0       Nulo   22.1   8      
13/11/1985  0       Nulo   22.9   8      
14/11/1985  0       Nulo   22.7   8.2    
15/11/1985  0       Nulo   23     8.3    
16/11/1985  0       Nulo   22.9   8      
17/11/1985  0       Nulo   22.8   7.5    
18/11/1985  0       Nulo   22.7   7      
19/11/1985  0       Nulo   22.6   7.2    
20/11/1985  0       Nulo   22.5   7.3    
21/11/1985  0       Nulo   22.4   6.4    
22/11/1985  0       Nulo   22.3   6.5    
23/11/1985  0       Nulo   22.2   6      
24/11/1985  0       Nulo   22.1   6      
25/11/1985  0       Nulo   22     6      
26/11/1985  0       Nulo   22.7   6.3    
27/11/1985  0       Nulo   22.1   6      
28/11/1985  0       Nulo   22.2   6      
29/11/1985  0       Nulo   22.4   6      
30/11/1985  0       Nulo   22.5   6      
01/12/1985  0       Nulo   17.7   8.3    
02/12/1985  0       Nulo   17.8   8.1    
03/12/1985  0       Nulo   17.6   7      
04/12/1985  0       Nulo   17.2   8.5    
05/12/1985  0       Nulo   17.7   7.5    
06/12/1985  0       Nulo   17.5   8.5    
07/12/1985  0       Nulo   17.3   8.5    
08/12/1985  0       Nulo   17.8   7.4    
09/12/1985  0       Nulo   17.7   7.6    
10/12/1985  0       Nulo   17     7.3    
11/12/1985  0       Nulo   17.4   8      
12/12/1985  0       Nulo   17.7   8.1    
13/12/1985  0       Nulo   17.5   7.5    
14/12/1985  0       Nulo   17.3   7.3    
15/12/1985  0       Nulo   17.9   7.5    
16/12/1985  0       Nulo   17.7   7.6    
17/12/1985  0       Nulo   17.9   7.4    
18/12/1985  0       Nulo   17.1   8      
19/12/1985  0       Nulo   17.7   6.2    
20/12/1985  0       Nulo   18     8.5    
21/12/1985  0       Nulo   17     7.8    
22/12/1985  0       Nulo   17.5   7.9    
23/12/1985  0       Nulo   17.3   8      
24/12/1985  0       Nulo   17.6   6.5    
25/12/1985  0       Nulo   17.7   7.1    
26/12/1985  0       Nulo   17.4   8.2    
27/12/1985  0       Nulo   17.1   7.5    
28/12/1985  0       Nulo   17.7   8.3    
29/12/1985  0       Nulo   17.4   8.1    
30/12/1985  0       Nulo   17.8   8      
31/12/1985  0       Nulo   20.5   8      
01/01/1986  0       Nulo   19.1   8      
02/01/1986  0       Nulo   19.2   9      
03/01/1986  0       Nulo   19.3   7      
04/01/1986  0       Nulo   19.4   8      
05/01/1986  0       Nulo   19.5   8      
06/01/1986  0       Nulo   19.6   7      
07/01/1986  0       Nulo   18.5   6      
08/01/1986  0       Nulo   19.7   7      
09/01/1986  0       Nulo   19.8   7      
10/01/1986  0       Nulo   19.5   6      
11/01/1986  0       Nulo   19.3   7      
12/01/1986  0       Nulo   19.2   6      
13/01/1986  0       Nulo   19.3   7      
14/01/1986  0       Nulo   19.5   6      
15/01/1986  0       Nulo   19.6   7      
16/01/1986  0       Nulo   19.8   6      
17/01/1986  0       Nulo   19.7   6      
18/01/1986  0       Nulo   19.3   5      
19/01/1986  0       Nulo   19.2   7.3    
20/01/1986  0       Nulo   19.8   7      
21/01/1986  0       Nulo   19.3   7.3    
22/01/1986  0       Nulo   18     6.3    
23/01/1986  0       Nulo   18.1   7.3    
24/01/1986  0       Nulo   18.3   7      
25/01/1986  0       Nulo   18.3   6.9    
26/01/1986  0       Nulo   18.4   7      
27/01/1986  0       Nulo   18.5   6.3    
28/01/1986  0       Nulo   18.2   7      
29/01/1986  0       Nulo   17.6   6.5    
30/01/1986  0       Nulo   17     6.1    
31/01/1986  0       Nulo   18     7      
01/02/1986  0       Nulo   Nulo   Nulo   
02/02/1986  0       Nulo   Nulo   Nulo   
03/02/1986  0       Nulo   Nulo   Nulo   
04/02/1986  0       Nulo   Nulo   Nulo   
05/02/1986  0       Nulo   Nulo   Nulo   
06/02/1986  0       Nulo   Nulo   Nulo   
07/02/1986  0       Nulo   Nulo   Nulo   
08/02/1986  0       Nulo   Nulo   Nulo   
09/02/1986  0       Nulo   Nulo   Nulo   
10/02/1986  0       Nulo   Nulo   Nulo   
11/02/1986  0       Nulo   Nulo   Nulo   
12/02/1986  0       Nulo   Nulo   Nulo   
13/02/1986  0       Nulo   Nulo   Nulo   
14/02/1986  0       Nulo   Nulo   Nulo   
15/02/1986  0       Nulo   Nulo   Nulo   
16/02/1986  0       Nulo   Nulo   Nulo   
17/02/1986  0       Nulo   Nulo   Nulo   
18/02/1986  0       Nulo   Nulo   Nulo   
19/02/1986  0       Nulo   Nulo   Nulo   
20/02/1986  0       Nulo   Nulo   Nulo   
21/02/1986  0       Nulo   Nulo   Nulo   
22/02/1986  0       Nulo   Nulo   Nulo   
23/02/1986  0       Nulo   Nulo   Nulo   
24/02/1986  0       Nulo   Nulo   Nulo   
25/02/1986  0       Nulo   Nulo   Nulo   
26/02/1986  0       Nulo   Nulo   Nulo   
27/02/1986  0       Nulo   Nulo   Nulo   
28/02/1986  0       Nulo   Nulo   Nulo   
01/03/1986  0       Nulo   Nulo   Nulo   
02/03/1986  0       Nulo   Nulo   Nulo   
03/03/1986  0       Nulo   Nulo   Nulo   
04/03/1986  0       Nulo   Nulo   Nulo   
05/03/1986  0       Nulo   Nulo   Nulo   
06/03/1986  0       Nulo   Nulo   Nulo   
07/03/1986  0       Nulo   Nulo   Nulo   
08/03/1986  0       Nulo   Nulo   Nulo   
09/03/1986  0       Nulo   Nulo   Nulo   
10/03/1986  0       Nulo   Nulo   Nulo   
11/03/1986  0       Nulo   Nulo   Nulo   
12/03/1986  0       Nulo   Nulo   Nulo   
13/03/1986  0       Nulo   Nulo   Nulo   
14/03/1986  0       Nulo   Nulo   Nulo   
15/03/1986  0       Nulo   Nulo   Nulo   
16/03/1986  0       Nulo   Nulo   Nulo   
17/03/1986  0       Nulo   Nulo   Nulo   
18/03/1986  0       Nulo   Nulo   Nulo   
19/03/1986  0       Nulo   Nulo   Nulo   
20/03/1986  0       Nulo   Nulo   Nulo   
21/03/1986  0       Nulo   Nulo   Nulo   
22/03/1986  0       Nulo   Nulo   Nulo   
23/03/1986  3       Nulo   Nulo   Nulo   
24/03/1986  0       Nulo   Nulo   Nulo   
25/03/1986  0       Nulo   Nulo   Nulo   
26/03/1986  0       Nulo   Nulo   Nulo   
27/03/1986  0       Nulo   Nulo   Nulo   
28/03/1986  0       Nulo   Nulo   Nulo   
29/03/1986  0       Nulo   Nulo   Nulo   
30/03/1986  0       Nulo   Nulo   Nulo   
31/03/1986  0       Nulo   Nulo   Nulo   
01/04/1986  0       Nulo   Nulo   Nulo   
02/04/1986  0       Nulo   Nulo   Nulo   
03/04/1986  0       Nulo   Nulo   Nulo   
04/04/1986  0       Nulo   Nulo   Nulo   
05/04/1986  0       Nulo   Nulo   Nulo   
06/04/1986  0       Nulo   Nulo   Nulo   
07/04/1986  0       Nulo   Nulo   Nulo   
08/04/1986  0       Nulo   Nulo   Nulo   
09/04/1986  0       Nulo   Nulo   Nulo   
10/04/1986  0       Nulo   Nulo   Nulo   
11/04/1986  0       Nulo   Nulo   Nulo   
12/04/1986  0       Nulo   Nulo   Nulo   
13/04/1986  0       Nulo   Nulo   Nulo   
14/04/1986  0       Nulo   Nulo   Nulo   
15/04/1986  0       Nulo   Nulo   Nulo   
16/04/1986  0       Nulo   Nulo   Nulo   
17/04/1986  0       Nulo   Nulo   Nulo   
18/04/1986  0       Nulo   Nulo   Nulo   
19/04/1986  0       Nulo   Nulo   Nulo   
20/04/1986  0       Nulo   Nulo   Nulo   
21/04/1986  2.6     Nulo   Nulo   Nulo   
22/04/1986  1.5     Nulo   Nulo   Nulo   
23/04/1986  0       Nulo   Nulo   Nulo   
24/04/1986  0       Nulo   Nulo   Nulo   
25/04/1986  0       Nulo   Nulo   Nulo   
26/04/1986  3.6     Nulo   Nulo   Nulo   
27/04/1986  4.8     Nulo   Nulo   Nulo   
28/04/1986  40      Nulo   Nulo   Nulo   
29/04/1986  20.1    Nulo   Nulo   Nulo   
30/04/1986  8.5     Nulo   Nulo   Nulo   
01/05/1986  0       Nulo   Nulo   Nulo   
02/05/1986  0       Nulo   Nulo   Nulo   
03/05/1986  0       Nulo   Nulo   Nulo   
04/05/1986  0       Nulo   Nulo   Nulo   
05/05/1986  0       Nulo   Nulo   Nulo   
06/05/1986  0       Nulo   Nulo   Nulo   
07/05/1986  0       Nulo   Nulo   Nulo   
08/05/1986  0       Nulo   Nulo   Nulo   
09/05/1986  0       Nulo   Nulo   Nulo   
10/05/1986  0       Nulo   Nulo   Nulo   
11/05/1986  0       Nulo   Nulo   Nulo   
12/05/1986  0       Nulo   Nulo   Nulo   
13/05/1986  0       Nulo   Nulo   Nulo   
14/05/1986  0       Nulo   Nulo   Nulo   
15/05/1986  0.2     Nulo   Nulo   Nulo   
16/05/1986  0       Nulo   Nulo   Nulo   
17/05/1986  3.5     Nulo   Nulo   Nulo   
18/05/1986  1.7     Nulo   Nulo   Nulo   
19/05/1986  1.5     Nulo   Nulo   Nulo   
20/05/1986  0.4     Nulo   Nulo   Nulo   
21/05/1986  0       Nulo   Nulo   Nulo   
22/05/1986  0       Nulo   Nulo   Nulo   
23/05/1986  0       Nulo   Nulo   Nulo   
24/05/1986  0       Nulo   Nulo   Nulo   
25/05/1986  3.6     Nulo   Nulo   Nulo   
26/05/1986  2.7     Nulo   Nulo   Nulo   
27/05/1986  0       Nulo   Nulo   Nulo   
28/05/1986  0       Nulo   Nulo   Nulo   
29/05/1986  0       Nulo   Nulo   Nulo   
30/05/1986  0       Nulo   Nulo   Nulo   
31/05/1986  0       Nulo   Nulo   Nulo   
01/06/1986  12      Nulo   Nulo   Nulo   
02/06/1986  7       Nulo   Nulo   Nulo   
03/06/1986  35      Nulo   Nulo   Nulo   
04/06/1986  32.2    Nulo   Nulo   Nulo   
05/06/1986  13      Nulo   Nulo   Nulo   
06/06/1986  0       Nulo   Nulo   Nulo   
07/06/1986  5.8     Nulo   Nulo   Nulo   
08/06/1986  4.2     Nulo   Nulo   Nulo   
09/06/1986  6.7     Nulo   Nulo   Nulo   
10/06/1986  3.8     Nulo   Nulo   Nulo   
11/06/1986  2.3     Nulo   Nulo   Nulo   
12/06/1986  2.8     Nulo   Nulo   Nulo   
13/06/1986  1.9     Nulo   Nulo   Nulo   
14/06/1986  0       Nulo   Nulo   Nulo   
15/06/1986  0       Nulo   Nulo   Nulo   
16/06/1986  0       Nulo   Nulo   Nulo   
17/06/1986  0       Nulo   Nulo   Nulo   
18/06/1986  0       Nulo   Nulo   Nulo   
19/06/1986  1.9     Nulo   Nulo   Nulo   
20/06/1986  2.1     Nulo   Nulo   Nulo   
21/06/1986  1.8     Nulo   Nulo   Nulo   
22/06/1986  0       Nulo   Nulo   Nulo   
23/06/1986  0       Nulo   Nulo   Nulo   
24/06/1986  1.7     Nulo   Nulo   Nulo   
25/06/1986  14.8    Nulo   Nulo   Nulo   
26/06/1986  12      Nulo   Nulo   Nulo   
27/06/1986  0       Nulo   Nulo   Nulo   
28/06/1986  0       Nulo   Nulo   Nulo   
29/06/1986  0       Nulo   Nulo   Nulo   
30/06/1986  0       Nulo   Nulo   Nulo   
01/07/1986  0       Nulo   Nulo   Nulo   
02/07/1986  0       Nulo   Nulo   Nulo   
03/07/1986  0       Nulo   Nulo   Nulo   
04/07/1986  0       Nulo   Nulo   Nulo   
05/07/1986  0       Nulo   Nulo   Nulo   
06/07/1986  0       Nulo   Nulo   Nulo   
07/07/1986  0       Nulo   Nulo   Nulo   
08/07/1986  0       Nulo   Nulo   Nulo   
09/07/1986  1       Nulo   Nulo   Nulo   
10/07/1986  2.1     Nulo   Nulo   Nulo   
11/07/1986  24.5    Nulo   Nulo   Nulo   
12/07/1986  21.2    Nulo   Nulo   Nulo   
13/07/1986  0       Nulo   Nulo   Nulo   
14/07/1986  0       Nulo   Nulo   Nulo   
15/07/1986  0       Nulo   Nulo   Nulo   
16/07/1986  0       Nulo   Nulo   Nulo   
17/07/1986  0       Nulo   Nulo   Nulo   
18/07/1986  0       Nulo   Nulo   Nulo   
19/07/1986  0       Nulo   Nulo   Nulo   
20/07/1986  0       Nulo   Nulo   Nulo   
21/07/1986  0       Nulo   Nulo   Nulo   
22/07/1986  0       Nulo   Nulo   Nulo   
23/07/1986  0       Nulo   Nulo   Nulo   
24/07/1986  0       Nulo   Nulo   Nulo   
25/07/1986  0       Nulo   Nulo   Nulo   
26/07/1986  0       Nulo   Nulo   Nulo   
27/07/1986  0       Nulo   Nulo   Nulo   
28/07/1986  20      Nulo   Nulo   Nulo   
29/07/1986  0       Nulo   Nulo   Nulo   
30/07/1986  0       Nulo   Nulo   Nulo   
31/07/1986  0       Nulo   Nulo   Nulo   
01/08/1986  0       Nulo   Nulo   Nulo   
02/08/1986  0       Nulo   Nulo   Nulo   
03/08/1986  0       Nulo   Nulo   Nulo   
04/08/1986  0       Nulo   Nulo   Nulo   
05/08/1986  0       Nulo   Nulo   Nulo   
06/08/1986  0       Nulo   Nulo   Nulo   
07/08/1986  0       Nulo   Nulo   Nulo   
08/08/1986  0       Nulo   Nulo   Nulo   
09/08/1986  0       Nulo   Nulo   Nulo   
10/08/1986  0       Nulo   Nulo   Nulo   
11/08/1986  0       Nulo   Nulo   Nulo   
12/08/1986  0       Nulo   Nulo   Nulo   
13/08/1986  0       Nulo   Nulo   Nulo   
14/08/1986  0       Nulo   Nulo   Nulo   
15/08/1986  0       Nulo   Nulo   Nulo   
16/08/1986  0       Nulo   Nulo   Nulo   
17/08/1986  2.8     Nulo   Nulo   Nulo   
18/08/1986  1.4     Nulo   Nulo   Nulo   
19/08/1986  0       Nulo   Nulo   Nulo   
20/08/1986  0       Nulo   Nulo   Nulo   
21/08/1986  0       Nulo   Nulo   Nulo   
22/08/1986  0       Nulo   Nulo   Nulo   
23/08/1986  52      Nulo   Nulo   Nulo   
24/08/1986  0       Nulo   Nulo   Nulo   
25/08/1986  0       Nulo   Nulo   Nulo   
26/08/1986  0       Nulo   Nulo   Nulo   
27/08/1986  1.4     Nulo   Nulo   Nulo   
28/08/1986  0       Nulo   Nulo   Nulo   
29/08/1986  0       Nulo   Nulo   Nulo   
30/08/1986  0       Nulo   Nulo   Nulo   
31/08/1986  0       Nulo   Nulo   Nulo   
01/09/1986  0       Nulo   Nulo   Nulo   
02/09/1986  0       Nulo   Nulo   Nulo   
03/09/1986  0       Nulo   Nulo   Nulo   
04/09/1986  1.2     Nulo   Nulo   Nulo   
05/09/1986  0       Nulo   Nulo   Nulo   
06/09/1986  0       Nulo   Nulo   Nulo   
07/09/1986  0       Nulo   Nulo   Nulo   
08/09/1986  0       Nulo   Nulo   Nulo   
09/09/1986  2.2     Nulo   Nulo   Nulo   
10/09/1986  0       Nulo   Nulo   Nulo   
11/09/1986  0       Nulo   Nulo   Nulo   
12/09/1986  0       Nulo   Nulo   Nulo   
13/09/1986  0       Nulo   Nulo   Nulo   
14/09/1986  0       Nulo   Nulo   Nulo   
15/09/1986  0       Nulo   Nulo   Nulo   
16/09/1986  0       Nulo   Nulo   Nulo   
17/09/1986  0       Nulo   Nulo   Nulo   
18/09/1986  0       Nulo   Nulo   Nulo   
19/09/1986  10.4    Nulo   Nulo   Nulo   
20/09/1986  19      Nulo   Nulo   Nulo   
21/09/1986  0       Nulo   Nulo   Nulo   
22/09/1986  0       Nulo   Nulo   Nulo   
23/09/1986  0       Nulo   Nulo   Nulo   
24/09/1986  2.7     Nulo   Nulo   Nulo   
25/09/1986  0       Nulo   Nulo   Nulo   
26/09/1986  0       Nulo   Nulo   Nulo   
27/09/1986  0       Nulo   Nulo   Nulo   
28/09/1986  0       Nulo   Nulo   Nulo   
29/09/1986  0       Nulo   Nulo   Nulo   
30/09/1986  42      Nulo   Nulo   Nulo   
--------------------------------------
