CNA-SMN-CG-GMC-SMAA-CLIMATOLOGIA
BASE DE DATOS CLIMATOLOGICA
DATOS DISPONIBLES EN LA BASE DE DATOS A DICIEMBRE 2022

ESTACION  : 15307
NOMBRE    : SAN BARTOLOME D-5
ESTADO    : MEXICO
MUNICIPIO : Villa Guerrero
SITUACION : SUSPENDIDA
ORGANISMO : CONAGUA-DGE
CVE-OMM   : Nulo
LATITUD   : 019.004°
LONGITUD  : -99.674°
ALTITUD   : 2412 msnm

EMISIÓN   : 29/12/2022

            PRECIP  EVAP   TMAX   TMIN   
  Fecha     (MM)    (MM)   (°C)   (°C)   
01/05/1983  0       8.2    25     7      
02/05/1983  0       11     25     6      
03/05/1983  0       8.7    23     9      
04/05/1983  0       9.4    32     8      
05/05/1983  0       8.4    24     10     
06/05/1983  0       7.9    25     11     
07/05/1983  0       9      25     12     
08/05/1983  0       10.1   22     12     
09/05/1983  0       7.8    20     10     
10/05/1983  0       8.1    23     12     
11/05/1983  0       11     24     10     
12/05/1983  0       7.2    26     12     
13/05/1983  0       7.9    25     11     
14/05/1983  0       8.4    26     9      
15/05/1983  0       9.9    25     11     
16/05/1983  0       9.7    23     11     
17/05/1983  0       7.6    19.5   9      
18/05/1983  0       4.9    19     7      
19/05/1983  0       9.4    19     10     
20/05/1983  0       10.1   22     8      
21/05/1983  0       8.2    20     10     
22/05/1983  0       6.6    19     11     
23/05/1983  0       7.3    17     10     
24/05/1983  0       4      16     11     
25/05/1983  12.5    1.5    20     10     
26/05/1983  12      0.7    19     7      
27/05/1983  0       1.8    15     7      
28/05/1983  0       8.9    15     7      
29/05/1983  0       9.1    16     7      
30/05/1983  0       8.2    26     7      
31/05/1983  0       9      27     7      
01/06/1983  0       4.9    29     7      
02/06/1983  0       6.2    20     9      
03/06/1983  0       4.2    25     10     
04/06/1983  0       11.9   28     10     
05/06/1983  5       5.2    23     10     
06/06/1983  0       4.6    26     11     
07/06/1983  1       3.3    28     9      
08/06/1983  0       3.8    27     10     
09/06/1983  0       7.3    27     11     
10/06/1983  0       12.1   28     9      
11/06/1983  0       11.9   32     9      
12/06/1983  0       2.6    33     10     
13/06/1983  0       5.2    28     9      
14/06/1983  0       7.1    20     7      
15/06/1983  1       4      18     9      
16/06/1983  6.5     3.3    23     7      
17/06/1983  25.5    5.7    24     8      
18/06/1983  0       5.2    24     9      
19/06/1983  0       5      27     7      
20/06/1983  0       5.4    26     10     
21/06/1983  7       4.7    25     9      
22/06/1983  0       1      20     8      
23/06/1983  10.5    1.5    23     10     
24/06/1983  6       2.5    22     9      
25/06/1983  17      5.4    18     8      
26/06/1983  5       1.8    24     8      
27/06/1983  0       3.1    25     9.5    
28/06/1983  0       4.3    26     8      
29/06/1983  0       1      30     10     
30/06/1983  0       4.8    26     9      
01/07/1983  22.5    4.6    30     10.5   
02/07/1983  0       4.2    29     8      
03/07/1983  0       5      25     8.5    
04/07/1983  55.5    5.2    22     8.5    
05/07/1983  9       4.5    27.5   8.5    
06/07/1983  51.5    5.1    24     9      
07/07/1983  10      3.6    19.5   7.5    
08/07/1983  2       4.2    25     7.5    
09/07/1983  0       3.5    23     7.5    
10/07/1983  0       4.9    25     8      
11/07/1983  17.5    4.3    22     9.5    
12/07/1983  4       5.8    24     8.5    
13/07/1983  15.5    4      25.5   8      
14/07/1983  11      4.1    23.5   9.2    
15/07/1983  5       4.7    21.5   8.5    
16/07/1983  4.5     5.7    28     7.5    
17/07/1983  20.5    4.2    26     8      
18/07/1983  11      3.7    21     8      
19/07/1983  9       4.2    28.5   9.5    
20/07/1983  8       4.7    27     8.2    
21/07/1983  20.5    4      25     6.3    
22/07/1983  17.5    4.7    28     5.5    
23/07/1983  0       9.1    23     8      
24/07/1983  0       3.9    28     7.5    
25/07/1983  0       7.9    29     7      
26/07/1983  0       7.2    23     7      
27/07/1983  43.5    5.7    25     8.5    
28/07/1983  8.5     4.8    29     9.5    
29/07/1983  9       5.5    24     9      
30/07/1983  20.5    5      28     8      
31/07/1983  1.5     4.5    26     7      
01/08/1983  5       4.3    29     7.5    
02/08/1983  11.5    4.6    24     9      
03/08/1983  2       2.8    27     7.5    
04/08/1983  7       4.9    28     8.5    
05/08/1983  21.5    5.9    27     8      
06/08/1983  0       4.2    28     8.5    
07/08/1983  0       6.8    22.5   8.3    
08/08/1983  0       5.1    23     8.2    
09/08/1983  0       6.9    25     7.5    
10/08/1983  7       5.2    23     8      
11/08/1983  38.5    5.8    22     8.5    
12/08/1983  4       5.2    28     7.5    
13/08/1983  10      3.7    23     7      
14/08/1983  2.5     5.6    28     7.5    
15/08/1983  0       4      23     7.5    
16/08/1983  0       5.5    28     8      
17/08/1983  0       3.7    27     7.5    
18/08/1983  0       5.1    29     8.5    
19/08/1983  0       4.7    28     8.5    
20/08/1983  7       5.4    23     9.5    
21/08/1983  10      4.2    27     7.5    
22/08/1983  0       2.7    23     8.5    
23/08/1983  0       4.3    28     7.5    
24/08/1983  0       3      29     7.5    
25/08/1983  0       4.2    27     8.5    
26/08/1983  0       2.7    27     6.5    
27/08/1983  0       6.2    30     6.5    
28/08/1983  10      6      28     7.5    
29/08/1983  21      5.8    29     7.5    
30/08/1983  8.5     5.7    28     8      
31/08/1983  0       4      28     7.5    
01/09/1983  0       3.2    29     7.5    
02/09/1983  2       3.1    24     8.2    
03/09/1983  27.5    3.2    24     8.5    
04/09/1983  0       1.2    26     8.2    
05/09/1983  34      3      28     9.5    
06/09/1983  8.5     3.7    24     8      
07/09/1983  6       2.5    23     8.5    
08/09/1983  14      1.9    27     8.2    
09/09/1983  12      2.9    25     8.5    
10/09/1983  0       2.2    28     8.5    
11/09/1983  10      2.6    25     7.5    
12/09/1983  10.5    2.9    24     7.5    
13/09/1983  2.5     2.3    25     8.5    
14/09/1983  3       4.4    24     8      
15/09/1983  7.5     3.4    23     8.5    
16/09/1983  6       3.1    25     7.5    
17/09/1983  5       2.7    23     8.5    
18/09/1983  15      Nulo   24     8.5    
19/09/1983  7.5     2.7    25     8.5    
20/09/1983  2.5     2      25     7.5    
21/09/1983  0       3.7    23     7.5    
22/09/1983  4       2.5    23     6.5    
23/09/1983  2.5     3.4    22     6.5    
24/09/1983  0       3.1    28     6.5    
25/09/1983  0       3.7    24     6.5    
26/09/1983  13.5    1.8    23     9.5    
27/09/1983  12      2.5    22.5   6.5    
28/09/1983  4.5     1.2    21     6.5    
29/09/1983  0       3.1    24     6.5    
30/09/1983  0       4      27     6.5    
01/10/1983  0       2.5    28     6.5    
02/10/1983  0       3.1    25     7.5    
03/10/1983  0       Nulo   25     7.5    
04/10/1983  0       4.1    24     6.5    
05/10/1983  0       4      26     7.5    
06/10/1983  0       5      30     6.5    
07/10/1983  0       4.8    25     6.5    
08/10/1983  0       4.4    25     7.5    
09/10/1983  0       5.9    26     6.5    
10/10/1983  2.5     3.7    23     6.2    
11/10/1983  0       2      25     6      
12/10/1983  5.5     4.6    28     6.5    
13/10/1983  0       2.1    24     6.5    
14/10/1983  0       4.8    23     6.5    
15/10/1983  0       4.1    29     6.5    
16/10/1983  0       3.1    28     8.5    
17/10/1983  3.5     2.4    30     7.5    
18/10/1983  0       0.1    24     7.5    
19/10/1983  0       3.1    25     6.5    
20/10/1983  0       3.9    29     6.5    
21/10/1983  0       3.1    29     7.5    
22/10/1983  0       2      28     5.5    
23/10/1983  0       3.9    29     6.5    
24/10/1983  0       4.2    30     6.5    
25/10/1983  7       2.7    28     6.5    
26/10/1983  0       2.3    26.5   5.5    
27/10/1983  0       3.9    26.5   2.5    
28/10/1983  0       3.1    28     4.5    
29/10/1983  0       2.2    31     4.5    
30/10/1983  0       5      30     6.5    
31/10/1983  0       5.1    29     7.5    
01/11/1983  16      5.7    29     7.5    
02/11/1983  0       2.9    28.5   6.5    
03/11/1983  0       3.3    26.5   4.5    
04/11/1983  0       4      29     4.5    
05/11/1983  16      5.8    30     6.5    
06/11/1983  4       1      27     6.5    
07/11/1983  6.5     3.4    29     7.5    
08/11/1983  8       4      25     7.5    
09/11/1983  7       0.9    22     6.5    
10/11/1983  0       1.2    27     4.5    
11/11/1983  0       4.3    22     5      
12/11/1983  0       2.7    28     5.5    
13/11/1983  0       3      29     5.5    
14/11/1983  0       4.1    30     6.5    
15/11/1983  0       4.8    29.5   6.5    
16/11/1983  0       4.1    27.5   4.5    
17/11/1983  1       3.1    29     4.5    
18/11/1983  3       3      28     5.5    
19/11/1983  0       4      26     5      
20/11/1983  0       4.1    29     4.5    
21/11/1983  0       3      30     7.5    
22/11/1983  0       4      29     6.5    
23/11/1983  0       4.1    28     5.5    
24/11/1983  0       3.2    29     4.5    
25/11/1983  0       2      28     5.2    
26/11/1983  0       6      28     6.5    
27/11/1983  0       3.2    25     5.5    
28/11/1983  0       0.9    29     5.5    
29/11/1983  0       4.2    29     6.5    
30/11/1983  0       4      30     4.5    
01/01/1984  0       5.3    27     5.4    
02/01/1984  0       2.9    28     2      
03/01/1984  0       2.1    26     4.3    
04/01/1984  0       3      24.5   4.2    
05/01/1984  0       3      29     4.3    
06/01/1984  0       3.7    28     5      
07/01/1984  0       2.3    29     5.3    
08/01/1984  0       2.8    27     5.3    
09/01/1984  0       6.1    29     4.3    
10/01/1984  0       4.3    27     3.2    
11/01/1984  30      0.6    20     4.2    
12/01/1984  0       4      20     4.2    
13/01/1984  0       2.1    25     2      
14/01/1984  0       3      25.5   2      
15/01/1984  0       2.7    26     5.5    
16/01/1984  0       4.1    28     4.3    
17/01/1984  0       2.1    29     5      
18/01/1984  0       4.7    30     4.3    
19/01/1984  0       3.4    28     5.3    
20/01/1984  0       2.9    29     3      
21/01/1984  0       4.1    27     3.7    
22/01/1984  0       2.1    28     5      
23/01/1984  0       5.9    29     3      
24/01/1984  0       6      27     4.3    
25/01/1984  0       4      26     6.3    
26/01/1984  0       3.9    27     4.3    
27/01/1984  0       4.8    28     2      
28/01/1984  0       3      29     4.2    
29/01/1984  0       1.9    29     5.2    
30/01/1984  0       6.1    28     5.3    
31/01/1984  0       2.3    27     5.3    
01/02/1984  0       3.1    28     4      
02/02/1984  0       4.1    29     5.7    
03/02/1984  0       4.8    28     5.7    
04/02/1984  0       4.1    29     6.2    
05/02/1984  0       4.2    27     6.2    
06/02/1984  0       1      25     4      
07/02/1984  0       3.9    26     4.7    
08/02/1984  0       4.1    24     4      
09/02/1984  3       1.1    25     3.1    
10/02/1984  0       2      27     3      
11/02/1984  0       6.8    28     3      
12/02/1984  0       5.1    29     4      
13/02/1984  0       5.1    30     4      
14/02/1984  0       4.1    29     4      
15/02/1984  0       4      30     5      
16/02/1984  0       7      29     6      
17/02/1984  0       7      30     4      
18/02/1984  0       6      32     6.2    
19/02/1984  0       6.1    30     5      
20/02/1984  0       6      30     5      
21/02/1984  0       4.2    29     6      
22/02/1984  0       9      31     4      
23/02/1984  0       11.9   32     5      
24/02/1984  0       8.1    31     4      
25/02/1984  0       8      30     4      
26/02/1984  0       3.2    31     4      
27/02/1984  0       8      30     4      
28/02/1984  0       9      26     3      
29/02/1984  0       9.1    29     2      
01/03/1984  0       4.9    30     4.2    
02/03/1984  0       5      29     4      
03/03/1984  0       5.1    30     5.1    
04/03/1984  0       5.1    28     5.2    
05/03/1984  0       7      30     5.3    
06/03/1984  0       5.1    28     5.2    
07/03/1984  0       8.1    27     5.2    
08/03/1984  0       8      27     5      
09/03/1984  0       7.1    30     5.2    
10/03/1984  0       7.1    27     5      
11/03/1984  0       8.1    32     5.7    
12/03/1984  0       8.1    31     5.5    
13/03/1984  0       7.1    32     5.2    
14/03/1984  0       6.1    31     5.2    
15/03/1984  18.5    5.3    30     5.3    
16/03/1984  0       5.2    32     5.2    
17/03/1984  0       4.7    31     6      
18/03/1984  0       5.1    32     6.2    
19/03/1984  0       7.1    32     7.3    
20/03/1984  6       6.1    30     6.2    
21/03/1984  9.5     5.7    27     6.2    
22/03/1984  0       6.1    29     4.2    
23/03/1984  0       7.9    31     5.7    
24/03/1984  0       7.8    32     5.2    
25/03/1984  0       5.9    30     6.2    
26/03/1984  0       5.2    34     5.3    
27/03/1984  0       6.1    32     6.2    
28/03/1984  0       7.4    31     8      
29/03/1984  0       4.4    28     7      
30/03/1984  0       8.1    34     5      
31/03/1984  0       8.2    32     6.2    
01/04/1984  0       8.1    34     7.2    
02/04/1984  0       7.1    33     6.2    
03/04/1984  0       6      34     5.2    
04/04/1984  0       9.1    35     6.2    
05/04/1984  0       9.1    34     6.3    
06/04/1984  0       8.1    35     8.5    
07/04/1984  0       9      33     7.5    
08/04/1984  0       8.2    35     7      
09/04/1984  0       8.2    34     7.3    
10/04/1984  0       6.1    34     8.2    
11/04/1984  0       7      35     7.5    
12/04/1984  0       9.1    29     7.5    
13/04/1984  0       8.1    33     7.2    
14/04/1984  0       9.2    34     7.2    
15/04/1984  0       8.1    32     6.2    
16/04/1984  0       8.1    30     4      
17/04/1984  0       10.2   32     5      
18/04/1984  0       9.1    30     6      
19/04/1984  2.5     6.5    34     9      
20/04/1984  0       11.1   33     7.2    
21/04/1984  0       8.7    34     8.2    
22/04/1984  0       11.2   33     7      
23/04/1984  0       7.1    36     8      
24/04/1984  0       11.1   35     7.2    
25/04/1984  0       10.1   30     8.5    
26/04/1984  0       11.1   32     10     
27/04/1984  0       12.2   33     11.5   
28/04/1984  0       9.1    35     10.5   
29/04/1984  0       10.9   32     8.5    
30/04/1984  0       7.1    36     9      
01/05/1984  0       8.2    32     8.3    
02/05/1984  0       9.1    33     8.5    
03/05/1984  0       8.1    33     9.2    
04/05/1984  0       7      35     10.3   
05/05/1984  0       4.5    35     8.2    
06/05/1984  11      4.3    32     6.3    
07/05/1984  0       5      34     6.2    
08/05/1984  22      3.7    32     7.2    
09/05/1984  0       5.2    30     5.2    
10/05/1984  20      5.3    29     5.2    
11/05/1984  11      3.8    28     4      
12/05/1984  0       3.1    25     4.5    
13/05/1984  0       4.9    27     4.7    
14/05/1984  3       6.1    29     6.2    
15/05/1984  0       5.2    28     4.5    
16/05/1984  2       4.4    27     6.2    
17/05/1984  0       6.3    30     6      
18/05/1984  4       3.8    31     7      
19/05/1984  5       5.1    29     6.5    
20/05/1984  3.5     4.2    28     6.5    
21/05/1984  0       4.2    29     6.3    
22/05/1984  0       5.9    27     6      
23/05/1984  0       6.5    29     9      
24/05/1984  0       4.6    29     7.5    
25/05/1984  0       7.3    30     6      
26/05/1984  30      5.7    28     7      
27/05/1984  4       5.3    25     6.5    
28/05/1984  0       6.1    28     6      
29/05/1984  0       3.6    27     9.5    
30/05/1984  0       5      29     7.5    
31/05/1984  0       3.1    28     6      
01/06/1984  0       5.2    31     6.2    
02/06/1984  0       4.9    30     7.2    
03/06/1984  17      1.6    29     8.3    
04/06/1984  24      6.9    28     7.2    
05/06/1984  0       2      26     6.2    
06/06/1984  2       1.8    25     7.1    
07/06/1984  5       2.2    29     8.2    
08/06/1984  15      5.8    28     7.5    
09/06/1984  0       3.1    26     6.2    
10/06/1984  65      2.7    27     7.2    
11/06/1984  7.5     2.3    28     6.2    
12/06/1984  28      3.5    25     7.2    
13/06/1984  40      3      29     8.3    
14/06/1984  4.5     2.7    28     7.2    
15/06/1984  0       4.9    26     6.7    
16/06/1984  7       2      27     8.2    
17/06/1984  0       4.1    28     7.1    
18/06/1984  10      5.1    27     8.2    
19/06/1984  24      2.4    26     7.7    
20/06/1984  17      2.6    27     8.2    
21/06/1984  4       6.7    29     6.7    
22/06/1984  5.5     4.8    27     7.2    
23/06/1984  0       4.8    28     6.7    
24/06/1984  9       3.7    29     7.2    
25/06/1984  0       4.3    29     6.5    
26/06/1984  0       4      27     8.2    
27/06/1984  0       3.8    29     6.7    
28/06/1984  6       4.3    28     7.2    
29/06/1984  0       5      29     6.7    
30/06/1984  6       4      27     7.3    
01/07/1984  6       2.8    25     7.3    
02/07/1984  12      4.3    27     6.2    
03/07/1984  7       4.9    28     7.2    
04/07/1984  0       2.1    27     6.7    
05/07/1984  14      3.9    28     6.2    
06/07/1984  4.5     3.5    27     7.7    
07/07/1984  21.5    1.4    25     6.2    
08/07/1984  22      3.6    28     8.1    
09/07/1984  15      2.6    27     9.1    
10/07/1984  37      3      26     8.7    
11/07/1984  70      2.9    25     6.2    
12/07/1984  32      2.4    24     7.2    
13/07/1984  17      2.1    27     7.2    
14/07/1984  5.5     2.7    27     6.7    
15/07/1984  6       2.9    26     6.2    
16/07/1984  0       3      28     6.7    
17/07/1984  0       4      27     7.3    
18/07/1984  6       4.1    26     5.7    
19/07/1984  0       4      25     6.2    
20/07/1984  5.5     1.3    18     7.3    
21/07/1984  0       4      27     6.1    
22/07/1984  4.5     3.5    28     6.2    
23/07/1984  27      3.6    27     7.2    
24/07/1984  0       5.1    26     6.2    
25/07/1984  32.5    4      29     7.1    
26/07/1984  11      2.9    28     6.7    
27/07/1984  7.5     2.5    27     7.2    
28/07/1984  0       3      29     6.1    
29/07/1984  0       2      28     7.2    
30/07/1984  0       4      27     6.2    
31/07/1984  2       5      28     7.1    
01/08/1984  0       3      29     6.3    
02/08/1984  0       2      28     8.3    
03/08/1984  14.5    3.3    29     7.2    
04/08/1984  0       2      27     6.3    
05/08/1984  11.5    3.4    28     8.3    
06/08/1984  0       3.2    26     7.3    
07/08/1984  19.5    4.2    29     7.2    
08/08/1984  2.5     1.5    27     6.2    
09/08/1984  62      Nulo   26     5.2    
10/08/1984  7       2.9    27     6.2    
11/08/1984  0       8.1    28     7.2    
12/08/1984  0       2.1    29     5.2    
13/08/1984  2.5     5.5    28     7.2    
14/08/1984  7.5     3.4    27     7.2    
15/08/1984  15      0.9    25     7.1    
16/08/1984  0       4      28     6.2    
17/08/1984  0       4      29     7.2    
18/08/1984  23      1.7    25     6.2    
19/08/1984  0       2.1    26     6.1    
20/08/1984  7.5     4.5    27     5.1    
21/08/1984  10.5    6.4    28     5.2    
22/08/1984  26      Nulo   27     7.2    
23/08/1984  0       2      29     7.2    
24/08/1984  11.5    4.4    28     7.2    
25/08/1984  10      1.9    25     7.1    
26/08/1984  0       4      29     5.1    
27/08/1984  14.5    2.5    27     7.2    
28/08/1984  4       3.9    26     7.3    
29/08/1984  0       7.1    29     7.2    
30/08/1984  4       2.9    27     6.2    
31/08/1984  16      3      26     6.1    
01/09/1984  0       5.1    29     6      
02/09/1984  3       2      27     6      
03/09/1984  9       0.9    28     6      
04/09/1984  46      2      27     7      
05/09/1984  40      7.7    25     7      
06/09/1984  18      4.3    23     6      
07/09/1984  9       1.9    24     7      
08/09/1984  6       3      26     7      
09/09/1984  0       3      27     6      
10/09/1984  0       3      26     7      
11/09/1984  16.5    1.2    27     6      
12/09/1984  2.5     3.6    28     7      
13/09/1984  44      3.1    22     6      
14/09/1984  10.5    2.4    23     7      
15/09/1984  2.5     1.5    22     6      
16/09/1984  0       4      28     6      
17/09/1984  0       7.1    29     6      
18/09/1984  17.5    1.4    26     8      
19/09/1984  12      2.8    25     7      
20/09/1984  42      3.7    26     6      
21/09/1984  8.5     2.4    25     7      
22/09/1984  14      2.9    26     7      
23/09/1984  0       2.1    28     6      
24/09/1984  2       4.1    30     7      
25/09/1984  0       3      29     7      
26/09/1984  0       8      28     8      
27/09/1984  0       6      29     7      
28/09/1984  0       3      28     6      
29/09/1984  7.5     2.5    29     4      
30/09/1984  0       3      25     5      
01/10/1984  2.5     5.7    29     5.1    
02/10/1984  0       2.1    27     4      
03/10/1984  0       4.1    32     6.2    
04/10/1984  8.5     1.4    28     5.7    
05/10/1984  1.5     2.5    29     6.2    
06/10/1984  2.5     2.1    28     7.3    
07/10/1984  0       2      30     7.3    
08/10/1984  0       3      29     5.7    
09/10/1984  0       3      30     6.2    
10/10/1984  0       3      29     6.2    
11/10/1984  0       4.1    28     4.1    
12/10/1984  0       5.1    29     4.1    
13/10/1984  0       5.1    30     3      
14/10/1984  0       5      29     5.2    
15/10/1984  0       3.1    30     4.1    
16/10/1984  0       6      31     5.7    
17/10/1984  0       5      32     7.3    
18/10/1984  0       4      31     6.2    
19/10/1984  3       6.9    30     7.2    
20/10/1984  16      7.7    31     8.3    
21/10/1984  35      5.1    30     4.1    
22/10/1984  0       2.5    29     7.3    
23/10/1984  3.5     5.1    28     7.2    
24/10/1984  1       4      29     6.2    
25/10/1984  0       4      30     5.2    
26/10/1984  0       5.5    29     7.2    
27/10/1984  1.5     2.4    30     5.4    
28/10/1984  7.5     5.5    29     6.2    
29/10/1984  8.5     4.1    28     6.9    
30/10/1984  0       2.4    29     5.7    
31/10/1984  4.5     3.1    28     4.7    
01/11/1984  0       5.2    29     6.3    
02/11/1984  0       2.9    30     5.2    
03/11/1984  0       2      27     4.1    
04/11/1984  0       6      29     6.2    
05/11/1984  0       6      28     7.3    
06/11/1984  0       4      29     5.7    
07/11/1984  0       4      30     3      
08/11/1984  0       6      29     5.2    
09/11/1984  0       4      31     4.1    
10/11/1984  0       6.1    30     5.2    
11/11/1984  0       4      28     3      
12/11/1984  0       6      27     9      
13/11/1984  0       4      28     2      
14/11/1984  0       3      27     3      
15/11/1984  0       4      28     2      
16/11/1984  0       3      29     4      
17/11/1984  0       6      28     2      
18/11/1984  0       4      29     3      
19/11/1984  0       4.1    27     2      
20/11/1984  0       6      28     3      
21/11/1984  0       4      20     2      
22/11/1984  0       3      26     3      
23/11/1984  0       3      25     2      
24/11/1984  0       2      28     3      
25/11/1984  0       3      30     4      
26/11/1984  0       4.1    29     3      
27/11/1984  0       3      27     4      
28/11/1984  0       4.1    28     5.2    
29/11/1984  0       4      27     4.5    
30/11/1984  0       2      29     3      
01/12/1984  0       4      28     4      
02/12/1984  0       3      29     4.1    
03/12/1984  0       3      30     5.2    
04/12/1984  0       3      29     4.7    
05/12/1984  0       2.1    28     4.7    
06/12/1984  0       4      27     4      
07/12/1984  0       4      28     2      
08/12/1984  0       3      29     2      
09/12/1984  0       4      30     4.1    
10/12/1984  0       4      29     3      
11/12/1984  0       4      30     3      
12/12/1984  0       5      28     2      
13/12/1984  0       5.1    27     4      
14/12/1984  0       4      29     3      
15/12/1984  0       3.1    30     5.7    
16/12/1984  0       3      31     4.7    
17/12/1984  0       4      30     3      
18/12/1984  0       4      29     4      
19/12/1984  0       3      27     3      
20/12/1984  0       4      28     2      
21/12/1984  0       5      29     3      
22/12/1984  0       5      28     4.7    
23/12/1984  0       4      30     7      
24/12/1984  0       6.1    27     4      
25/12/1984  0       4      28     7      
26/12/1984  0       4      29     3      
27/12/1984  0       3      28     3      
28/12/1984  0       3.1    27     4      
29/12/1984  0       5      28     4      
30/12/1984  0       4      29     4      
31/12/1984  0       3      28     5.2    
01/01/1985  0       5.1    28     4.2    
02/01/1985  0       4      30     5.1    
03/01/1985  0       6      29     4      
04/01/1985  0       5      28     5      
05/01/1985  0       5      27     3      
06/01/1985  0       4      29     5.7    
07/01/1985  0       3      26     2      
08/01/1985  0       4      28     4      
09/01/1985  0       4      29     3      
10/01/1985  0       4.1    28     2      
11/01/1985  0       5      30     7.2    
12/01/1985  0       3      29     2      
13/01/1985  0       4.1    27     5      
14/01/1985  0       4      29     3      
15/01/1985  0       3      28     4      
16/01/1985  0       4.1    29     3      
17/01/1985  1       5.1    26     3      
18/01/1985  0       3      28     2      
19/01/1985  0       5      29     3      
20/01/1985  0       2      28     4      
21/01/1985  0       3.1    27     3      
22/01/1985  0       6      28     2      
23/01/1985  0       3      27     3      
24/01/1985  0       6.1    27     2      
25/01/1985  0       4      29     5      
26/01/1985  0       6      30     3      
27/01/1985  0       6      31     4      
28/01/1985  0       6      30     2      
29/01/1985  0       5.1    29     4      
30/01/1985  0       4      30     5      
31/01/1985  0       4      28     4      
01/02/1985  0       4      27     3      
02/02/1985  0       4      28     2      
03/02/1985  0       3.1    30     5      
04/02/1985  0       5      28     4      
05/02/1985  0       4      29     5      
06/02/1985  0       4      30     3      
07/02/1985  0       5      28     4.7    
08/02/1985  0       5      30     3      
09/02/1985  0       5.1    29     2      
10/02/1985  0       1      27     3      
11/02/1985  0       3      31     4      
12/02/1985  0       1      28     2      
13/02/1985  8       9      30     4      
14/02/1985  18.5    7.2    29     3      
15/02/1985  0       4      26     2      
16/02/1985  0       4      28     2      
17/02/1985  0       4      26     3      
18/02/1985  0       3      25     5      
19/02/1985  0       4      31     4      
20/02/1985  0       4      29     5      
21/02/1985  0       3      29     4      
22/02/1985  0       4      30     3      
23/02/1985  0       7      29     4      
24/02/1985  0       5      31     4      
25/02/1985  0       5      30     5.1    
26/02/1985  0       4      29     4      
27/02/1985  0       5      30     4      
28/02/1985  0       4      28     4      
01/03/1985  0       3.4    31     5      
02/03/1985  0       4.7    29     6      
03/03/1985  0       2.4    31     4      
04/03/1985  0       5.2    32     5      
05/03/1985  0       8      31     5.5    
06/03/1985  0       5      30     4      
07/03/1985  0       6.1    28     2      
08/03/1985  0       3.6    30     3      
09/03/1985  10.5    5      29     4      
10/03/1985  0       6.6    28     2      
11/03/1985  0       4      31     4      
12/03/1985  0       6      30     5      
13/03/1985  0       4.8    29     4      
14/03/1985  0       6.2    28     3      
15/03/1985  0       6.1    29     4      
16/03/1985  0       5.8    32     6      
17/03/1985  0       5.1    33     7      
18/03/1985  0       6      28     6      
19/03/1985  0       7      31     5      
20/03/1985  0       7.9    30     4      
21/03/1985  0       7.2    30     4      
22/03/1985  0       8.8    32     4      
23/03/1985  0       9.3    33     5      
24/03/1985  0       9      32     6      
25/03/1985  0       6.4    30     5      
26/03/1985  0       5.7    31     4      
27/03/1985  0       5      32     5      
28/03/1985  0       5.1    32     7      
29/03/1985  0       7.3    30     6      
30/03/1985  0       9      33     7      
31/03/1985  0       7.1    33     5      
01/04/1985  0       6      32     5      
02/04/1985  0       3      30     4      
03/04/1985  0       4      28     5      
04/04/1985  0       5      33     6      
05/04/1985  0       7      30     5      
06/04/1985  0       6.8    33     4      
07/04/1985  0       6.2    34     5      
08/04/1985  0       6      32     6      
09/04/1985  3       7      29     6      
10/04/1985  0       3      27     5      
11/04/1985  11      1.9    28     4      
12/04/1985  10.5    2.4    27     5      
13/04/1985  12.5    5.4    28     5      
14/04/1985  0       5.1    27     4      
15/04/1985  0       4.9    29     5      
16/04/1985  0       5.4    31     4      
17/04/1985  5.5     7.6    32     5      
18/04/1985  6       3.9    28     4      
19/04/1985  0       5      27     4      
20/04/1985  0       6      32     6      
21/04/1985  0       8.1    31     6      
22/04/1985  0       5      33     7      
23/04/1985  0       6      30     8      
24/04/1985  0       5      33     7      
25/04/1985  0       9      34     6      
26/04/1985  0       7.7    30     5      
27/04/1985  0       8.3    32     7      
28/04/1985  0       7.3    33     6      
29/04/1985  0       6      32     8      
30/04/1985  3.5     8.2    34     8      
01/05/1985  0       6      30     7      
02/05/1985  10      5      30     6      
03/05/1985  2.5     3.6    26     4      
04/05/1985  6       2.9    24     6      
05/05/1985  8       2.9    26     5      
06/05/1985  0       5      30     4      
07/05/1985  0       6      31     6      
08/05/1985  0       6      30     7      
09/05/1985  0       5      29     6      
10/05/1985  0       7      30     7      
11/05/1985  0       5      34     9      
12/05/1985  0       6      35     8      
13/05/1985  0       6      34     9      
14/05/1985  0       6      30     7      
15/05/1985  0       4.7    35     5      
16/05/1985  0       6.3    33     7      
17/05/1985  23      6.9    32     7      
18/05/1985  21      2.9    29     4      
19/05/1985  29      1.9    27     5      
20/05/1985  5.5     2.4    28     6      
21/05/1985  2.5     3.5    30     6      
22/05/1985  0       8      28     7      
23/05/1985  0       5      31     6      
24/05/1985  0       5      30     8      
25/05/1985  0       6.6    31     8      
26/05/1985  0       5.4    30     7      
27/05/1985  0       6      29     6      
28/05/1985  0       7      32     7      
29/05/1985  0       5.1    30     8      
30/05/1985  0       6      33     7      
31/05/1985  0       4.4    32     6      
01/06/1985  0       5      30     8      
02/06/1985  0       6      29     7      
03/06/1985  12      8      27     8      
04/06/1985  20      5.9    28     6      
05/06/1985  6       4      29     8      
06/06/1985  0       8.1    30     8      
07/06/1985  0       6      28     7      
08/06/1985  0       5      30     8      
09/06/1985  3.5     3.5    28     6      
10/06/1985  3       4      29     7      
11/06/1985  15      3.9    30     7      
12/06/1985  2.5     2.5    29     8      
13/06/1985  16      2.9    26     7      
14/06/1985  8       2.9    25     7      
15/06/1985  0       2      27     7      
16/06/1985  17.5    3.3    26     6      
17/06/1985  33      4.9    25     7      
18/06/1985  23      3.9    27     7      
19/06/1985  17      4.8    28     6      
20/06/1985  25.5    5      25     7      
21/06/1985  47      4.4    27     6      
22/06/1985  8       4.9    26     7      
23/06/1985  2.5     4.5    25     6      
24/06/1985  0       6      29     7      
25/06/1985  0       5      28     7      
26/06/1985  8.5     4.5    27     6      
27/06/1985  15.5    2      26     7      
28/06/1985  23.5    1.5    25     7      
29/06/1985  27      1.1    27     6      
30/06/1985  57      0.9    25     6      
01/07/1985  11.5    3.4    27     7      
02/07/1985  11.5    3.4    26     6      
03/07/1985  0       3      27     6      
04/07/1985  0       5      28     5      
05/07/1985  15.5    2      27     6      
06/07/1985  0       3.4    26     6      
07/07/1985  16      1.9    27     6      
08/07/1985  12      1.9    28     6      
09/07/1985  0       5      27     5      
10/07/1985  0       5      28     5      
11/07/1985  0       2      27     5      
12/07/1985  0       2      26     7      
13/07/1985  0       1      29     8      
14/07/1985  45.5    0.3    23     7      
15/07/1985  23      1.8    25     6      
16/07/1985  4       Nulo   27     6      
17/07/1985  3.5     0.5    28     6      
18/07/1985  3.5     2.5    27     5      
19/07/1985  8.5     1.4    26     5      
20/07/1985  12      1      28     6      
21/07/1985  16      1.9    29     6      
22/07/1985  0       1      26     7      
23/07/1985  5       Nulo   27     7      
24/07/1985  0       1      28     7      
25/07/1985  13      1.9    27     7      
26/07/1985  4       1      28     6      
27/07/1985  11.5    0.4    27     5      
28/07/1985  11      2      28     6      
29/07/1985  7       1.4    27     5      
30/07/1985  17      1.5    26     7      
31/07/1985  19.5    1.2    27     8      
01/08/1985  10      14.2   26     7      
02/08/1985  11      5      25     6      
03/08/1985  0       4      27     7      
04/08/1985  7.5     5.4    28     7      
05/08/1985  0       4.9    29     6      
06/08/1985  5       6.1    27     7      
07/08/1985  2       7      27     6      
08/08/1985  0       4      28     7      
09/08/1985  4       7      29     6      
10/08/1985  0       4.5    28     6      
11/08/1985  0       5      29     7      
12/08/1985  0       5      28     8      
13/08/1985  17      6.9    26     7      
14/08/1985  1       6      28     6      
15/08/1985  14.5    5.4    27     8      
16/08/1985  15      3.9    29     6      
17/08/1985  10.5    5.7    28     7      
18/08/1985  0       5      28     7      
19/08/1985  9       5.9    29     5      
20/08/1985  4       7      28     6      
21/08/1985  22.5    2.5    29     6      
22/08/1985  7       11     28     6      
23/08/1985  2       6      29     9      
24/08/1985  31      2.8    27     7      
25/08/1985  25      4.9    26     7      
26/08/1985  1       5      25     7      
27/08/1985  0       5      28     6      
28/08/1985  10.5    5.4    27     8      
29/08/1985  3.5     6.5    25     7      
30/08/1985  4       6      29     7      
31/08/1985  3.5     8.5    30     5      
01/09/1985  0       4.1    29     7      
02/09/1985  8       4.7    28     7      
03/09/1985  0       5.1    29     6      
04/09/1985  0       5      31     6      
05/09/1985  23      5      29     8      
06/09/1985  2       3.9    28     7      
07/09/1985  0       4.5    27     6      
08/09/1985  2.5     4      28     4      
09/09/1985  1       5.5    29     6      
10/09/1985  0       6      27     5      
11/09/1985  14      4      26     6      
12/09/1985  0       7.9    28     7      
13/09/1985  0       5.1    29     5      
14/09/1985  0       5      28     8      
15/09/1985  36.5    5      27     6      
16/09/1985  7.5     3.1    26     7      
17/09/1985  3.5     6.4    28     7      
18/09/1985  0       7.6    29     7      
19/09/1985  0       5      28     7      
20/09/1985  11.5    4      29     6      
21/09/1985  3       7.5    27     7      
22/09/1985  28      7      28     5      
23/09/1985  23      2.9    27     7      
24/09/1985  0       3      28     6      
25/09/1985  0       5      29     7      
26/09/1985  0       5.1    28     5      
27/09/1985  0       5      30     4      
28/09/1985  0       5.4    28     6      
29/09/1985  0       4.8    29     5      
30/09/1985  0       3      28     7      
01/10/1985  0       5      36     6      
02/10/1985  0       Nulo   38     5      
03/10/1985  0       Nulo   27     6      
04/10/1985  0       Nulo   30     5      
05/10/1985  0       Nulo   28     6      
06/10/1985  0       Nulo   30     5      
07/10/1985  0       Nulo   29     7      
08/10/1985  0.5     Nulo   30     6      
09/10/1985  0       4.5    28     5.2    
10/10/1985  0       5      29     5      
11/10/1985  0       5      28     4      
12/10/1985  0       5      30     6      
13/10/1985  0       5      29     5      
14/10/1985  0       5      28     4      
15/10/1985  2.5     4.5    27     6      
16/10/1985  0       5      28     5      
17/10/1985  0       6      30     4      
18/10/1985  0       4      28     6      
19/10/1985  0       6      30     5      
20/10/1985  0       5      29     4      
21/10/1985  30      9.8    28     6      
22/10/1985  2       5      27     5      
23/10/1985  0       5      28     6      
24/10/1985  0       5      29     7      
25/10/1985  0       5      30     6      
26/10/1985  0       5      25     4      
27/10/1985  0       5      29     5      
28/10/1985  0       5      28     4      
29/10/1985  0       4.5    29     5      
30/10/1985  0       5      27     4      
31/10/1985  0       5      29     6      
01/11/1985  0       5.1    28     4      
02/11/1985  0       5      30     5      
03/11/1985  0       Nulo   27     4      
04/11/1985  0       Nulo   25     4      
05/11/1985  0       Nulo   26     6      
06/11/1985  0       Nulo   29     4      
07/11/1985  0       Nulo   28     6      
08/11/1985  0       Nulo   29     4      
09/11/1985  0       Nulo   30     5      
10/11/1985  0       Nulo   28     6      
11/11/1985  0       Nulo   30     6      
12/11/1985  0       Nulo   30     5      
13/11/1985  0       Nulo   28     4      
14/11/1985  0       Nulo   27     3      
15/11/1985  0       Nulo   26     5      
16/11/1985  0       Nulo   29     4      
17/11/1985  0       Nulo   30     6      
18/11/1985  0       Nulo   29     4      
19/11/1985  0       Nulo   28     5      
20/11/1985  0       Nulo   27     4      
21/11/1985  0       Nulo   28     6      
22/11/1985  0       7      30     4      
23/11/1985  0       6      28     5      
24/11/1985  0       5      28     6      
25/11/1985  0       4.9    29     5      
26/11/1985  13      5      28     4      
27/11/1985  27      4.4    27     4.5    
28/11/1985  0       4      26     3      
29/11/1985  0       8      27     5      
30/11/1985  0       7      28     6      
01/12/1985  0       Nulo   29     4      
02/12/1985  0       Nulo   28     6      
03/12/1985  0       Nulo   27     6      
04/12/1985  0       Nulo   29     4      
05/12/1985  1.6     Nulo   28     5      
06/12/1985  0       Nulo   26     6      
07/12/1985  0       Nulo   28     3      
08/12/1985  0       Nulo   27     4      
09/12/1985  0       Nulo   28     4      
10/12/1985  0       Nulo   29     4      
11/12/1985  0       Nulo   30     5      
12/12/1985  0       Nulo   29     4      
13/12/1985  0       Nulo   30     3      
14/12/1985  0       Nulo   29     5      
15/12/1985  0       Nulo   31     3      
16/12/1985  0       Nulo   27     4      
17/12/1985  0       Nulo   26     4      
18/12/1985  0       Nulo   28     4      
19/12/1985  0       Nulo   30     3      
20/12/1985  0       Nulo   26     5      
21/12/1985  0       Nulo   27     4      
22/12/1985  0       Nulo   28     4      
23/12/1985  0       Nulo   27     3      
24/12/1985  0       Nulo   28     5      
25/12/1985  0       Nulo   26     4      
26/12/1985  0       Nulo   28     3      
27/12/1985  0       Nulo   29     4      
28/12/1985  0       Nulo   30     5      
29/12/1985  0       Nulo   28     5      
30/12/1985  0       Nulo   28     4      
31/12/1985  0       Nulo   29     4      
01/01/1986  0       Nulo   28     4      
02/01/1986  0       Nulo   27     4      
03/01/1986  0       Nulo   29     4      
04/01/1986  0       Nulo   28     4      
05/01/1986  0       Nulo   27     5      
06/01/1986  0       Nulo   26     6      
07/01/1986  0       Nulo   28     4      
08/01/1986  0       Nulo   27     3.5    
09/01/1986  0       Nulo   28     5      
10/01/1986  0       Nulo   29     3.5    
11/01/1986  0       Nulo   27     4      
12/01/1986  0       Nulo   26     3.5    
13/01/1986  0       Nulo   24.5   4      
14/01/1986  0       Nulo   25     3.5    
15/01/1986  0       Nulo   28     7      
16/01/1986  0       Nulo   29     5      
17/01/1986  0       Nulo   28     4.5    
18/01/1986  0       Nulo   29     5      
19/01/1986  0       Nulo   28     4      
20/01/1986  0       Nulo   28     6      
21/01/1986  0       Nulo   29     4      
22/01/1986  0       Nulo   28     4.5    
23/01/1986  0       Nulo   27     4      
24/01/1986  0       Nulo   28     5      
25/01/1986  0       Nulo   30     4      
26/01/1986  0       Nulo   27     4.5    
27/01/1986  0       Nulo   26     3.5    
28/01/1986  0       Nulo   27     4.5    
29/01/1986  0       Nulo   29     4      
30/01/1986  0       Nulo   28     4      
31/01/1986  0       Nulo   29     5.8    
01/02/1986  0       Nulo   28     4      
02/02/1986  0       Nulo   30     4      
03/02/1986  0       Nulo   27     4.5    
04/02/1986  0       Nulo   26     4      
05/02/1986  0       Nulo   29     3.5    
06/02/1986  0       Nulo   29     2      
07/02/1986  0       Nulo   30     2      
08/02/1986  0       Nulo   29     4      
09/02/1986  0       Nulo   28     4      
10/02/1986  0       Nulo   29     4      
11/02/1986  0       Nulo   30     4.5    
12/02/1986  0       Nulo   29     4      
13/02/1986  0       Nulo   28     4.5    
14/02/1986  0       Nulo   27     4.8    
15/02/1986  0       Nulo   30     3.5    
16/02/1986  10.5    Nulo   31     3      
17/02/1986  0       Nulo   30     4      
18/02/1986  0       Nulo   29     3      
19/02/1986  0       Nulo   31     4      
20/02/1986  0       Nulo   29     5      
21/02/1986  0       Nulo   30     4      
22/02/1986  0       Nulo   29     5      
23/02/1986  0       Nulo   28     4      
24/02/1986  0       Nulo   30     4      
25/02/1986  0       Nulo   28     4.5    
26/02/1986  0       Nulo   30     4      
27/02/1986  0       Nulo   31     4      
28/02/1986  0       Nulo   30     3.5    
01/03/1986  0       Nulo   28     3      
02/03/1986  0       Nulo   30     4      
03/03/1986  0       Nulo   32     6      
04/03/1986  0       Nulo   32     6      
05/03/1986  0       Nulo   30     4      
06/03/1986  0       Nulo   32     5      
07/03/1986  0       Nulo   30     4      
08/03/1986  0       Nulo   31     3      
09/03/1986  0       Nulo   30     4      
10/03/1986  0       Nulo   32     4      
11/03/1986  0       Nulo   33     4.5    
12/03/1986  0       Nulo   30     4      
13/03/1986  0       Nulo   31     3      
14/03/1986  0       Nulo   30     3      
15/03/1986  0       Nulo   32     4      
16/03/1986  0       Nulo   30     4      
17/03/1986  0       Nulo   33     3      
18/03/1986  0       Nulo   32     6      
19/03/1986  0       Nulo   30     4      
20/03/1986  0       Nulo   32     3      
21/03/1986  0       Nulo   27     1      
22/03/1986  0       Nulo   25     2      
23/03/1986  0       Nulo   26     3      
24/03/1986  0       Nulo   27     3      
25/03/1986  0       Nulo   28     1      
26/03/1986  0       Nulo   30     3      
27/03/1986  0       Nulo   28     3      
28/03/1986  0       Nulo   30     2      
29/03/1986  0       Nulo   32     3      
30/03/1986  0       Nulo   30     5      
31/03/1986  0       Nulo   33     4      
01/04/1986  0       Nulo   28     5      
02/04/1986  0       Nulo   34     7      
03/04/1986  0       Nulo   33     8      
04/04/1986  0       Nulo   30     7      
05/04/1986  0       Nulo   32     6      
06/04/1986  0       Nulo   35     8      
07/04/1986  0       Nulo   34     6      
08/04/1986  0       Nulo   30     5      
09/04/1986  0       Nulo   35     4      
10/04/1986  0       Nulo   34     6      
11/04/1986  0       Nulo   35     7      
12/04/1986  0       Nulo   36     8      
13/04/1986  0       Nulo   35     9      
14/04/1986  3       Nulo   36     8      
15/04/1986  0       Nulo   34     6      
16/04/1986  0       Nulo   33     7.5    
17/04/1986  0       Nulo   32     5.5    
18/04/1986  19      Nulo   34     7      
19/04/1986  0       Nulo   32     5      
20/04/1986  12      Nulo   30     6      
21/04/1986  0       Nulo   29     5.5    
22/04/1986  0       Nulo   28     5      
23/04/1986  4       Nulo   29     4      
24/04/1986  12      Nulo   28     6.5    
25/04/1986  8.5     Nulo   27     4.5    
26/04/1986  0       Nulo   28     6      
27/04/1986  4       Nulo   30     7      
28/04/1986  0       Nulo   32     7      
29/04/1986  0       Nulo   31     7      
30/04/1986  0       Nulo   31     6      
01/05/1986  0       Nulo   31     4      
02/05/1986  32      Nulo   30     6      
03/05/1986  0       Nulo   29     8      
04/05/1986  0       Nulo   30     5      
05/05/1986  0       Nulo   29     8      
06/05/1986  0       Nulo   31     7      
07/05/1986  0       Nulo   30     7      
08/05/1986  0       Nulo   30     7      
09/05/1986  0       Nulo   31     8      
10/05/1986  0       Nulo   35     8      
11/05/1986  2       Nulo   34     9      
12/05/1986  0       Nulo   31     8      
13/05/1986  0       Nulo   34     6      
14/05/1986  0       Nulo   35     10     
15/05/1986  7       Nulo   34     9      
16/05/1986  7       Nulo   35     7      
17/05/1986  0       Nulo   32     6      
18/05/1986  2       Nulo   30     9      
19/05/1986  0       Nulo   31     6      
20/05/1986  16      Nulo   30     6      
21/05/1986  7       Nulo   27     4      
22/05/1986  6       Nulo   28     6      
23/05/1986  2       Nulo   29     5      
24/05/1986  3       Nulo   30     6      
25/05/1986  10      Nulo   26     8      
26/05/1986  6       Nulo   23     6.5    
27/05/1986  2       Nulo   27     6      
28/05/1986  6       Nulo   28     7      
29/05/1986  2       Nulo   29     7      
30/05/1986  9       Nulo   28     8      
31/05/1986  33      Nulo   29     9      
01/06/1986  0       Nulo   28     8      
02/06/1986  22      Nulo   29     7      
03/06/1986  6       Nulo   26     6      
04/06/1986  12      Nulo   28     7      
05/06/1986  4       Nulo   27     6      
06/06/1986  21      Nulo   28     8      
07/06/1986  12      Nulo   29     7      
08/06/1986  0       Nulo   20     8      
09/06/1986  5       Nulo   22     7      
10/06/1986  11      Nulo   26     8      
11/06/1986  30.5    Nulo   27     6      
12/06/1986  2       Nulo   31     5      
13/06/1986  6       Nulo   27     7      
14/06/1986  0       Nulo   28     6      
15/06/1986  2       Nulo   29     7      
16/06/1986  7       Nulo   28     6      
17/06/1986  1       Nulo   27     7      
18/06/1986  0       Nulo   20     6      
19/06/1986  7.5     Nulo   29     5      
20/06/1986  15      4.4    28     4      
21/06/1986  15.5    3      27     7      
22/06/1986  0       2.9    29     6      
23/06/1986  17      6      28     7      
24/06/1986  5       6      27     6      
25/06/1986  8       4      28     7      
26/06/1986  1       4.1    29     6      
27/06/1986  9.5     1.5    30     7      
28/06/1986  1.5     3      29     6      
29/06/1986  0       7.1    29     5      
30/06/1986  3       Nulo   29     6      
01/07/1986  0       2.9    28     6      
02/07/1986  22      3.9    29     8      
03/07/1986  0       5      28     7      
04/07/1986  0       5      29     6      
05/07/1986  2.5     7.1    28     9      
06/07/1986  13      7.5    27     7      
07/07/1986  0       5.1    25     5      
08/07/1986  9       7      27     5      
09/07/1986  0       3.3    28     6      
10/07/1986  0       5      29     5      
11/07/1986  0       5      28     6      
12/07/1986  10      7      29     5      
13/07/1986  1       4      28     6      
14/07/1986  2       6      29     4      
15/07/1986  2       7      27     7      
16/07/1986  4       3.6    28     8      
17/07/1986  0       5      29     7      
18/07/1986  13      5.9    30     8      
19/07/1986  0       3      28     9      
20/07/1986  0       5      29     6      
21/07/1986  3       7      28     7      
22/07/1986  20      5.8    29     6      
23/07/1986  8.5     3.5    28     5.8    
24/07/1986  0       5      27     5      
25/07/1986  24      8.8    29     6      
26/07/1986  9       5      28     6.5    
27/07/1986  0       5      30     6      
28/07/1986  13      6.9    28     7      
29/07/1986  0       6      30     6      
30/07/1986  0       5      29     7.5    
31/07/1986  0       5      28.5   6      
01/08/1986  0       4      31     6      
02/08/1986  0       5.1    30     5.5    
03/08/1986  6       5      31.5   6      
04/08/1986  0       8.9    29     5.5    
05/08/1986  3       6.1    28     6      
06/08/1986  0       1.4    29     6.5    
07/08/1986  0       5      30.5   7      
08/08/1986  6       3      29     8      
09/08/1986  0       3.2    28     6.5    
10/08/1986  10      5.1    29     7      
11/08/1986  30      4.5    28.5   6.5    
12/08/1986  14      5.9    29     5.5    
13/08/1986  4       3.5    30     6      
14/08/1986  12      3.6    27.5   5.5    
15/08/1986  3       2.2    28     6      
16/08/1986  4       4.7    27     7      
17/08/1986  9       5      29.5   5.5    
18/08/1986  0       4      30     6      
19/08/1986  0       6      29     5.5    
20/08/1986  0       5      30     6      
21/08/1986  0       6      29.5   5      
22/08/1986  9.5     6.5    27     6      
23/08/1986  6.5     3.5    29     5      
24/08/1986  4.5     6.4    28     6      
25/08/1986  0       4      29     5      
26/08/1986  3.5     5      30     6      
27/08/1986  7       2.9    27.5   7      
28/08/1986  0       4.6    28     6      
29/08/1986  0       5.1    29     5.5    
30/08/1986  0       5      30     7      
31/08/1986  0       5      29.5   6      
01/09/1986  8       3      28     5      
02/09/1986  7       3.9    27     7      
03/09/1986  8.5     4.9    29     6      
04/09/1986  5       3.4    28     5      
05/09/1986  32      5.3    24     7      
06/09/1986  6       4      29     6      
07/09/1986  3       3.7    28     7      
08/09/1986  14      5.3    30     6      
09/09/1986  6       6.5    29     5      
10/09/1986  1       4.1    30     7      
11/09/1986  1.5     3.9    28     6      
12/09/1986  0       2.5    29     7      
13/09/1986  0       3.3    25     6      
14/09/1986  0       1.9    27     4      
15/09/1986  9       2.3    30     5      
16/09/1986  0       2.6    29     6      
17/09/1986  0       4      28     4      
18/09/1986  0       3.6    29     5      
19/09/1986  0       5.3    28     7      
20/09/1986  0       4.6    29     6      
21/09/1986  0       5      30     5      
22/09/1986  0       5      28     6      
23/09/1986  28      2.8    29     6      
24/09/1986  0       5      28     5.5    
25/09/1986  0       4      30     6      
26/09/1986  0       5      28     5.5    
27/09/1986  3       7      31     6      
28/09/1986  6       3.2    30     7      
29/09/1986  8       3.6    28     6      
30/09/1986  33.5    4.3    27     7      
01/10/1986  2       6      27     6      
02/10/1986  1       6      30     5      
03/10/1986  23      5.4    29     6      
04/10/1986  63      1.1    27     7      
05/10/1986  0       5      25     6      
06/10/1986  2       5      26     5      
07/10/1986  7       4.8    27     6      
08/10/1986  3       5      28     7      
09/10/1986  13      3.2    27     6      
10/10/1986  0       3.1    29     7      
11/10/1986  0       1.5    28     5      
12/10/1986  0       3.8    27     4      
13/10/1986  0       3.5    29     8      
14/10/1986  8       4.1    30     6      
15/10/1986  4.5     5.9    28     5      
16/10/1986  0       5.1    29     7      
17/10/1986  0       4.7    28     4      
18/10/1986  0       5.1    29     6      
19/10/1986  0       5      27     5      
20/10/1986  0       4.9    29     4.5    
21/10/1986  0       5.1    28     5      
22/10/1986  0       5      30     6      
23/10/1986  0       5      31     5      
24/10/1986  0       5      30     6      
25/10/1986  0       5.1    29     5      
26/10/1986  0       5      30     7      
27/10/1986  0       5      28     6      
28/10/1986  0       5      26     4.5    
29/10/1986  0       5      28     4      
30/10/1986  0       5      29     6      
31/10/1986  0       5      28     7      
01/11/1986  0       5      30     4      
02/11/1986  0       5.1    29     5      
03/11/1986  0       5      28     6      
04/11/1986  0       5      30     6.5    
05/11/1986  11.5    2.4    28     5      
06/11/1986  0       5      30     6      
07/11/1986  0       5      31     5      
08/11/1986  0       4      30     8      
09/11/1986  0       5.1    29     4      
10/11/1986  0       5      30     5      
11/11/1986  0       5      31     4      
12/11/1986  14      3.9    30     8      
13/11/1986  0       5      27     7      
14/11/1986  0       5      30     6      
15/11/1986  0       5      28     4      
16/11/1986  0       5      31     5      
17/11/1986  0       5.1    27     6      
18/11/1986  0       5      29     7      
19/11/1986  0       5      30     5      
20/11/1986  0       5      28     4      
21/11/1986  0       5      29     7      
22/11/1986  0       5.1    31     4      
23/11/1986  4       8.9    30     8      
24/11/1986  0       5      29     6      
25/11/1986  0       5      29     5      
26/11/1986  8       4.4    29     6      
27/11/1986  28      3.3    30     5      
28/11/1986  0       4.5    27.5   4      
29/11/1986  0       3      28     3      
30/11/1986  0       5      29     4      
01/12/1986  0       5      30     3      
02/12/1986  15      5.7    25     6      
03/12/1986  0       5.5    22     4      
04/12/1986  3       7      25     3      
05/12/1986  0       5.2    23     6      
06/12/1986  0       3.9    27     4      
07/12/1986  0       4      29     3      
08/12/1986  0       6      30     6      
09/12/1986  0       5      31     5      
10/12/1986  0       5      29     6      
11/12/1986  0       5      30     7      
12/12/1986  0       5      28     6      
13/12/1986  0       5.1    29     5      
14/12/1986  0       5      28     4      
15/12/1986  0       5.2    30     5      
16/12/1986  0       4.8    29     4      
17/12/1986  0       5      28     2.5    
18/12/1986  0       5      30     3      
19/12/1986  0       5      27     5      
20/12/1986  0       5.1    30     6      
21/12/1986  0       4.7    27     4      
22/12/1986  0       5      28     3      
23/12/1986  0       5      28     2.5    
24/12/1986  0       5      29     4      
25/12/1986  0       5      28     5      
26/12/1986  0       5.1    26     4      
27/12/1986  0       5.1    28     5      
28/12/1986  0       5.1    25     4      
29/12/1986  0       5      28     3.5    
30/12/1986  0       5      30     4      
31/12/1986  0       5      27     2.5    
01/01/1987  0       Nulo   27     2      
02/01/1987  0       Nulo   28     3      
03/01/1987  0       Nulo   26     2      
04/01/1987  0       Nulo   25     3      
05/01/1987  0       Nulo   25     4      
06/01/1987  0       Nulo   26     5      
07/01/1987  0       Nulo   27     6      
08/01/1987  0       Nulo   28     5      
09/01/1987  0       Nulo   29     4      
10/01/1987  0       Nulo   27     3      
11/01/1987  0       Nulo   26     5      
12/01/1987  0       Nulo   27     2      
13/01/1987  0       Nulo   25     3      
14/01/1987  0       Nulo   24     2      
15/01/1987  0       Nulo   26     3      
16/01/1987  0       Nulo   22     4      
17/01/1987  0       Nulo   24     3      
18/01/1987  0       Nulo   26     2      
19/01/1987  0       Nulo   27     5      
20/01/1987  0       Nulo   28     4      
21/01/1987  0       Nulo   26     3      
22/01/1987  0       Nulo   25     4      
23/01/1987  0       Nulo   26     2      
24/01/1987  0       Nulo   24     2      
25/01/1987  0       Nulo   23     4      
26/01/1987  0       Nulo   24     3      
27/01/1987  0       Nulo   25     1      
28/01/1987  0       Nulo   27     2      
29/01/1987  0       Nulo   26     3      
30/01/1987  0       Nulo   26     2      
31/01/1987  0       Nulo   23     3      
01/02/1987  0       Nulo   19     2      
02/02/1987  0       Nulo   20     3      
03/02/1987  0       Nulo   17     4      
04/02/1987  0       Nulo   18     5      
05/02/1987  0       Nulo   19     2      
06/02/1987  0       Nulo   20     4      
07/02/1987  0       Nulo   19     3      
08/02/1987  0       Nulo   20     2      
09/02/1987  0       Nulo   20     4      
10/02/1987  0       Nulo   21     2      
11/02/1987  0       Nulo   21     2      
12/02/1987  0       Nulo   18     4      
13/02/1987  0       Nulo   17     5      
14/02/1987  0       Nulo   18     4      
15/02/1987  0       Nulo   20     4      
16/02/1987  0       Nulo   22     3      
17/02/1987  0       Nulo   22     4      
18/02/1987  0       Nulo   20     3      
19/02/1987  0       Nulo   21     5      
20/02/1987  0       Nulo   23     4      
21/02/1987  0       Nulo   21     5      
22/02/1987  0       Nulo   20     4      
23/02/1987  0       Nulo   20     5      
24/02/1987  0       Nulo   20     4      
25/02/1987  0       Nulo   19     5      
26/02/1987  0       Nulo   18     4      
27/02/1987  0       Nulo   17     5      
28/02/1987  0       Nulo   21     4      
01/03/1987  0       Nulo   22     5      
02/03/1987  0       Nulo   20     4      
03/03/1987  0       Nulo   21     3      
04/03/1987  5       Nulo   20     4      
05/03/1987  2       Nulo   22     4      
06/03/1987  0       Nulo   20     2      
07/03/1987  0       Nulo   21     3      
08/03/1987  0       Nulo   20     2      
09/03/1987  0       Nulo   20     5      
10/03/1987  0       Nulo   21     6      
11/03/1987  0       Nulo   20     3      
12/03/1987  0       Nulo   20     6      
13/03/1987  0       Nulo   22     4      
14/03/1987  0       Nulo   20     3      
15/03/1987  0       Nulo   20     5      
16/03/1987  0       Nulo   22     5      
17/03/1987  0       Nulo   20     6      
18/03/1987  0       Nulo   24     2      
19/03/1987  0       Nulo   25     5      
20/03/1987  0       Nulo   23     4      
21/03/1987  0       Nulo   20     6      
22/03/1987  0       Nulo   21     3      
23/03/1987  0       Nulo   22     6      
24/03/1987  0       Nulo   20     7      
25/03/1987  0       Nulo   25     6      
26/03/1987  0       Nulo   20     5      
27/03/1987  3       Nulo   20     6      
28/03/1987  7       Nulo   19     4      
29/03/1987  0       Nulo   23     3      
30/03/1987  0       Nulo   21     6      
31/03/1987  0       Nulo   20     5      
01/04/1987  0       Nulo   24     5      
02/04/1987  0       Nulo   25     4      
03/04/1987  0       Nulo   27     6      
04/04/1987  0       Nulo   20     4      
05/04/1987  0       Nulo   22     5      
06/04/1987  0       Nulo   21     4      
07/04/1987  0       Nulo   22     4      
08/04/1987  0       Nulo   23     6      
09/04/1987  0       Nulo   23     4      
10/04/1987  0       Nulo   24     8      
11/04/1987  0       Nulo   23     7      
12/04/1987  0       Nulo   25     6      
13/04/1987  0       Nulo   24     7      
14/04/1987  0       Nulo   22     8      
15/04/1987  0       Nulo   25     7      
16/04/1987  0       Nulo   26     8      
17/04/1987  0       Nulo   25     6      
18/04/1987  0       Nulo   24     9      
19/04/1987  0       Nulo   27     6      
20/04/1987  0       Nulo   22     5      
21/04/1987  0       Nulo   25     8      
22/04/1987  10      Nulo   21     7      
23/04/1987  5       Nulo   28     6      
24/04/1987  5       Nulo   20     8      
25/04/1987  0       Nulo   27     7      
26/04/1987  0       Nulo   26     6      
27/04/1987  0       Nulo   27     4      
28/04/1987  3       Nulo   29     5      
29/04/1987  5       Nulo   27     4      
30/04/1987  8       Nulo   24     7      
01/05/1987  0       Nulo   27     6      
02/05/1987  0       Nulo   29     5      
03/05/1987  0       Nulo   30     6      
04/05/1987  0       Nulo   30     7      
05/05/1987  0       Nulo   29     8      
06/05/1987  0       Nulo   31     6      
07/05/1987  0       Nulo   33     7      
08/05/1987  0       Nulo   28     6      
09/05/1987  0       Nulo   30     7      
10/05/1987  0       Nulo   31     5      
11/05/1987  5       Nulo   32     4      
12/05/1987  3       Nulo   30     6      
13/05/1987  4       Nulo   29     5      
14/05/1987  0       Nulo   32     4      
15/05/1987  0       Nulo   33     5      
16/05/1987  0       Nulo   30     7      
17/05/1987  0       Nulo   33     5      
18/05/1987  0       Nulo   28     6      
19/05/1987  0       Nulo   31     8      
20/05/1987  0       Nulo   33     7      
21/05/1987  0       Nulo   32     6      
22/05/1987  0       Nulo   33     7      
23/05/1987  0       Nulo   30     6      
24/05/1987  0       Nulo   33     5      
25/05/1987  0       Nulo   33     6      
26/05/1987  0       Nulo   30     7      
27/05/1987  0       Nulo   32     6      
28/05/1987  0       Nulo   31     4      
29/05/1987  0       Nulo   37     6      
30/05/1987  0       Nulo   29     5      
31/05/1987  2       Nulo   30     7      
01/06/1987  0       Nulo   29     6      
02/06/1987  32      Nulo   27     7      
03/06/1987  0       Nulo   28     4      
04/06/1987  0       Nulo   26     7      
05/06/1987  14      Nulo   27     6      
06/06/1987  0       Nulo   29     5      
07/06/1987  9       Nulo   30     4      
08/06/1987  11      Nulo   28     5      
09/06/1987  12      Nulo   28     7      
10/06/1987  28      Nulo   29     8      
11/06/1987  26      Nulo   30     6      
12/06/1987  42      Nulo   30     5      
13/06/1987  0       Nulo   29     7      
14/06/1987  10      Nulo   30     5      
15/06/1987  3       Nulo   29     8      
16/06/1987  4       Nulo   26     7      
17/06/1987  0       Nulo   28     7      
18/06/1987  0       Nulo   30     6      
19/06/1987  0       Nulo   28     5      
20/06/1987  36      Nulo   29     6      
21/06/1987  0       Nulo   30     6      
22/06/1987  10      Nulo   31     8      
23/06/1987  10      Nulo   28     7      
24/06/1987  5       Nulo   29     8      
25/06/1987  0       Nulo   30     4      
26/06/1987  0.5     Nulo   27     6      
27/06/1987  0       Nulo   29     7      
28/06/1987  0       Nulo   30     6      
29/06/1987  1       Nulo   31     5      
30/06/1987  30      Nulo   30     4      
01/07/1987  2       Nulo   28     6      
02/07/1987  37      Nulo   30     4      
03/07/1987  0       Nulo   28     7      
04/07/1987  5       Nulo   30     5      
05/07/1987  20      Nulo   27     6      
06/07/1987  0       Nulo   26     7      
07/07/1987  25      Nulo   27     5      
08/07/1987  0       Nulo   28     8      
09/07/1987  0       Nulo   27     6      
10/07/1987  0       Nulo   27     5      
11/07/1987  Nulo    Nulo   Nulo   4      
15/07/1987  0       Nulo   29     Nulo   
16/07/1987  0       Nulo   30     5      
17/07/1987  0       Nulo   29     6      
18/07/1987  0       Nulo   28     4      
19/07/1987  0       Nulo   29     5      
20/07/1987  14      Nulo   28     3      
21/07/1987  18      Nulo   27     5      
22/07/1987  22      Nulo   26     6      
23/07/1987  25      Nulo   27     3      
24/07/1987  45      Nulo   25     4      
25/07/1987  0       Nulo   28     3      
26/07/1987  0       Nulo   27     6      
27/07/1987  44      Nulo   26     7      
28/07/1987  0       Nulo   24     3      
29/07/1987  9       Nulo   27     3      
30/07/1987  0       Nulo   28     5      
31/07/1987  18      Nulo   27     6      
01/08/1987  0       Nulo   29     6      
02/08/1987  0       Nulo   28     4      
03/08/1987  0       Nulo   30     5      
04/08/1987  0       Nulo   29     6      
05/08/1987  5       Nulo   28     5      
06/08/1987  0       Nulo   29     4      
07/08/1987  4       Nulo   30     8      
08/08/1987  0       Nulo   27     7      
09/08/1987  25      Nulo   28     6      
10/08/1987  4       Nulo   30     7      
11/08/1987  0       Nulo   28     8      
12/08/1987  0       Nulo   29     6      
13/08/1987  4       Nulo   30     5      
14/08/1987  11      Nulo   29     4      
15/08/1987  0       Nulo   28     3      
16/08/1987  16      Nulo   29     6      
17/08/1987  0       Nulo   27     7      
18/08/1987  0       Nulo   26     8      
19/08/1987  17      Nulo   29     5      
20/08/1987  4       Nulo   28     4      
21/08/1987  2       Nulo   27     6      
22/08/1987  12      Nulo   28     5      
23/08/1987  11      Nulo   29     3      
24/08/1987  0       Nulo   30     4      
25/08/1987  19      Nulo   29     7      
26/08/1987  2       Nulo   28     6      
27/08/1987  0       Nulo   27     5      
28/08/1987  44      Nulo   26     8      
29/08/1987  24      Nulo   27     7      
30/08/1987  0       Nulo   29     6      
31/08/1987  6       Nulo   29     6      
01/09/1987  13      Nulo   28     6      
02/09/1987  15      Nulo   27     5      
03/09/1987  0       Nulo   29     8      
04/09/1987  0       Nulo   28     7      
05/09/1987  0       Nulo   27     6      
06/09/1987  0       Nulo   30     7      
07/09/1987  0       Nulo   29     6      
08/09/1987  0       Nulo   27     8      
09/09/1987  0       Nulo   26     9      
10/09/1987  0       Nulo   27     6      
11/09/1987  5       Nulo   28     8      
12/09/1987  0       Nulo   29     6      
13/09/1987  14      Nulo   27     7      
14/09/1987  0       Nulo   27     5      
15/09/1987  0       Nulo   28     7      
16/09/1987  0       Nulo   29     8      
17/09/1987  0       Nulo   26     7      
18/09/1987  0       Nulo   29     6      
19/09/1987  0       Nulo   28     7      
20/09/1987  0       Nulo   26     6      
21/09/1987  5.5     Nulo   30     7      
22/09/1987  25      Nulo   28     6      
23/09/1987  23      Nulo   28     7      
24/09/1987  1       Nulo   23     5      
25/09/1987  0       Nulo   27     4      
26/09/1987  0       Nulo   30     7      
27/09/1987  0       Nulo   28     6      
28/09/1987  0       Nulo   29     7      
29/09/1987  0       Nulo   28     4      
30/09/1987  0       Nulo   29     4      
01/10/1987  0       Nulo   27     6      
02/10/1987  12      Nulo   26     5      
03/10/1987  0       Nulo   25     4      
04/10/1987  0       Nulo   28     3      
05/10/1987  0       Nulo   27     4      
06/10/1987  0       Nulo   28     6      
07/10/1987  0       Nulo   29     5      
08/10/1987  0       Nulo   27     4      
09/10/1987  0       Nulo   26     3      
10/10/1987  0       Nulo   27     4      
11/10/1987  0       Nulo   26     3      
12/10/1987  0       Nulo   30     4      
13/10/1987  0       Nulo   30     3      
14/10/1987  0       Nulo   28     4      
15/10/1987  0       Nulo   28     5      
16/10/1987  0       Nulo   27     4      
17/10/1987  0       Nulo   28     3      
18/10/1987  0       Nulo   24     5      
19/10/1987  0       Nulo   25     4      
20/10/1987  0       Nulo   23     6      
21/10/1987  0       Nulo   27     5      
22/10/1987  1       Nulo   26     5      
23/10/1987  0       Nulo   28     4      
24/10/1987  0       Nulo   27     3      
25/10/1987  0       Nulo   29     4      
26/10/1987  0       Nulo   24     5      
27/10/1987  0       Nulo   25     7      
28/10/1987  0       Nulo   24     6      
29/10/1987  0       Nulo   28     2      
30/10/1987  0       Nulo   29     4      
31/10/1987  0       Nulo   28     3      
01/11/1987  0       Nulo   29     2      
02/11/1987  0       Nulo   28     4      
03/11/1987  0       Nulo   27     3      
04/11/1987  0       Nulo   30     2      
05/11/1987  0       Nulo   31     4      
06/11/1987  0       Nulo   28     5      
07/11/1987  0       Nulo   29     4      
08/11/1987  0       Nulo   30     6      
09/11/1987  12      Nulo   30     4      
10/11/1987  13      Nulo   29     6      
11/11/1987  0       Nulo   26     5      
12/11/1987  0       Nulo   27     4      
13/11/1987  0       Nulo   29     5      
14/11/1987  0       Nulo   30     6      
15/11/1987  0       Nulo   29     7      
16/11/1987  0       Nulo   30     7      
17/11/1987  0       Nulo   29     6      
18/11/1987  0       Nulo   28     4      
19/11/1987  0       Nulo   27     5      
20/11/1987  0       Nulo   26     4      
21/11/1987  0       Nulo   29     6      
22/11/1987  0       Nulo   28     7      
23/11/1987  0       Nulo   27     6      
24/11/1987  0       Nulo   29     5      
25/11/1987  0       Nulo   28     4      
26/11/1987  0       Nulo   27     5      
27/11/1987  0       Nulo   29     4      
28/11/1987  8       Nulo   27     5      
29/11/1987  0       Nulo   29     6      
30/11/1987  0       Nulo   28     4      
01/12/1987  0       Nulo   28     5      
02/12/1987  0       Nulo   27     4      
03/12/1987  0       Nulo   26     3      
04/12/1987  0       Nulo   30     4      
05/12/1987  0       Nulo   30     3      
06/12/1987  0       Nulo   28     4      
07/12/1987  0       Nulo   27     3      
08/12/1987  0       Nulo   29     5      
09/12/1987  0       Nulo   30     4      
10/12/1987  0       Nulo   29     3      
11/12/1987  0       Nulo   28     4      
12/12/1987  0       Nulo   28     5      
13/12/1987  0       Nulo   26     4      
14/12/1987  0       Nulo   30     5      
15/12/1987  0       Nulo   29     4      
16/12/1987  0       Nulo   27     3      
17/12/1987  0       Nulo   29     2      
18/12/1987  0       Nulo   30     5      
19/12/1987  0       Nulo   29     4      
20/12/1987  0       Nulo   28     3      
21/12/1987  0       Nulo   30     4      
22/12/1987  0       Nulo   30     4      
23/12/1987  0       Nulo   29     5      
24/12/1987  0       Nulo   28     6      
25/12/1987  0       Nulo   27     7      
26/12/1987  0       Nulo   28     7      
27/12/1987  0       Nulo   29     6      
28/12/1987  0       Nulo   27     5      
29/12/1987  0       Nulo   28     4      
30/12/1987  0       Nulo   26     6      
31/12/1987  0       Nulo   27     6      
01/01/1988  0       Nulo   28     5      
02/01/1988  0       Nulo   29     4      
03/01/1988  0       Nulo   29     2      
04/01/1988  0       Nulo   28     3      
05/01/1988  0       Nulo   30     2      
06/01/1988  0       Nulo   27     3      
07/01/1988  0       Nulo   30     4      
08/01/1988  0       Nulo   29     3      
09/01/1988  0       Nulo   28     4      
10/01/1988  0       Nulo   27     5      
11/01/1988  0       Nulo   27     4      
12/01/1988  0       Nulo   27     3      
13/01/1988  0       Nulo   26     5      
14/01/1988  0       Nulo   28     4      
15/01/1988  0       Nulo   28     2      
16/01/1988  0       Nulo   29     4      
17/01/1988  0       Nulo   28     5      
18/01/1988  0       Nulo   27     4      
19/01/1988  0       Nulo   30     3      
20/01/1988  0       Nulo   29     2      
21/01/1988  0       Nulo   30     2      
22/01/1988  0       Nulo   29     4      
23/01/1988  0       Nulo   29     3      
24/01/1988  0       Nulo   27     3      
25/01/1988  0       Nulo   28     2      
26/01/1988  0       Nulo   26     4      
27/01/1988  0       Nulo   29     5      
28/01/1988  0       Nulo   28     6      
29/01/1988  0       Nulo   30     4      
30/01/1988  0       Nulo   29     4      
31/01/1988  0       Nulo   29     3      
01/06/1988  0       6      33     6      
02/06/1988  0       Nulo   32     7      
03/06/1988  0       11.9   34     8      
04/06/1988  0       5      32     6      
05/06/1988  3       8      30     7      
06/06/1988  0       11.1   32     9      
07/06/1988  0       6.1    34     8      
08/06/1988  12      2.5    36     8      
09/06/1988  0       6      34     6      
10/06/1988  4       8      30     7      
11/06/1988  0       5      33     6      
12/06/1988  4       9      30     7      
13/06/1988  0       Nulo   31     6      
14/06/1988  30      Nulo   30     7      
15/06/1988  15      Nulo   31     5      
16/06/1988  3.5     Nulo   28     7      
17/06/1988  47      Nulo   26     8      
18/06/1988  17      Nulo   25     7      
19/06/1988  0       Nulo   33     6      
20/06/1988  0       Nulo   30     7      
21/06/1988  0       Nulo   31     6      
22/06/1988  26      Nulo   29     7      
23/06/1988  5       Nulo   26     6      
24/06/1988  9       Nulo   27     7      
25/06/1988  10      Nulo   33     6      
26/06/1988  0       Nulo   29     7      
27/06/1988  3       Nulo   30     6      
28/06/1988  14      Nulo   29     5      
29/06/1988  0       Nulo   31     7      
30/06/1988  0       Nulo   28     6      
01/07/1988  23      Nulo   29     8      
02/07/1988  0       Nulo   30     6      
03/07/1988  3.1     Nulo   28     7      
04/07/1988  27      Nulo   29     6      
05/07/1988  0       Nulo   27     7      
06/07/1988  0       Nulo   29     8      
07/07/1988  6       Nulo   31     7      
08/07/1988  3       Nulo   30     6      
09/07/1988  0       Nulo   31     7      
10/07/1988  0       Nulo   30     6      
11/07/1988  33      Nulo   28     7      
12/07/1988  0       Nulo   30     7      
13/07/1988  18      Nulo   28     6      
14/07/1988  0       Nulo   29     7      
15/07/1988  25      Nulo   27     8      
16/07/1988  3       Nulo   29     6      
17/07/1988  17      Nulo   28     7      
18/07/1988  14      Nulo   29     6      
19/07/1988  20      Nulo   28     5      
20/07/1988  5       Nulo   26     6      
21/07/1988  7       Nulo   27     7      
22/07/1988  17      Nulo   28     6      
23/07/1988  0       Nulo   27     5      
24/07/1988  0       Nulo   30     4      
25/07/1988  0       Nulo   29     7      
26/07/1988  11      Nulo   30     6      
27/07/1988  0       Nulo   29     7      
28/07/1988  0       Nulo   30     6      
29/07/1988  0       Nulo   29     7      
30/07/1988  0       Nulo   30     6      
31/07/1988  0       Nulo   28     7      
01/08/1988  34      Nulo   28     6      
02/08/1988  8       Nulo   29     7      
03/08/1988  2       Nulo   30     8      
04/08/1988  11      Nulo   29     7      
05/08/1988  0       Nulo   28     6      
06/08/1988  0       Nulo   30     7      
07/08/1988  3       Nulo   29     6      
08/08/1988  2       Nulo   30     7      
09/08/1988  9       Nulo   31     8      
10/08/1988  10      Nulo   29     7      
11/08/1988  3       Nulo   30     6      
12/08/1988  16      Nulo   28     5      
13/08/1988  0       Nulo   27     8      
14/08/1988  19      Nulo   29     7      
15/08/1988  35      Nulo   27     6      
16/08/1988  4       Nulo   28     8      
17/08/1988  26      Nulo   24     7      
18/08/1988  8       Nulo   27     6      
19/08/1988  6       Nulo   28     8      
20/08/1988  0       Nulo   29     6      
21/08/1988  0       Nulo   30     5      
22/08/1988  0       Nulo   29     6      
23/08/1988  0       Nulo   30     7      
24/08/1988  0       Nulo   29     6      
25/08/1988  0       Nulo   30     5      
26/08/1988  0       Nulo   29     7      
27/08/1988  11      Nulo   30     6      
28/08/1988  24      Nulo   29     7      
29/08/1988  16      Nulo   30     6      
30/08/1988  0       Nulo   29     7      
31/08/1988  7       Nulo   27     6      
01/09/1988  23      Nulo   28     7      
02/09/1988  5       Nulo   27     6      
03/09/1988  30      Nulo   26     8      
04/09/1988  53      Nulo   25     7      
05/09/1988  7       Nulo   23     6      
06/09/1988  9       Nulo   24     7      
07/09/1988  0       Nulo   28     6      
08/09/1988  0       Nulo   29     7      
09/09/1988  0       Nulo   28     5      
10/09/1988  0       Nulo   30     6      
11/09/1988  0       Nulo   28     5      
12/09/1988  4       Nulo   29     6      
13/09/1988  4       Nulo   28     5      
14/09/1988  0       Nulo   30     7      
15/09/1988  0       Nulo   29     6      
16/09/1988  2       Nulo   28     7      
17/09/1988  0       Nulo   29     6      
18/09/1988  2       Nulo   31     5      
19/09/1988  0       Nulo   30     6      
20/09/1988  0       Nulo   31     5      
21/09/1988  2       Nulo   30     6      
22/09/1988  1       Nulo   29     7      
23/09/1988  0       Nulo   30     6      
24/09/1988  0       Nulo   29     7      
25/09/1988  0       Nulo   31     6      
26/09/1988  0       Nulo   29     7      
27/09/1988  0       Nulo   28     6      
28/09/1988  0       Nulo   30     5      
29/09/1988  0       Nulo   28     6      
30/09/1988  2       Nulo   29     5      
01/10/1988  0       Nulo   28     7      
02/10/1988  0       Nulo   28     4      
03/10/1988  0       Nulo   27     6      
04/10/1988  0       Nulo   29     5      
05/10/1988  0       Nulo   28     5      
06/10/1988  0       Nulo   29     4      
07/10/1988  0       Nulo   28     6      
08/10/1988  0       Nulo   29     3      
09/10/1988  0       Nulo   30     5      
10/10/1988  36      Nulo   28     7      
11/10/1988  17      Nulo   26     6      
12/10/1988  15      Nulo   27     5      
13/10/1988  0       Nulo   26     4      
14/10/1988  0       Nulo   25     5      
15/10/1988  0       Nulo   28     4      
16/10/1988  0       Nulo   29     5      
17/10/1988  0       Nulo   28     4      
18/10/1988  0       Nulo   29     5      
19/10/1988  0       Nulo   30     6      
20/10/1988  0       Nulo   29     7      
21/10/1988  0       Nulo   27     6      
22/10/1988  0       Nulo   30     8      
23/10/1988  0       Nulo   29     6      
24/10/1988  0       Nulo   30     5      
25/10/1988  0       Nulo   31     6      
26/10/1988  0       Nulo   30     7      
27/10/1988  0       Nulo   29     6      
28/10/1988  0       Nulo   31     7      
29/10/1988  0       Nulo   30     6      
30/10/1988  0       Nulo   29     8      
31/10/1988  0       Nulo   28     7      
01/11/1988  0       Nulo   30     5      
02/11/1988  0       Nulo   28     3      
03/11/1988  0       Nulo   31     3      
04/11/1988  0       Nulo   30     4      
05/11/1988  0       Nulo   31     5      
06/11/1988  0       Nulo   29     4      
07/11/1988  0       Nulo   30     3      
08/11/1988  0       Nulo   31     5      
09/11/1988  0       Nulo   30     4      
10/11/1988  0       Nulo   29     5      
11/11/1988  0       Nulo   30     4      
12/11/1988  0       Nulo   29     5      
13/11/1988  0       Nulo   31     4      
14/11/1988  0       Nulo   30     5      
15/11/1988  0       Nulo   31     4      
16/11/1988  0       Nulo   30     6      
17/11/1988  0       Nulo   29     4      
18/11/1988  0       Nulo   30     5      
19/11/1988  0       Nulo   31     4      
20/11/1988  0       Nulo   30     5      
21/11/1988  0       Nulo   31     4      
22/11/1988  0       Nulo   29     5      
23/11/1988  0       Nulo   30     5      
24/11/1988  0       Nulo   29     6      
25/11/1988  0       Nulo   30     4      
26/11/1988  0       Nulo   29     4      
27/11/1988  0       Nulo   31     6      
28/11/1988  0       Nulo   28     5      
29/11/1988  0       Nulo   30     4      
30/11/1988  0       Nulo   31     6      
01/12/1988  0       Nulo   30     4      
02/12/1988  0       Nulo   31     5      
03/12/1988  0       Nulo   30     6      
04/12/1988  0       Nulo   32     4      
05/12/1988  0       Nulo   28     5      
06/12/1988  0       Nulo   29     4      
07/12/1988  0       Nulo   29     5      
08/12/1988  0       Nulo   28     4      
09/12/1988  0       Nulo   26     4      
10/12/1988  0       Nulo   29     6      
11/12/1988  0       Nulo   28     5      
12/12/1988  0       Nulo   31     4      
13/12/1988  0       Nulo   28     5      
14/12/1988  0       Nulo   31     4      
15/12/1988  0       Nulo   32     4      
16/12/1988  0       Nulo   30     5      
17/12/1988  0       Nulo   31     3      
18/12/1988  0       Nulo   30     4      
19/12/1988  0       Nulo   29     5      
20/12/1988  0       Nulo   30     4      
21/12/1988  0       Nulo   30     3      
22/12/1988  0       Nulo   29     4      
23/12/1988  0       Nulo   30     4      
24/12/1988  0       Nulo   31     5      
25/12/1988  0       Nulo   30     4      
26/12/1988  0       Nulo   29     3      
27/12/1988  0       Nulo   29     5      
28/12/1988  0       Nulo   28.5   3      
29/12/1988  0       Nulo   30     4      
30/12/1988  0       Nulo   31     5      
31/12/1988  0       Nulo   28     4      
01/01/1989  0       Nulo   28     4      
02/01/1989  0       Nulo   20     5      
03/01/1989  0       Nulo   27     6      
04/01/1989  0       Nulo   30     5      
05/01/1989  0       Nulo   29     3      
06/01/1989  0       Nulo   30     4      
07/01/1989  0       Nulo   31     6      
08/01/1989  0       Nulo   30     5      
09/01/1989  0       Nulo   22     4      
10/01/1989  0       Nulo   29     3      
11/01/1989  0       Nulo   30     4      
12/01/1989  0       Nulo   29     5      
13/01/1989  0       Nulo   31     4      
14/01/1989  0       Nulo   30     3      
15/01/1989  0       Nulo   31     4      
16/01/1989  0       Nulo   30     5      
17/01/1989  0       Nulo   29     4      
18/01/1989  0       Nulo   31     5      
19/01/1989  0       Nulo   30     4      
20/01/1989  0       Nulo   29     5      
21/01/1989  0       Nulo   31     4      
22/01/1989  0       Nulo   29     2      
23/01/1989  0       Nulo   27     5      
24/01/1989  0       Nulo   29     4      
25/01/1989  0       Nulo   31     5      
26/01/1989  0       Nulo   29     4      
27/01/1989  0       Nulo   31     5      
28/01/1989  0       Nulo   29     4      
29/01/1989  0       Nulo   30     5      
30/01/1989  0       Nulo   29     4      
31/01/1989  0       Nulo   28     2      
01/02/1989  0       Nulo   30     3      
02/02/1989  0       Nulo   32     3      
03/02/1989  0       Nulo   30     3      
04/02/1989  0       Nulo   29     3      
05/02/1989  0       Nulo   30     2      
06/02/1989  0       Nulo   29     2      
07/02/1989  0       Nulo   30     3      
08/02/1989  0       Nulo   31     2      
09/02/1989  0       Nulo   29     3      
10/02/1989  0       Nulo   30     3      
11/02/1989  0       Nulo   29     3      
12/02/1989  0       Nulo   31     3      
13/02/1989  0       Nulo   30     3      
14/02/1989  0       Nulo   28     3      
15/02/1989  0       Nulo   30     3      
16/02/1989  0       Nulo   29     2      
17/02/1989  0       Nulo   28     2      
18/02/1989  0       Nulo   30     3      
19/02/1989  0       Nulo   32     2      
20/02/1989  0       Nulo   31     3      
21/02/1989  0       Nulo   33     3      
22/02/1989  0       Nulo   29     3      
23/02/1989  0       Nulo   31     3      
24/02/1989  0       Nulo   26     3      
25/02/1989  0       Nulo   29     2      
26/02/1989  0       Nulo   31     3      
27/02/1989  0       Nulo   29     3      
28/02/1989  0       Nulo   30     3      
01/03/1989  0       Nulo   30     6      
02/03/1989  0       Nulo   32     5      
03/03/1989  0       Nulo   29     4      
04/03/1989  0       Nulo   33     5      
05/03/1989  0       Nulo   32     4      
06/03/1989  0       Nulo   27     5      
07/03/1989  0       Nulo   29     6      
08/03/1989  0       Nulo   30     7      
09/03/1989  0       Nulo   29     6      
10/03/1989  0       Nulo   30     5      
11/03/1989  0       Nulo   29     4      
12/03/1989  0       Nulo   31     4      
13/03/1989  0       Nulo   32     4      
14/03/1989  0       Nulo   31     5      
15/03/1989  0       Nulo   32     6      
16/03/1989  0       Nulo   32     5      
17/03/1989  0       Nulo   33     4      
18/03/1989  0       Nulo   32     5      
19/03/1989  0       Nulo   31     4      
20/03/1989  0       Nulo   30     5      
21/03/1989  0       Nulo   29     6      
22/03/1989  0       Nulo   30     5      
23/03/1989  0       Nulo   31     4      
24/03/1989  0       Nulo   30     5      
25/03/1989  0       Nulo   29     4      
26/03/1989  0       Nulo   31     5      
27/03/1989  0       Nulo   30     6      
28/03/1989  0       Nulo   32     4      
29/03/1989  0       Nulo   30     6      
30/03/1989  0       Nulo   29     5      
31/03/1989  0       Nulo   30     4      
01/04/1989  0       Nulo   31     5      
02/04/1989  0       Nulo   34     4      
03/04/1989  0       Nulo   35     7      
04/04/1989  0       Nulo   33     6      
05/04/1989  0       Nulo   22     5      
06/04/1989  0       Nulo   30     4      
07/04/1989  0       Nulo   32     5      
08/04/1989  0       Nulo   30     4      
09/04/1989  0       Nulo   31     5      
10/04/1989  0       Nulo   29     4      
11/04/1989  0       Nulo   31     4      
12/04/1989  0       Nulo   33     5      
13/04/1989  0       Nulo   32     6      
14/04/1989  0       Nulo   30     5      
15/04/1989  0       Nulo   31     4      
16/04/1989  0       Nulo   32     5      
17/04/1989  0       Nulo   30     4      
18/04/1989  0       Nulo   34     7      
19/04/1989  0       Nulo   30     6      
20/04/1989  0       Nulo   34     5      
21/04/1989  0       Nulo   30     4      
22/04/1989  0       Nulo   32     5      
23/04/1989  0       Nulo   34     6      
24/04/1989  0       Nulo   30     4      
25/04/1989  5       Nulo   31     6      
26/04/1989  2       Nulo   30     4      
27/04/1989  0       Nulo   31     5      
28/04/1989  0       Nulo   33     6      
29/04/1989  0       Nulo   30     5      
30/04/1989  0       Nulo   32     4      
01/05/1989  7       Nulo   31     6      
02/05/1989  3       Nulo   29     5      
03/05/1989  7       Nulo   30     6      
04/05/1989  0       Nulo   33     4      
05/05/1989  0       Nulo   30     5      
06/05/1989  0       Nulo   29     4      
07/05/1989  12      Nulo   32     5      
08/05/1989  0       Nulo   33     4      
09/05/1989  9.5     Nulo   28     6      
10/05/1989  11      Nulo   31     5      
11/05/1989  0       Nulo   29     6      
12/05/1989  0       Nulo   30     5      
13/05/1989  0       Nulo   29     6      
14/05/1989  0       Nulo   31     5      
15/05/1989  0       Nulo   35     4      
16/05/1989  0       Nulo   36     8      
17/05/1989  0       Nulo   35     9      
18/05/1989  0       Nulo   36     10     
19/05/1989  0       Nulo   35     9      
20/05/1989  0       Nulo   34     8      
21/05/1989  0       Nulo   30     9      
22/05/1989  0       Nulo   31     6      
23/05/1989  0       Nulo   35     8      
24/05/1989  0       Nulo   34     7      
25/05/1989  0       Nulo   33     8      
26/05/1989  0       Nulo   32     6      
27/05/1989  7       Nulo   30     8      
28/05/1989  0       Nulo   32     5      
29/05/1989  0       Nulo   31     6      
30/05/1989  0       Nulo   32     5      
31/05/1989  4       Nulo   30     6      
01/06/1989  0       Nulo   31     5      
02/06/1989  0       Nulo   30     6      
03/06/1989  3       Nulo   31     5      
04/06/1989  0       Nulo   32     8      
05/06/1989  0       Nulo   33     7      
06/06/1989  0       Nulo   35     10     
07/06/1989  0       Nulo   34     9      
08/06/1989  0       Nulo   35     10     
09/06/1989  0       Nulo   34     9      
10/06/1989  0       Nulo   30     11     
11/06/1989  3       Nulo   32     9      
12/06/1989  0       Nulo   29     10     
13/06/1989  2       Nulo   30     7      
14/06/1989  20      Nulo   29     6      
15/06/1989  22      Nulo   27     7      
16/06/1989  10      Nulo   28     8      
17/06/1989  5       Nulo   29     7      
18/06/1989  5       Nulo   30     6      
19/06/1989  0       Nulo   28     7      
20/06/1989  0       Nulo   29     6      
21/06/1989  33      Nulo   21     4      
22/06/1989  5       Nulo   20     5      
23/06/1989  0       Nulo   27     4      
24/06/1989  7       Nulo   28     6      
25/06/1989  5       Nulo   29     5      
26/06/1989  0       Nulo   25     7      
27/06/1989  2       Nulo   26     8      
28/06/1989  2       Nulo   28     7      
29/06/1989  4       Nulo   29     6      
30/06/1989  12      Nulo   27     7      
01/07/1989  16      Nulo   26     6      
02/07/1989  51      Nulo   25     5      
03/07/1989  2       Nulo   29     6      
04/07/1989  10      Nulo   30     7      
05/07/1989  5       Nulo   28     6      
06/07/1989  12      Nulo   30     7      
07/07/1989  16      Nulo   29     6      
08/07/1989  0       Nulo   27     8      
09/07/1989  2       Nulo   28     6      
10/07/1989  0       Nulo   29     7      
11/07/1989  31      Nulo   20     6      
12/07/1989  1       Nulo   25     7      
13/07/1989  0       Nulo   27     6      
14/07/1989  0       Nulo   28     5      
15/07/1989  0       Nulo   31     7      
16/07/1989  0       Nulo   30     8      
17/07/1989  0       Nulo   31     7      
18/07/1989  0       Nulo   29     6      
19/07/1989  3       Nulo   30     7      
20/07/1989  8       Nulo   29     6      
21/07/1989  0       Nulo   30     7      
22/07/1989  0       Nulo   29     6      
23/07/1989  34      Nulo   28     5      
24/07/1989  0       Nulo   27     7      
25/07/1989  9       Nulo   26     6      
26/07/1989  2       Nulo   28     7      
27/07/1989  5       Nulo   29     8      
28/07/1989  9       Nulo   28     6      
29/07/1989  0       Nulo   27     7      
30/07/1989  0       Nulo   28     6      
31/07/1989  7.5     Nulo   28     7      
01/08/1989  18      Nulo   27     8      
02/08/1989  5       Nulo   28     6      
03/08/1989  9       Nulo   29     7      
04/08/1989  14      Nulo   27     6      
05/08/1989  0       Nulo   29     7      
06/08/1989  0       Nulo   30     6      
07/08/1989  0       Nulo   29     5      
08/08/1989  18.5    Nulo   27     7      
09/08/1989  9       Nulo   28     6      
10/08/1989  8       Nulo   27     7      
11/08/1989  0       Nulo   28     6      
12/08/1989  2       Nulo   29     5      
13/08/1989  0       Nulo   28     6      
14/08/1989  3       Nulo   29     5      
15/08/1989  5       Nulo   30     7      
16/08/1989  0       Nulo   27     6      
17/08/1989  7       Nulo   28     8      
18/08/1989  0       Nulo   29     7      
19/08/1989  0       Nulo   30     6      
20/08/1989  2       Nulo   20     5      
21/08/1989  0       Nulo   27     6      
22/08/1989  3       Nulo   29     5      
23/08/1989  31      Nulo   28     8      
24/08/1989  10      Nulo   24     6      
25/08/1989  0       Nulo   27     7      
05/09/1989  27      Nulo   29     Nulo   
06/09/1989  20      Nulo   27     7      
07/09/1989  26      Nulo   26     6      
08/09/1989  0       Nulo   30     7      
09/09/1989  3       Nulo   29     8      
10/09/1989  4       Nulo   28     6      
11/09/1989  3       Nulo   29     7      
12/09/1989  8       Nulo   28     6      
13/09/1989  8       Nulo   27     7      
14/09/1989  7       Nulo   28     6      
15/09/1989  0       Nulo   20     5      
16/09/1989  0       Nulo   31     7      
17/09/1989  0       Nulo   28     6      
18/09/1989  14      Nulo   29     7      
19/09/1989  15      Nulo   28     5      
20/09/1989  5       Nulo   24     6      
21/09/1989  13      Nulo   25     7      
22/09/1989  0       Nulo   24     6      
23/09/1989  0       Nulo   26     5      
24/09/1989  0       Nulo   28     6      
25/09/1989  7       Nulo   26     5      
26/09/1989  0       Nulo   27     4      
27/09/1989  5       Nulo   25     6      
28/09/1989  0       Nulo   27     5      
29/09/1989  0       Nulo   26     6      
30/09/1989  0       Nulo   28     7      
01/10/1989  0       Nulo   29     6      
02/10/1989  5       Nulo   30     5      
03/10/1989  0       Nulo   29     7      
04/10/1989  3       Nulo   30     6      
05/10/1989  0       Nulo   28     7      
06/10/1989  9       Nulo   30     6      
07/10/1989  2       Nulo   28     7      
08/10/1989  29      Nulo   28     6      
09/10/1989  0       Nulo   27     5      
10/10/1989  0       Nulo   26     7      
11/10/1989  0       Nulo   25     6      
12/10/1989  0       Nulo   27     5      
13/10/1989  0       Nulo   29     4      
14/10/1989  0       Nulo   28     4      
15/10/1989  0       Nulo   29     4      
16/10/1989  0       Nulo   30     5      
17/10/1989  0       Nulo   29     4      
18/10/1989  9       Nulo   28     7      
19/10/1989  0       Nulo   27     4      
20/10/1989  0       Nulo   25     4      
21/10/1989  0       Nulo   31     4      
22/10/1989  0       Nulo   32     5      
23/10/1989  0       Nulo   28     4      
24/10/1989  0       Nulo   27     4      
25/10/1989  0       Nulo   25     4      
26/10/1989  0       Nulo   30     5      
27/10/1989  0       Nulo   28     4      
28/10/1989  0       Nulo   30     5      
29/10/1989  2       Nulo   29     5      
30/10/1989  0       Nulo   30     4      
31/10/1989  0       Nulo   30     5      
01/11/1989  0       Nulo   31     5      
02/11/1989  0       Nulo   29     4      
03/11/1989  0       Nulo   27     5      
04/11/1989  0       Nulo   30     4      
05/11/1989  0       Nulo   29     5      
06/11/1989  0       Nulo   32     4      
07/11/1989  0       Nulo   31     9      
08/11/1989  0       Nulo   30     6      
09/11/1989  17      Nulo   31     5      
10/11/1989  8       Nulo   30     4      
11/11/1989  9       Nulo   28     5      
12/11/1989  0       Nulo   27     6      
13/11/1989  0       Nulo   29     5      
14/11/1989  0       Nulo   30     6      
15/11/1989  0       Nulo   31     5      
16/11/1989  0       Nulo   30     8      
17/11/1989  0       Nulo   28     6      
18/11/1989  0       Nulo   27     5      
19/11/1989  0       Nulo   30     6      
20/11/1989  0       Nulo   29     5      
21/11/1989  0       Nulo   30     4      
22/11/1989  0       Nulo   29     5      
23/11/1989  0       Nulo   27     4      
24/11/1989  0       Nulo   30     9      
25/11/1989  0       Nulo   28     5      
26/11/1989  0       Nulo   20     4      
27/11/1989  0       Nulo   29     5      
28/11/1989  0       Nulo   21     9      
29/11/1989  0       Nulo   28     4      
30/11/1989  0       Nulo   30     5      
01/12/1989  0       Nulo   27     4      
02/12/1989  0       Nulo   30     5      
03/12/1989  0       Nulo   28     4      
04/12/1989  8       Nulo   25     5      
05/12/1989  0       Nulo   28     7      
06/12/1989  0       Nulo   29     5      
07/12/1989  4       Nulo   30     4      
08/12/1989  0       Nulo   29     6      
09/12/1989  0       Nulo   30     5      
10/12/1989  0       Nulo   27     4      
11/12/1989  0       Nulo   29     6      
12/12/1989  0       Nulo   27     4      
13/12/1989  0       Nulo   20     5      
14/12/1989  0       Nulo   29     4      
15/12/1989  0       Nulo   32     5      
16/12/1989  0       Nulo   29     4      
17/12/1989  0       Nulo   28     5      
18/12/1989  0       Nulo   30     4      
19/12/1989  0       Nulo   31     5      
20/12/1989  0       Nulo   29     7      
21/12/1989  0       Nulo   30     4      
22/12/1989  0       Nulo   28     5      
23/12/1989  0       Nulo   27     9      
24/12/1989  0       Nulo   28     4      
25/12/1989  0       Nulo   29     7      
26/12/1989  0       Nulo   30     8      
27/12/1989  0       Nulo   31     8      
28/12/1989  0       Nulo   28     5      
29/12/1989  0       Nulo   30     4      
30/12/1989  0       Nulo   29     7      
31/12/1989  0       Nulo   28     4      
--------------------------------------
