CNA-SMN-CG-GMC-SMAA-CLIMATOLOGIA
BASE DE DATOS CLIMATOLOGICA
DATOS DISPONIBLES EN LA BASE DE DATOS A JULIO 2022

ESTACION  : 14388
NOMBRE    : ZAPOTLANEJO (DGE)
ESTADO    : JALISCO
MUNICIPIO : ZAPOTLANEJO
SITUACION : OPERANDO
ORGANISMO : CONAGUA-DGE
CVE-OMM   : Nulo
LATITUD   : 020.622°
LONGITUD  : -103.068°
ALTITUD   : 1515 msnm

EMISIÓN   : 08/07/2022

            PRECIP  EVAP   TMAX   TMIN   
  Fecha     (MM)    (MM)   (°C)   (°C)   
07/10/1986  0       Nulo   34     Nulo   
08/10/1986  31.5    6.2    26     11     
09/10/1986  0       2      26     16     
10/10/1986  0       2      25     16     
11/10/1986  0       3.1    27     15     
12/10/1986  0       6.5    27     15     
13/10/1986  0       3.7    28     13     
14/10/1986  0       4.2    29     14     
15/10/1986  0       4.2    28     16     
16/10/1986  0       6.2    28     13     
17/10/1986  0       3.4    27     11     
18/10/1986  1.5     3.8    28     13     
19/10/1986  1       2      28     11     
20/10/1986  4       2      22     13     
21/10/1986  2.7     0.7    22     14     
22/10/1986  0       4      25     14     
23/10/1986  0       3.7    25     10     
24/10/1986  0       4.1    26     8      
25/10/1986  0       5      21     8      
26/10/1986  0       5      26     7      
27/10/1986  0       4.1    26     7      
28/10/1986  0       3.7    24     8      
29/10/1986  0       5.4    26     8      
30/10/1986  0       4.8    25     6      
31/10/1986  0       4      25     6      
01/11/1986  0       4.3    28     7      
02/11/1986  0       4.9    28     Nulo   
03/11/1986  0.4     3.4    28     11     
04/11/1986  0       2.5    25     14     
05/11/1986  6       3      25     11     
06/11/1986  0       3.5    25     11     
07/11/1986  0       3.8    26     11     
08/11/1986  0       4      29.5   11.5   
09/11/1986  0       5.9    29     11.5   
10/11/1986  0       4.5    29     10     
11/11/1986  0       4.6    28     10     
12/11/1986  0       4.4    28.5   12     
13/11/1986  0       5.3    27.5   12     
14/11/1986  0       4.8    27.5   10.5   
15/11/1986  0       3.1    27     11     
16/11/1986  0       3.3    29.5   11.5   
17/11/1986  0       5.4    30     11.5   
18/11/1986  0       4.7    29.5   11     
19/11/1986  0       4.6    24.5   Nulo   
20/11/1986  0       5.2    28     11     
21/11/1986  0       5.6    30     10     
22/11/1986  0       4.2    25     9      
23/11/1986  0       5.1    31     11     
24/11/1986  0       4.9    27     8      
25/11/1986  0       5      27     9      
26/11/1986  13.5    0.8    21.5   9      
27/11/1986  0       6.3    24     10.5   
28/11/1986  0       4.1    20.5   7      
29/11/1986  0       3.6    23.5   3      
30/11/1986  0       2.6    24.5   9      
01/12/1986  0       4.5    26     12.5   
02/12/1986  0       3      23     9.5    
03/12/1986  5.2     2.9    25     10     
04/12/1986  0       4.2    25     10     
05/12/1986  0       3.2    25     8      
06/12/1986  0       2.9    26     8      
07/12/1986  0       4.2    26     8      
08/12/1986  0       5.8    26     7      
09/12/1986  0       4.1    25.5   7      
10/12/1986  0       5.5    26.5   9.5    
11/12/1986  0       3.2    26.5   8      
12/12/1986  0       3      27     8      
13/12/1986  0       2.4    23     8      
14/12/1986  0       2.8    25.5   12     
15/12/1986  0       4.2    27.5   11     
16/12/1986  0       3.4    27.5   11     
17/12/1986  0       3.6    27     9      
18/12/1986  0       3.9    26.5   8.5    
19/12/1986  0       3.3    25     8      
20/12/1986  0       3.8    25     7      
21/12/1986  0       3.1    23     8      
22/12/1986  0       4.1    24     6      
23/12/1986  0       4.3    25     4      
24/12/1986  0       2.8    25.5   6      
25/12/1986  0       4.3    23.5   4.5    
26/12/1986  0       3.6    21     4      
27/12/1986  0       3.7    25.5   5      
28/12/1986  0       3.9    25     5.5    
29/12/1986  0       4.3    24     7      
30/12/1986  0       5.5    22.5   6      
31/12/1986  0       4.1    23     1      
01/01/1987  0       4      22.5   5      
02/01/1987  0       2.5    22     6      
03/01/1987  0       5.5    24.5   5      
04/01/1987  0       4.6    26     5      
05/01/1987  0       4.8    26     5      
06/01/1987  0       3.8    27     6      
07/01/1987  0       5      28     8      
08/01/1987  0       4.6    27     8      
09/01/1987  0       5      27.5   7      
10/01/1987  0       4.8    26     7      
11/01/1987  8.5     4.3    25     9      
12/01/1987  0.2     0.8    16.5   8.5    
13/01/1987  0       4      23     9      
14/01/1987  0       2.6    23     10.5   
15/01/1987  3.2     2      22     11     
16/01/1987  0       5.3    24     12     
17/01/1987  0       5.2    24     10     
18/01/1987  0       6.6    27     8      
19/01/1987  0       5.6    27     10     
20/01/1987  0       3      23     9      
21/01/1987  0       5.5    23     11     
22/01/1987  0       5.8    23     2      
23/01/1987  0       3.8    25     2.5    
24/01/1987  0       5.9    25     5      
25/01/1987  0       6.2    27     5.5    
26/01/1987  0       6.9    26.5   5.5    
27/01/1987  0       5.7    27     4      
28/01/1987  0       5.4    27     4      
29/01/1987  0       6.8    27     5      
30/01/1987  0       6      27     4.5    
31/01/1987  0       5.1    27.5   7      
01/02/1987  0       5.2    24.5   Nulo   
02/02/1987  0       4.6    24.5   11     
03/02/1987  0       3.6    24.5   8      
04/02/1987  0       5      24     5      
05/02/1987  0       4.2    25     4      
06/02/1987  0       6.6    29     6.5    
07/02/1987  0       6.7    31.5   1      
08/02/1987  0       5.4    25     3      
09/02/1987  0       5.3    26     4.5    
10/02/1987  0       5      26     6      
11/02/1987  0       5.1    27     6.5    
12/02/1987  0       4.2    26     6.5    
13/02/1987  0       5.9    27     9      
14/02/1987  0       7.8    27     10     
15/02/1987  0       6.4    28.5   4      
16/02/1987  0       8.9    28     6      
17/02/1987  0       7      27     3      
18/02/1987  0       7.8    29     4      
19/02/1987  0       6.7    29     6      
20/02/1987  0       5.2    26.5   9.5    
21/02/1987  0       6.3    27     10.5   
22/02/1987  0       5.6    27.5   9      
23/02/1987  0.3     2.4    24.5   11     
24/02/1987  0       7      29     8.5    
25/02/1987  9.5     4.3    29     9.5    
26/02/1987  9       1      24     10     
27/02/1987  0       4.4    23     6      
28/02/1987  0       5.3    26     6      
01/03/1987  0       7.2    27     7      
02/03/1987  0       7.3    27     7      
03/03/1987  0       5.1    28     6      
04/03/1987  0       8      26     7      
05/03/1987  0       7.3    23     8.5    
06/03/1987  0       7.2    24     4      
07/03/1987  0       4.8    25     5      
08/03/1987  0       7      26     5.5    
09/03/1987  0       7.3    26.5   7      
10/03/1987  0       6.7    28     7      
11/03/1987  0       6.5    28     9      
12/03/1987  0       6.6    29     9      
13/03/1987  0       6.2    28     10     
14/03/1987  0       7.7    28     12     
15/03/1987  0       7.1    28     9      
16/03/1987  0       9      28     7      
17/03/1987  0       10.8   29     7      
18/03/1987  0       8.5    30     7.5    
19/03/1987  0.5     4.8    27     10     
20/03/1987  0.2     5.9    26     12     
21/03/1987  0       9.8    30     9      
22/03/1987  0       10     32.5   10     
23/03/1987  0       8.4    30     9      
24/03/1987  0       8.2    28.5   9.5    
25/03/1987  0       9.2    31     10     
26/03/1987  0       9.2    30     12     
27/03/1987  0       8.2    29     14     
28/03/1987  0       10.4   29     11     
29/03/1987  0       11.5   29.5   10     
30/03/1987  0       9.9    30     10     
31/03/1987  0       7.7    30     7.5    
01/04/1987  0       7.9    31     9      
02/04/1987  0       9.8    32     10     
03/04/1987  0       9.4    31     8      
04/04/1987  0       9.6    32     11     
05/04/1987  0       9.7    30     8      
06/04/1987  0       11.7   30     8      
07/04/1987  0       7.1    31     10     
08/04/1987  0       8.2    31     11     
09/04/1987  0       8.1    31     10     
10/04/1987  0       8.5    30     10     
11/04/1987  0       8.7    30.5   10     
12/04/1987  0       5.1    25     13     
13/04/1987  0       9.7    29     12     
14/04/1987  0       9.2    32     11     
15/04/1987  0       9.6    33     11.5   
16/04/1987  0       10.1   33     12     
17/04/1987  0       10.7   33     13     
18/04/1987  0       12.4   34     12     
19/04/1987  0       8.9    33     12     
20/04/1987  0       8.5    32     16.5   
21/04/1987  1.9     5.9    32     18     
22/04/1987  0       9      31     12     
23/04/1987  0       12.4   30     10     
24/04/1987  0       9.3    30     10     
25/04/1987  0       10.2   31     10     
26/04/1987  0       8.5    32     10     
27/04/1987  0       8.8    31.5   14     
28/04/1987  0       8.7    32     13     
29/04/1987  0       9.7    31     13     
30/04/1987  0       10.2   31     11.5   
01/05/1987  0       9.8    30     10     
02/05/1987  0       11.9   30     11     
03/05/1987  0       8.8    30     9      
04/05/1987  0       8.2    31     10     
05/05/1987  0       10.8   31.5   11     
06/05/1987  0       8.2    31.5   9      
07/05/1987  0       7.9    31.5   16.5   
08/05/1987  0       8.8    32     13.5   
09/05/1987  0       9.4    31     15     
10/05/1987  0       8.9    32     13     
11/05/1987  0       9.8    32     12     
12/05/1987  0       9      32.5   12     
13/05/1987  0       7.3    31     17     
14/05/1987  0       8.8    33     13     
15/05/1987  0       9      33     16     
16/05/1987  2.3     10.7   34     16     
17/05/1987  13.8    5.2    31     15     
18/05/1987  0       4.7    25     15     
19/05/1987  0       6.4    28.5   13     
20/05/1987  0       9.2    30.5   12     
21/05/1987  0       11.2   32.5   12     
22/05/1987  0       10.6   34     12     
23/05/1987  0       9.2    34     14     
24/05/1987  0       11.6   33     14     
25/05/1987  0       10.1   31.5   13     
26/05/1987  0       9.3    33     13.5   
27/05/1987  0       9.5    33     14     
28/05/1987  0       10.3   34     16.5   
29/05/1987  0       9.8    33     14     
30/05/1987  0       9.9    33     14     
31/05/1987  1.1     4.1    33     15     
01/06/1987  2.5     5.8    29.5   15     
02/06/1987  0       8.2    31     13.5   
03/06/1987  0       9.8    32     13.5   
04/06/1987  5.3     8      32.5   14     
05/06/1987  6.5     7.2    30     15     
06/06/1987  3.4     5.5    27.5   15     
07/06/1987  0.7     5.9    27.5   14     
08/06/1987  0       7.3    27.5   15     
09/06/1987  21.5    11.1   31     14     
10/06/1987  0       7.2    31     14.5   
11/06/1987  0       8      31     14     
12/06/1987  3.4     5.1    32     16     
13/06/1987  15      3.7    25     19     
14/06/1987  30      4.7    25     19     
15/06/1987  17.6    9.5    29     15.5   
16/06/1987  1.9     6      29.5   16     
17/06/1987  44      11.3   31     15     
18/06/1987  0.7     4.9    30.5   19     
19/06/1987  0       6.8    31     16.5   
20/06/1987  0       5.9    30     18.5   
21/06/1987  0       7.6    31     17     
22/06/1987  16.5    10.3   32     17     
23/06/1987  0       7.2    30     14     
24/06/1987  0       7.3    31     17     
25/06/1987  26.5    10.5   32     17     
26/06/1987  0       4.8    30     17     
27/06/1987  0       6      31     17     
28/06/1987  0       7.1    31     17.5   
29/06/1987  64.6    2.1    31     17.5   
30/06/1987  0       3.5    26     17     
01/07/1987  3.9     2.8    26.5   17.5   
02/07/1987  1.2     5.2    29     16.5   
03/07/1987  0       6.3    28     16     
04/07/1987  29.4    10.4   29     16.5   
05/07/1987  1       8.7    27     15     
06/07/1987  52      4.1    25     17     
07/07/1987  6       4.9    25     16     
08/07/1987  76.5    4.8    24     16     
09/07/1987  0       4.6    24     15     
10/07/1987  19.3    5.4    27.5   16     
11/07/1987  4.9     3.8    27.5   16     
12/07/1987  1.8     5.7    28.5   17     
13/07/1987  6.6     6.6    29     17     
14/07/1987  15.7    4.3    29     17.5   
15/07/1987  0.4     3.3    26     18     
16/07/1987  0       4.4    27     17.5   
17/07/1987  9.4     5.6    28.5   16     
18/07/1987  42.5    6.1    27.5   16.5   
19/07/1987  0       6.6    28     15     
20/07/1987  0       6.7    28.5   14     
21/07/1987  0       7.3    28     14     
22/07/1987  0       7.8    29     16     
23/07/1987  0       5.4    29     15     
24/07/1987  4.5     1.7    24     15     
25/07/1987  5       0.6    22     16     
26/07/1987  1.3     4.6    27     16     
27/07/1987  39.6    7.7    28     18     
28/07/1987  21.7    2.6    24     17     
29/07/1987  0.3     5.4    27     16.5   
30/07/1987  1.9     1.3    24     17     
31/07/1987  27.1    5.7    25.5   17     
01/08/1987  22.7    4.9    25     16     
02/08/1987  3.4     4      27.5   15.5   
03/08/1987  3       2.8    25     17.5   
04/08/1987  29      8      28     16     
05/08/1987  0.2     7.4    26.5   14     
06/08/1987  1.1     4.9    27.5   16.5   
07/08/1987  46.8    3.7    27.5   16     
08/08/1987  9.8     3.8    27.5   15.5   
09/08/1987  3.8     5.3    28     16     
10/08/1987  0.2     3.6    26     15     
11/08/1987  0       3.4    26     16.5   
12/08/1987  17.9    6.8    28     17.5   
13/08/1987  0       5.6    28     15.5   
14/08/1987  20.8    8.2    28.5   16     
15/08/1987  4.3     5.6    27.5   15.5   
16/08/1987  7.4     5.7    28.5   15     
17/08/1987  0.2     4.8    28     15.5   
18/08/1987  0       4.2    27     16.5   
19/08/1987  0       4.4    28.5   16     
20/08/1987  0       6      28     14.5   
21/08/1987  33.2    10.6   28     16     
22/08/1987  0.3     3.4    27     16     
23/08/1987  2.5     4.7    28     17.5   
24/08/1987  12.9    5.8    27.5   15     
25/08/1987  4       5.5    28     16.5   
26/08/1987  0       4.7    28     16.5   
27/08/1987  0       5.6    28     15     
28/08/1987  3.1     3.6    26.5   15     
29/08/1987  9       4.5    27     14.5   
30/08/1987  33.2    8.4    27.5   17     
31/08/1987  0       4.8    28     15.5   
01/09/1987  14.7    4.3    26     15     
02/09/1987  0       3.3    26     15     
03/09/1987  0       4.9    27     15.5   
04/09/1987  0       5.7    28.5   15     
05/09/1987  0       4.6    29     16     
06/09/1987  0       4.7    29     16.5   
07/09/1987  0       6.5    29.5   17     
08/09/1987  0       6.2    29.5   15     
09/09/1987  0       7      28.5   12.5   
10/09/1987  0       5      28.5   13     
11/09/1987  0       7.5    29     14     
12/09/1987  0       10     29.5   19     
13/09/1987  0       5.5    30     17     
14/09/1987  0       5.4    30     16.5   
15/09/1987  0       4.7    29     18     
16/09/1987  1.4     1.4    24     19     
17/09/1987  0       4.2    29     15     
18/09/1987  0       5.8    29.5   17.5   
19/09/1987  0       5      29.5   18     
20/09/1987  4.5     4.8    28.5   14.5   
21/09/1987  0       4.4    28.5   14     
22/09/1987  16.5    5.5    29     15     
23/09/1987  12.7    2.4    26     15.5   
24/09/1987  0       3.8    27.5   15.5   
25/09/1987  0.3     4      28     17.5   
26/09/1987  0.2     3.1    27     16     
27/09/1987  0       4.5    27.5   16     
28/09/1987  0       4      27.5   15.5   
29/09/1987  63.6    12.6   29     14     
30/09/1987  20.1    4      26.5   16.5   
01/10/1987  0       4.3    23     14     
02/10/1987  0       3.8    28     13     
03/10/1987  0       5      26     13     
04/10/1987  0       6.9    25     8      
05/10/1987  0       4.8    27     9      
06/10/1987  0       5.4    28.5   11     
07/10/1987  0       5.8    28.5   10     
08/10/1987  0       4.6    28     8      
09/10/1987  0       4.8    29     9      
10/10/1987  0       5      27     10     
11/10/1987  0       4.5    29     12     
12/10/1987  0       4.7    26     11     
13/10/1987  0       4.3    26     9      
14/10/1987  0       4.9    28     9      
15/10/1987  0       5.2    30.5   11     
16/10/1987  0       4.3    20     12     
17/10/1987  0       3.9    20     10     
18/10/1987  0       3.4    25     9      
19/10/1987  0       4.3    28     8.5    
20/10/1987  0       3.7    26     11     
21/10/1987  0       4.7    28     11     
22/10/1987  0       4.2    26     11     
23/10/1987  0       4.7    25     9      
24/10/1987  0       4.4    25     8.5    
25/10/1987  0       4      25     8.5    
26/10/1987  0       5      26     9      
27/10/1987  0       4.7    28     8.5    
28/10/1987  0       3.2    28     10     
29/10/1987  0       4.6    28     11     
30/10/1987  0       5.3    28     9      
31/10/1987  0       5.8    29     8      
01/11/1987  0       6      29     8      
02/11/1987  0       5.4    28     7      
03/11/1987  0       4.4    29     11     
04/11/1987  0       5.2    29     11     
05/11/1987  0       6.2    28     8      
06/11/1987  0       3.5    26     7      
07/11/1987  0       5      28     8.5    
08/11/1987  0       4.3    28.5   10     
09/11/1987  0       5.1    27     10     
10/11/1987  11.1    4.5    25     11     
11/11/1987  0.2     2      19     11     
12/11/1987  0       3.2    25.5   7      
13/11/1987  0       4.5    26.5   7.5    
14/11/1987  0       4.6    27     7.5    
15/11/1987  0       4.1    26.5   7      
16/11/1987  0       3.3    26     6.5    
17/11/1987  0       4.5    27.5   6      
18/11/1987  0       5      27     8      
19/11/1987  0       3.4    27.5   7      
20/11/1987  0       4.9    27     10     
21/11/1987  0       3.5    28     10     
22/11/1987  0       5.4    26     9.5    
23/11/1987  0       5.8    28     7      
24/11/1987  0       4.2    27     6      
25/11/1987  0       4      27     9      
26/11/1987  0       3.4    27     10     
27/11/1987  0       3.8    27.5   10     
28/11/1987  0       4.3    28.5   10.5   
29/11/1987  0       4.4    25.5   11.5   
30/11/1987  0       3.9    24     10     
01/12/1987  0       3.2    24     8.5    
02/12/1987  0       4.9    27     6      
03/12/1987  0       3.9    28     6      
04/12/1987  0       6.3    28     6.5    
05/12/1987  0       5.1    28     6      
06/12/1987  0       5.2    28     6      
07/12/1987  0       4      29     5      
08/12/1987  0       5      28     6      
09/12/1987  0       3.8    27     8      
10/12/1987  0       3.4    27.5   7.5    
11/12/1987  0       3.9    27.5   7.5    
12/12/1987  0.2     2.2    26     11     
13/12/1987  0       2.9    22     8      
14/12/1987  0       4.4    24     6      
15/12/1987  0       3.4    26     7      
16/12/1987  0       3.2    28     9      
17/12/1987  0       3.7    28     12     
18/12/1987  0       3.2    28     12     
19/12/1987  0       2      23     10     
20/12/1987  0       0.9    20     13     
21/12/1987  0       3      26     12.5   
22/12/1987  0       4.1    29     11     
23/12/1987  0       4.3    29     10     
24/12/1987  0       3.7    28     11     
25/12/1987  0       3.4    29     11     
26/12/1987  0       3.5    29     10     
27/12/1987  0       5.3    29     10     
28/12/1987  0       3.1    26.5   9      
29/12/1987  0       4.7    26     11     
30/12/1987  0       3.9    26     10     
31/12/1987  0       3.7    26     9      
01/01/1988  15.6    3.3    25     9      
02/01/1988  0       5      25     10     
03/01/1988  0       4.6    26     10     
04/01/1988  0       3      27.5   7.5    
05/01/1988  0       5.1    27     8      
06/01/1988  0       3.8    27     8      
07/01/1988  0       4.2    27     7.5    
08/01/1988  0       4.4    26     8      
09/01/1988  0       5.5    28     9      
10/01/1988  0       4.8    28.5   6      
11/01/1988  0       4.7    28.5   5.5    
12/01/1988  0       4.9    27     5.5    
13/01/1988  0       3.8    26.5   6.5    
14/01/1988  0       5.2    28     7      
15/01/1988  0       4.2    27     9      
16/01/1988  0       5.8    27     8.5    
17/01/1988  0       3.8    26     6      
18/01/1988  0       5.3    26.5   4.5    
19/01/1988  0       5.3    25     0.5    
20/01/1988  0       4.3    26     2.5    
21/01/1988  0       4.9    25     2.5    
22/01/1988  0       5.2    25     2      
23/01/1988  0       4.7    26     1      
24/01/1988  0       5.4    25     3      
25/01/1988  0       4.3    24     4      
26/01/1988  0       5.8    25.5   4      
27/01/1988  0       5.9    23     3      
28/01/1988  0       4.1    20     3.5    
29/01/1988  0       3.8    24     1.5    
30/01/1988  0       6.5    27     4      
31/01/1988  0       5.2    28     5.5    
01/02/1988  0       5.9    28     7      
02/02/1988  0       4.6    29     7      
03/02/1988  0       5      31     9      
04/02/1988  0       4.8    29.5   9.5    
05/02/1988  0       7.1    29.5   10.5   
06/02/1988  0       5.6    28     9      
07/02/1988  0       4.9    26     9      
08/02/1988  0       5.3    28     7      
09/02/1988  0       5.3    28     9      
10/02/1988  0       5.7    28     8      
11/02/1988  0       5.9    27.5   8.5    
12/02/1988  0       5.9    27     10     
13/02/1988  0       5.2    27     10     
14/02/1988  0       6.1    27.5   9      
15/02/1988  0       5.2    27     9.5    
16/02/1988  0       7.2    28.5   9.5    
17/02/1988  0       6.1    29     8      
18/02/1988  0       5.9    28.5   9      
19/02/1988  0       6.8    29.5   9      
20/02/1988  0       7      28     6.5    
21/02/1988  0       8.8    29     3.5    
22/02/1988  0       5.7    27     6      
23/02/1988  0       9.3    28     8      
24/02/1988  0       5.2    30     9      
25/02/1988  0       4.6    26.5   11     
26/02/1988  0       7.3    29     11     
27/02/1988  0       6.2    30     11     
28/02/1988  0       6.3    32     10     
29/02/1988  0       6.6    31.5   12     
01/03/1988  0       5.8    30     14     
02/03/1988  3.5     2.3    30     12     
03/03/1988  0.2     1.4    22     11     
04/03/1988  0       1.3    16     11.5   
05/03/1988  0       5.7    25     6      
06/03/1988  0       7      25.5   10     
07/03/1988  23      6      17     10     
08/03/1988  0       4.9    22     9      
09/03/1988  0       6.5    24.5   9      
10/03/1988  0       6.7    25     6.5    
11/03/1988  0       6.2    26     6.5    
12/03/1988  0       6.6    27     7      
13/03/1988  0       8.8    30     6.5    
14/03/1988  0       7.7    29.5   9      
15/03/1988  0       7.9    28     9      
16/03/1988  0       7.2    29     8      
17/03/1988  0       7.9    29     7.5    
18/03/1988  0       7.5    29     7.5    
19/03/1988  0       7.2    29     10     
20/03/1988  0       5.6    27.5   9      
21/03/1988  0       4.4    27     12     
22/03/1988  0       8.9    30     11     
23/03/1988  0       9.4    32     11     
24/03/1988  0       8      31.5   11     
25/03/1988  0       6.6    32.5   11.5   
26/03/1988  0       6.3    31     13     
27/03/1988  0       6.9    31     13.5   
28/03/1988  0       6.5    32     11.5   
29/03/1988  0       7.2    32     10.5   
30/03/1988  0       7.6    32     10     
31/03/1988  0       7.7    31     10     
01/04/1988  0       7.3    31     10     
02/04/1988  0       8      29.5   10     
03/04/1988  0       6.1    30     10     
04/04/1988  0       6.8    30     11.5   
05/04/1988  0       8.4    31     11.5   
06/04/1988  0       6.9    32     11.5   
07/04/1988  0       7.4    30     11.5   
08/04/1988  0       6.3    30     11.5   
09/04/1988  0       7      29     12     
10/04/1988  0       7.6    29     11     
11/04/1988  0       6.8    29     11     
12/04/1988  0       7.2    30     11     
13/04/1988  0       7.7    30     11     
14/04/1988  0       7      30     10     
15/04/1988  0       7.6    30     10     
16/04/1988  0       9.2    29.5   10.5   
17/04/1988  0       11.5   29.5   10.5   
18/04/1988  0       8.6    31.5   7      
19/04/1988  0       9.3    33     9.5    
20/04/1988  0       9.3    32.5   13.5   
21/04/1988  0       9.1    32.5   11     
22/04/1988  0       10.6   33     11     
23/04/1988  0       11.5   33     11     
24/04/1988  0       9.3    33     11     
25/04/1988  0       9.6    33     12     
26/04/1988  0       8.4    34     12     
27/04/1988  0       8.9    34     12.5   
28/04/1988  0       9.2    35     12.5   
29/04/1988  0       10.5   33     13     
30/04/1988  0       11.3   32.5   11.5   
01/05/1988  0       10     32.5   10.5   
02/05/1988  0       12     33     11.5   
03/05/1988  0       11.8   34     11     
04/05/1988  0       8.1    34     13     
05/05/1988  0       6.8    32     15     
06/05/1988  0       8.1    33     13     
07/05/1988  0       10.3   34     13.5   
08/05/1988  0       7.5    34.5   13.5   
09/05/1988  0       8.6    35     14.5   
10/05/1988  0       9.6    35     15     
11/05/1988  0       10.9   35     15     
12/05/1988  0       10.2   34     13.5   
13/05/1988  0       9.5    34     13     
14/05/1988  0       10.5   33     13     
15/05/1988  0       9.6    33     12     
16/05/1988  0       9.8    34     11.5   
17/05/1988  0       10.9   33.5   13     
18/05/1988  0       10.6   33.5   13     
19/05/1988  0       10.8   33     11.5   
20/05/1988  0       9.5    32.5   11.5   
21/05/1988  0       10.3   33     12.5   
22/05/1988  0       11.4   34     14     
23/05/1988  0       9.9    34     14     
24/05/1988  0       8.8    34     14     
25/05/1988  0       10.1   34.5   14     
26/05/1988  0       9.8    34     14     
27/05/1988  0       8.9    35     16     
28/05/1988  0       10.6   34     15     
29/05/1988  0       10.9   33     14     
30/05/1988  0       12.2   34     13.5   
31/05/1988  0       10.9   34     12     
01/06/1988  0       10.8   34     12     
02/06/1988  0       10.2   34     12     
03/06/1988  0       11     34.5   12     
04/06/1988  0       11.9   35     13     
05/06/1988  0       10.1   33.5   13     
06/06/1988  0       12.8   33     15.5   
07/06/1988  0       9.6    34     14     
08/06/1988  0       9.3    35     14     
09/06/1988  0       11.8   35     14.5   
10/06/1988  0       13     35     15.5   
11/06/1988  0       10     34.5   16.5   
12/06/1988  5.5     8.2    33     16     
13/06/1988  15      11.3   32     15     
14/06/1988  9.8     6.8    31     16     
15/06/1988  10.2    6      28.5   16     
16/06/1988  5.6     1.5    28     18     
17/06/1988  0.8     6.2    28.5   18     
18/06/1988  6       4.8    28     18     
19/06/1988  26.9    2.9    27     17.5   
20/06/1988  0       6.8    29     17     
21/06/1988  0       6.3    32     15     
22/06/1988  14.6    7.3    31     17     
23/06/1988  6.8     7.1    27.5   17     
24/06/1988  0       6      29     16     
25/06/1988  60      10.7   30.5   17     
26/06/1988  0       4      26     16.5   
27/06/1988  1.3     5.9    28     17.5   
28/06/1988  15      4.5    27     15.5   
29/06/1988  24.5    7.8    29     17     
30/06/1988  2.5     8.4    29     17     
01/07/1988  2       2.9    29     17     
02/07/1988  0       6.1    28     17     
03/07/1988  0.3     3.9    28.5   17.5   
04/07/1988  30.1    4      28.5   18     
05/07/1988  0       4      27.5   16.5   
06/07/1988  0.5     4.6    26.5   18     
07/07/1988  0       4.2    27     18     
08/07/1988  2.6     7.2    29     17.5   
09/07/1988  4       6      28     17     
10/07/1988  8.4     4.1    28.5   17     
11/07/1988  0       6.1    29     16.5   
12/07/1988  12.2    6.4    30     16     
13/07/1988  0       5.8    29     15.5   
14/07/1988  19.7    6      28     17     
15/07/1988  9.5     5.2    29.5   17.5   
16/07/1988  0       4      29     16.5   
17/07/1988  0       4.2    27     16     
18/07/1988  16      6.2    28     16.5   
19/07/1988  17.5    1.6    26     17     
20/07/1988  9.7     1.1    22     16     
21/07/1988  12.8    6.9    23     Nulo   
22/07/1988  6.1     5.1    22     Nulo   
23/07/1988  0       3.7    25     Nulo   
24/07/1988  0       6.1    27     Nulo   
25/07/1988  10      4.1    27     Nulo   
26/07/1988  0.5     5      27     Nulo   
27/07/1988  25      6      27     Nulo   
28/07/1988  0       5.6    26     15     
29/07/1988  4       6.1    26     15     
30/07/1988  0       5.7    27     16     
31/07/1988  0       3.5    27     16     
01/08/1988  1.2     7.4    28     15     
02/08/1988  46      5.2    27     17.5   
03/08/1988  6.8     4.4    25     16     
04/08/1988  52      4      28     18     
05/08/1988  16.6    6      27     16     
06/08/1988  0       5.4    25     16     
07/08/1988  2.5     4.8    27     16     
08/08/1988  18.9    3.7    28     17     
09/08/1988  18.5    3      24.5   16     
10/08/1988  0.5     4.2    26     16.5   
11/08/1988  31      7.6    26     17     
12/08/1988  1.5     5.2    28     15.5   
13/08/1988  0       5.5    27     15.5   
14/08/1988  0       5.3    27.5   17.5   
15/08/1988  4       3.2    25     13.5   
16/08/1988  0       5.7    28     17.5   
17/08/1988  1.9     5.6    26.5   16.5   
18/08/1988  0.2     3.6    26     16.5   
19/08/1988  62.5    4.1    25     18     
20/08/1988  5.7     1.9    26     17     
21/08/1988  65.6    9      25     17     
22/08/1988  0       6.1    27     16     
23/08/1988  14      4      27     16.5   
24/08/1988  0       4.7    27     15.5   
25/08/1988  1.4     5.5    27.5   14.5   
26/08/1988  0       6.2    29     15     
27/08/1988  0       6.6    29     14     
28/08/1988  0.7     4.2    28.5   14     
29/08/1988  0       5.9    28     14.5   
30/08/1988  0.5     5.2    28     14.5   
31/08/1988  0.6     6.2    27     14.5   
01/09/1988  7.1     3.9    27     16.5   
02/09/1988  12.7    5.1    27     16.5   
03/09/1988  4.8     4.6    27     16.5   
04/09/1988  12.8    2.5    25     17.5   
05/09/1988  1.3     3.3    25     17.5   
06/09/1988  27.5    4.9    27     17     
07/09/1988  6.4     2.9    26.5   18     
08/09/1988  8.9     4.8    28.5   15.5   
09/09/1988  0       8.5    29     16     
10/09/1988  0       4.1    27     8.5    
11/09/1988  0       5.2    26.5   9.5    
12/09/1988  5.5     5      28     14.5   
13/09/1988  0       4.9    28     14     
14/09/1988  0       4.9    27.5   13     
15/09/1988  0       5.4    28     12.5   
16/09/1988  0       5.2    28.5   13.5   
17/09/1988  32.1    5.4    27.5   18     
18/09/1988  1.9     4.6    28     18     
19/09/1988  1.3     5      28.5   15.5   
20/09/1988  0.8     3.1    28.5   14     
21/09/1988  4.6     4.2    28.5   16     
22/09/1988  0       5.5    28     16     
23/09/1988  0       4.4    28     15     
24/09/1988  0.5     3.8    27.5   16     
25/09/1988  0       6      28     14.5   
26/09/1988  0       5.3    28     14     
27/09/1988  0       4      28     12     
28/09/1988  0       4.9    28     12.5   
29/09/1988  0       5      28     12.5   
30/09/1988  0       5.2    28     15     
01/10/1988  0       3.9    28.5   15     
02/10/1988  0       5      28     12.5   
03/10/1988  0       4.7    28     11     
04/10/1988  0       6      26     9      
05/10/1988  0       4.9    25.5   13     
06/10/1988  0       5.6    26.5   9      
07/10/1988  0       6      27     9.5    
08/10/1988  0       5.8    28     8      
09/10/1988  0       5.4    28     10     
10/10/1988  1.2     3.3    27     10     
11/10/1988  0       5.2    27     Nulo   
12/10/1988  5.5     4.8    27     13     
13/10/1988  0       6.6    26     11     
14/10/1988  0       5.2    28     9      
15/10/1988  0       4.3    29     9.5    
16/10/1988  0       5      29     9.5    
17/10/1988  0       5.2    28     9      
18/10/1988  0       5.2    28.5   9.5    
19/10/1988  0       4.6    29     9      
20/10/1988  0       4.3    29     9      
21/10/1988  0       4.9    28     9      
22/10/1988  0       5.1    29     9      
23/10/1988  0       5.2    29     9      
24/10/1988  0       3.6    30     9      
25/10/1988  0       5      30     12     
26/10/1988  0       5.3    30.5   12.5   
27/10/1988  0       5      30     12.5   
28/10/1988  0       4.2    30     12     
29/10/1988  0       4.5    30     12.5   
30/10/1988  0       5.1    30     12     
31/10/1988  0       5      30     11.5   
01/11/1988  0       7.1    28     11.5   
02/11/1988  0       6.2    28     10     
03/11/1988  0       4.5    28.5   7      
04/11/1988  0       4.9    28     9      
05/11/1988  0       5      31.5   9      
06/11/1988  0       5.1    30     11     
07/11/1988  0       3.7    29     11     
08/11/1988  0       4.3    30     10     
09/11/1988  0       4.4    30     10     
10/11/1988  0       5.6    31     9.5    
11/11/1988  0       4.1    29     9.5    
12/11/1988  0       5.5    29     8.5    
13/11/1988  0       3.7    29     8.5    
14/11/1988  0       4.3    29     9      
15/11/1988  0       5      29     9.5    
16/11/1988  0       3.9    28.5   9.5    
17/11/1988  0       5      29     10     
18/11/1988  0       5.7    29     10     
19/11/1988  0       5.4    29     7.5    
20/11/1988  0       4.3    30     7      
21/11/1988  0       5.2    29.5   7.5    
22/11/1988  0       5.7    28.5   8      
23/11/1988  6.5     5.5    28.5   10     
24/11/1988  0       4      28     9.5    
25/11/1988  0       3.7    28.5   9      
26/11/1988  0       2.2    28.5   8.5    
27/11/1988  0       4.5    27     8      
28/11/1988  0       3.5    28     7.5    
29/11/1988  0       3.7    28     11.5   
30/11/1988  0       4.2    28.5   10     
01/12/1988  4.1     6.8    28     8.5    
02/12/1988  0       4.4    28     7.5    
03/12/1988  0       4      28     8      
04/12/1988  0       3.7    28     7.5    
05/12/1988  0       5      27     8      
06/12/1988  0       3.7    24     6      
07/12/1988  0       4.9    23     7.5    
08/12/1988  2.1     3.6    23     8      
09/12/1988  0       6      24.5   8      
10/12/1988  0       3      25     8      
11/12/1988  0       2.7    25     8      
12/12/1988  0       3.4    28     8      
13/12/1988  0       3.9    28     9      
14/12/1988  0       3.5    27     9      
15/12/1988  0       4.6    28     8      
16/12/1988  0       5.1    27     8.5    
17/12/1988  0       4.7    28     8.5    
18/12/1988  0       4.4    28     8.5    
19/12/1988  0       4.2    28     7.5    
20/12/1988  0       4.6    27.5   6.5    
21/12/1988  0       4.5    27.5   6.5    
22/12/1988  0       3.8    27.5   6      
23/12/1988  0       4      27.5   7      
24/12/1988  0       4.6    28     7.5    
25/12/1988  0       5.2    28     7      
26/12/1988  0       6      27.5   7.5    
27/12/1988  0       4.9    28     8      
28/12/1988  0       5.2    28.5   6      
29/12/1988  0       4      26     7      
30/12/1988  0       4.3    27     6.5    
31/12/1988  0       3.4    27.5   6.5    
01/01/1989  0       4.4    27.5   6      
02/01/1989  0       5.1    28     6.5    
03/01/1989  0       4.8    28     8.5    
04/01/1989  0       3.5    28     8      
05/01/1989  0       4.2    28     8      
06/01/1989  0       5.1    28     8      
07/01/1989  0       5.5    28     7.5    
08/01/1989  0       4.7    28     7      
09/01/1989  0       4.4    28.5   7.5    
10/01/1989  0       4.9    29     Nulo   
11/01/1989  0       4.9    29     Nulo   
12/01/1989  0       5      27     Nulo   
13/01/1989  0       5.2    27     Nulo   
14/01/1989  0       5      27.5   Nulo   
15/01/1989  0       5.8    28     Nulo   
16/01/1989  0.7     3.7    28     Nulo   
17/01/1989  0       1.9    28.5   8      
18/01/1989  0       3.2    28     9.5    
19/01/1989  0       4.9    27     7.5    
20/01/1989  0       3.9    26.5   7      
21/01/1989  0       4.8    27     7      
22/01/1989  0       4.4    26.5   6.5    
23/01/1989  0       4.3    26.5   6      
24/01/1989  0       3.6    26.5   6      
25/01/1989  0       4.7    26     6      
26/01/1989  0       4.4    27     Nulo   
27/01/1989  0       4.1    26     12     
28/01/1989  0       4.3    27     9      
29/01/1989  0       4.4    28     8.5    
30/01/1989  0       4.4    27     7      
31/01/1989  0       4.9    28     8.5    
01/02/1989  0       4.3    26     10     
02/02/1989  0       3.6    27.5   8      
03/02/1989  0       2.5    29     8.5    
04/02/1989  0       2.9    28     9      
05/02/1989  0       4.1    28     9      
06/02/1989  0       3.8    27     9      
07/02/1989  1.8     3.1    27     11     
08/02/1989  0       5.6    27.5   11     
09/02/1989  0       5.4    27.5   9      
10/02/1989  0       5.7    27.5   8.5    
11/02/1989  0       5      27.5   8.5    
12/02/1989  0       4.6    28     8.5    
13/02/1989  0       4.9    28     7.5    
14/02/1989  0       5.3    28     7.5    
15/02/1989  0       5.6    29     7.5    
16/02/1989  0       6.5    30     10     
17/02/1989  0       6.8    30     10     
18/02/1989  0       6.4    28.5   10     
19/02/1989  0       6.9    29     8      
20/02/1989  0       7      29     8      
21/02/1989  0       7.2    29     5.5    
22/02/1989  0       7.4    28.5   6      
23/02/1989  0       7      28     6      
24/02/1989  0       6.4    29     5      
25/02/1989  0       7      29.5   5      
26/02/1989  0       6.6    29.5   5.5    
27/02/1989  0       7.5    30     5.5    
28/02/1989  0       8.2    30     6.5    
01/03/1989  0       7.7    31     8      
02/03/1989  0       8.2    31     7      
03/03/1989  0       7.2    30.5   7      
04/03/1989  0       7.8    31     7      
05/03/1989  0       9      31     6.5    
06/03/1989  0       8.2    27     6.5    
07/03/1989  0       7.5    27     5      
08/03/1989  0       8      28.5   5      
09/03/1989  0       8.2    28.5   6      
10/03/1989  0       8.4    29     6.5    
11/03/1989  0       7.9    29     6      
12/03/1989  0       8.1    29.5   6      
13/03/1989  0       7.9    30.5   5.5    
14/03/1989  0       8.4    30.5   5      
15/03/1989  0       8.5    30.5   4.5    
16/03/1989  0       9.1    30     5      
17/03/1989  0       8.8    30.5   6.5    
18/03/1989  0       8.6    31     7      
19/03/1989  0       9      31.5   8.5    
20/03/1989  0       8.8    30.5   9      
21/03/1989  0       8.2    30.5   8.5    
22/03/1989  0       7.7    30     8.5    
23/03/1989  0       8.3    30     8      
24/03/1989  0       7.2    29.5   7.5    
25/03/1989  0       8      29     7      
26/03/1989  0       10.5   29     6.5    
27/03/1989  0       8.1    29.5   6      
28/03/1989  0       8      29     6      
29/03/1989  0       8.2    29.5   6      
30/03/1989  0       8.4    30.5   8      
31/03/1989  0       7.6    31.5   9.5    
01/04/1989  0       7.2    31.5   9.5    
02/04/1989  0       6.6    31.5   9.5    
03/04/1989  0       8.4    31.5   10     
04/04/1989  0       8.5    32.5   11     
05/04/1989  0       9.7    31.5   13.5   
06/04/1989  0       9.2    32     12     
07/04/1989  0       9.6    32     11     
08/04/1989  0       8.7    32.5   11     
09/04/1989  0       9      32.5   11     
10/04/1989  0       9.8    32.5   11     
11/04/1989  0       9.2    31     13.5   
12/04/1989  0       7.7    30     11.5   
13/04/1989  0       8.2    30.5   15     
14/04/1989  0       7.8    30.5   15     
15/04/1989  0       9.1    31     15     
16/04/1989  0       7.6    30.5   14.5   
17/04/1989  0       8.4    31.5   13.5   
18/04/1989  0       9.2    32.5   11     
19/04/1989  0       8.3    32.5   10     
20/04/1989  0       7.4    33     9      
21/04/1989  0       8.8    33     11.5   
22/04/1989  0       8.5    33     13.5   
23/04/1989  0       9      33     12     
24/04/1989  0       8.8    33     12     
25/04/1989  0       8.5    33     11.5   
26/04/1989  0       7.6    32.5   11.5   
27/04/1989  0       8.3    32     11     
28/04/1989  0       8.6    31     11     
29/04/1989  0       9.1    32     11     
30/04/1989  0       9      32.5   13     
01/05/1989  0       9.8    33     12     
02/05/1989  0       10.3   32     12     
03/05/1989  0       8.7    32     12.5   
04/05/1989  0       9      32.5   11.5   
05/05/1989  0       9.2    32     11.5   
06/05/1989  0       7.9    32.5   11.5   
07/05/1989  0       8.6    33     11.5   
08/05/1989  0       9      33     12     
09/05/1989  0       8.4    33     12.5   
10/05/1989  0       8.8    33.5   12.5   
11/05/1989  0       8.4    33.5   12.5   
12/05/1989  0       7.9    33     12.5   
13/05/1989  0       8.6    33     12     
14/05/1989  0       9.2    33     11.5   
15/05/1989  0       8.8    33.5   11.5   
16/05/1989  0       8.4    34     11     
17/05/1989  0       11.8   34     10.5   
18/05/1989  0       12.8   34.5   10     
19/05/1989  0       13     35     15.5   
20/05/1989  0       12.2   35.5   15     
21/05/1989  3       13     36     15.5   
22/05/1989  0       9.4    35     15.5   
23/05/1989  0       10.4   37     15     
24/05/1989  0       9      36.5   15.5   
25/05/1989  0       10.4   36     15     
26/05/1989  0       9.1    36     15.5   
27/05/1989  0       11.5   36     15     
28/05/1989  0       9.3    35     15     
29/05/1989  0       11.2   34.5   15     
30/05/1989  0       10.2   34.5   15     
31/05/1989  0       12.3   35     15     
01/06/1989  0       11     34.5   15     
02/06/1989  0       9.8    34.5   15.5   
03/06/1989  7       9.2    34.5   15     
04/06/1989  0       11     34.5   16     
05/06/1989  0       12.6   34     16     
06/06/1989  0       11.5   34     16     
07/06/1989  0       10.2   33.5   16.5   
08/06/1989  0       9.4    34     16.5   
09/06/1989  0       9      34     16.5   
10/06/1989  7       8.2    34     16     
11/06/1989  0       9.7    34     16     
12/06/1989  8.5     8.3    33.5   16.5   
13/06/1989  27.7    10     33.5   15.5   
14/06/1989  2.9     10.4   33.5   15     
15/06/1989  0       6.5    33     15.5   
16/06/1989  0       8.9    33     15     
17/06/1989  0       8.3    32.5   15.5   
18/06/1989  0       7.6    32.5   15     
19/06/1989  0       8.4    32     15     
20/06/1989  0       7.8    32     15     
21/06/1989  0       8.1    32     14.5   
22/06/1989  0       8.3    31.5   14.5   
23/06/1989  0       7.7    31     14.5   
24/06/1989  2.2     10.2   30.5   14.5   
25/06/1989  0.3     8.2    30     14.5   
26/06/1989  4.7     7.9    30     14.5   
27/06/1989  21.4    6.2    29     15     
28/06/1989  10      7.2    29     15     
29/06/1989  7.1     6.8    29     14.5   
30/06/1989  0       7.2    29     15     
01/07/1989  13.1    8.4    28.5   15     
02/07/1989  19.6    8      28.5   14.5   
03/07/1989  0       6.6    29     14     
04/07/1989  0       7.9    28.5   14     
05/07/1989  0.8     7.6    28.5   14     
06/07/1989  0       8.1    28     14.5   
07/07/1989  2.6     7      27.5   14.5   
08/07/1989  0       8.2    28.5   15     
09/07/1989  4.7     6.8    28     14.5   
10/07/1989  36.7    6.4    27.5   14.5   
11/07/1989  0       7.3    28     14     
12/07/1989  6.2     7.5    28     14.5   
13/07/1989  9.6     7.1    28     16     
14/07/1989  6.3     8.1    28.5   15.5   
15/07/1989  0       7.4    28.5   15     
16/07/1989  0       6.8    28.5   15.5   
17/07/1989  0       7.8    28     16     
18/07/1989  3.1     6.9    28     15.5   
19/07/1989  0       8      28     15.5   
20/07/1989  0       8.2    27.5   15     
21/07/1989  0       6.7    28     15     
22/07/1989  0       7.7    28     15.5   
23/07/1989  0       6.3    28.5   15     
24/07/1989  0       7.2    28.5   15.5   
25/07/1989  0       7.8    28.5   15     
26/07/1989  4.4     7.1    29     15     
27/07/1989  0       8.2    29     15     
28/07/1989  0       6.1    29     15     
29/07/1989  0       7.7    29.5   15     
30/07/1989  16.1    13.1   29.5   15     
31/07/1989  1.1     4.1    26     14.5   
01/08/1989  0       6.6    27     16     
02/08/1989  3.6     6      27     15     
03/08/1989  4.8     1      27     15     
04/08/1989  22.4    11.1   27     16     
05/08/1989  39.6    11.1   25     16     
06/08/1989  0       4.7    27     16     
07/08/1989  14.5    7.3    24     16.5   
08/08/1989  5.9     7.9    27     14     
09/08/1989  2.5     6.7    25     16     
10/08/1989  5.2     7.5    27     16.5   
11/08/1989  9.7     10.6   28     15     
12/08/1989  4.8     4.2    28     15     
13/08/1989  8.3     7.2    28.5   16.5   
14/08/1989  12.3    7      29     16     
15/08/1989  15.4    8.1    27.5   15.5   
16/08/1989  0       4.5    27     16     
17/08/1989  6.3     4.7    28     17     
18/08/1989  10.8    6.7    27.5   14.5   
19/08/1989  0       4.1    27.5   16     
20/08/1989  0.9     4.5    29     15.5   
21/08/1989  0.3     3.6    26.5   14.5   
22/08/1989  0       5.4    27.5   15.5   
23/08/1989  3.2     6      27     17     
24/08/1989  4       4.4    27.5   16.5   
25/08/1989  2.9     5.3    28     16     
26/08/1989  7.7     5.4    27.5   16     
27/08/1989  34      4.8    27.5   15.5   
28/08/1989  6.9     7.6    28.5   15.5   
29/08/1989  0       3.5    27.5   17.5   
30/08/1989  7.8     10.7   28     15     
31/08/1989  3.2     3.1    26.5   15.5   
01/09/1989  0       5.4    27     15     
02/09/1989  0       7.1    27.5   15     
03/09/1989  22.9    5      28     15.5   
04/09/1989  10.9    9.7    27.5   15.5   
05/09/1989  0       5.2    28     14.5   
06/09/1989  35      8.6    27     15     
07/09/1989  8.4     4.1    27     17     
08/09/1989  2.3     5.5    27.5   15.5   
09/09/1989  16.8    5      28     15     
10/09/1989  0       6.2    28     Nulo   
11/09/1989  4.1     6.8    28     Nulo   
12/09/1989  0       5.5    28     Nulo   
13/09/1989  20.2    5.8    28.5   Nulo   
14/09/1989  0       5.9    28     Nulo   
15/09/1989  0       5.2    28     Nulo   
16/09/1989  0       4.8    28.5   Nulo   
17/09/1989  1.3     5.8    29.5   14.5   
18/09/1989  3.6     4.6    25.5   14     
19/09/1989  0       6      28     14     
20/09/1989  1.2     5.5    27.5   14     
21/09/1989  1.3     1.4    23     16     
22/09/1989  6.8     3.4    23.5   16     
23/09/1989  0       4      25     13     
24/09/1989  0       4.5    26.5   11.5   
25/09/1989  0       5.2    26     10     
26/09/1989  0       3      26.5   9      
27/09/1989  0       4.6    25     7      
28/09/1989  0       3.5    22     9.5    
29/09/1989  0       4.6    26     12.5   
30/09/1989  0       5      27.5   11     
01/10/1989  0       4.7    28.5   11     
02/10/1989  0       5      28.5   10     
03/10/1989  0       4.3    27     14     
04/10/1989  0       4.6    27     14     
05/10/1989  0       5.1    26.5   14.5   
06/10/1989  0       6.1    26.5   14     
07/10/1989  0       4.9    27     14     
08/10/1989  6.1     4.4    28.5   14.5   
09/10/1989  23      5.1    25.5   14     
10/10/1989  1.3     6.3    27     15.5   
11/10/1989  0       5.9    27     15.5   
12/10/1989  0       4.8    27.5   16.5   
13/10/1989  2.8     5.5    27     16     
14/10/1989  0       6.9    28     16.5   
15/10/1989  0       5.1    25     13     
16/10/1989  0       6.4    27.5   8      
17/10/1989  2.6     6      28.5   10.5   
18/10/1989  0       6.6    28     10.5   
19/10/1989  0       7      28.5   6.5    
20/10/1989  0       6.3    28.5   7      
21/10/1989  0       5.6    28.5   7.5    
22/10/1989  0       6      29.5   7.5    
23/10/1989  0       5.2    29.5   8      
24/10/1989  0       6.2    30.5   9      
25/10/1989  0       5.9    30     8.5    
26/10/1989  0       6.9    28.5   9      
27/10/1989  0       5.7    28     11     
28/10/1989  0       5.8    28     10.5   
29/10/1989  0       3.9    28     10.5   
30/10/1989  0       5.3    27.5   9      
31/10/1989  0       6      27.5   9      
01/11/1989  0       4.4    28.5   9      
02/11/1989  0       5.6    28.5   10     
03/11/1989  0       6.1    28.5   10     
04/11/1989  0       7.5    30     9.5    
05/11/1989  0       6.6    30     9.5    
06/11/1989  0       4.5    29     8.5    
07/11/1989  0       6.8    29.5   10     
08/11/1989  0       5.5    29.5   10     
09/11/1989  0       7.5    30.5   9      
10/11/1989  0       7.2    31     9      
11/11/1989  0       6.1    29.5   9      
12/11/1989  0       4.8    29.5   8.5    
13/11/1989  0       5.7    28.5   8      
14/11/1989  0       7      28     7.5    
15/11/1989  0       6      29.5   7      
16/11/1989  0       Nulo   29.5   8.5    
17/11/1989  0       2.8    30.5   9      
18/11/1989  0       3.9    30     11.5   
19/11/1989  0       5.2    29.5   12.5   
20/11/1989  0       3.9    28     12     
21/11/1989  0       5.3    29.5   10     
22/11/1989  0       4.2    28     11     
23/11/1989  0       5.3    28     8.5    
24/11/1989  0       5.8    28     9      
25/11/1989  0       4.9    27     8.5    
26/11/1989  0       4.7    27.5   7.5    
27/11/1989  0       2.4    28     7      
28/11/1989  0       2.6    26     7      
29/11/1989  0       3.2    26.5   9      
30/11/1989  0       3.1    27     9.5    
01/12/1989  0.2     2.8    27     10     
02/12/1989  0.9     4      24     10     
03/12/1989  2.6     5.1    19.5   11.5   
04/12/1989  4       5.3    19     10     
05/12/1989  0       1.9    22     11.5   
06/12/1989  24.9    5.6    24.5   11.5   
07/12/1989  1.8     4.7    20.5   10.5   
08/12/1989  0       5.4    23     6      
09/12/1989  0       6.3    23     6      
10/12/1989  0       3.2    23     7.5    
11/12/1989  0       4      25     7.5    
12/12/1989  0       5.2    25     8      
13/12/1989  0       4.4    25     7      
14/12/1989  0       4.8    26     6.5    
15/12/1989  0       3.9    26.5   5      
16/12/1989  0       4.1    25.5   5.5    
17/12/1989  0       4.9    25.5   6      
18/12/1989  0       3.7    25.5   6      
19/12/1989  0       4      26     6      
20/12/1989  0       3.8    26.5   6      
21/12/1989  0       4.8    25.5   5.5    
22/12/1989  0       4      26.5   6      
23/12/1989  0       4.2    24     5.5    
24/12/1989  0       3.4    22.5   5      
25/12/1989  0       2.2    22     3.5    
26/12/1989  0       3.5    22.5   2.5    
27/12/1989  0       5.9    24     3.5    
28/12/1989  0       6.2    26     5      
29/12/1989  0       3.9    26     6.5    
30/12/1989  0       2.5    25.5   7      
31/12/1989  0       2.1    26     6      
01/01/1990  0       2.7    25.5   5.5    
02/01/1990  1.5     4.5    24     6      
03/01/1990  0       1.5    22     8      
04/01/1990  0       4.1    26     7      
05/01/1990  0       5.6    26.5   6      
06/01/1990  0       5      25     5.5    
07/01/1990  0       4.8    20     5.5    
08/01/1990  0       1      13     5      
09/01/1990  0       7.8    26     Nulo   
10/01/1990  0       3.6    22     6      
11/01/1990  0       0.2    24     6.5    
12/01/1990  0.5     7.4    20     6      
13/01/1990  1       4.2    27     6      
14/01/1990  3.5     3.8    27     5      
15/01/1990  0       6.3    24     5      
16/01/1990  0       3.4    25     7.5    
17/01/1990  0       3.7    25     4      
18/01/1990  0       4.9    28     4.5    
19/01/1990  0       6      27     Nulo   
20/01/1990  0       5.2    26     5.5    
21/01/1990  0       3.7    28     5      
22/01/1990  0       5.6    27     5.5    
23/01/1990  0       1.4    28     4      
24/01/1990  0       3      28     4      
25/01/1990  0       7.4    28     4      
26/01/1990  0       1.1    23     6.5    
27/01/1990  0       3.3    27     6.5    
28/01/1990  0       6.4    30     7      
29/01/1990  0       3.5    27     8.5    
30/01/1990  0       3.8    27     9.5    
31/01/1990  0       5.4    27     9      
01/02/1990  0       5      25     11     
02/02/1990  0       6      27     9      
03/02/1990  0       4      26     9      
04/02/1990  0.5     4      27     10     
05/02/1990  0.5     4      24     11     
06/02/1990  0       3.4    24     11     
07/02/1990  0       2.2    27     11     
08/02/1990  0       5.4    27     10     
09/02/1990  0       5.7    29     9      
10/02/1990  0       7.2    29     9      
11/02/1990  0       4.9    28     12     
12/02/1990  0       5      26     8      
13/02/1990  0       3.7    25     Nulo   
14/02/1990  0       1      21     11     
15/02/1990  6.5     2.2    27     14     
16/02/1990  0       3.7    26     9      
17/02/1990  0       1.8    27     13     
18/02/1990  6.8     4.1    24     11     
19/02/1990  2.8     6.4    25     7      
20/02/1990  0       8.3    25     8      
21/02/1990  0       3.6    25     4      
22/02/1990  0       6.6    25     Nulo   
23/02/1990  0       6.6    20     5      
24/02/1990  0       8.8    25     6      
25/02/1990  0       9.4    26     8      
26/02/1990  0       6      28     10     
27/02/1990  0       8.6    27     11     
28/02/1990  0       1.3    29     10     
01/03/1990  0       9.6    28     9      
02/03/1990  0       4.7    27     8      
03/03/1990  0       9.4    28     6      
04/03/1990  0       6.3    28     9      
05/03/1990  0       8.5    30     12     
06/03/1990  0       Nulo   29     9      
07/03/1990  0       Nulo   29     11     
08/03/1990  0       Nulo   30     10     
09/03/1990  0       Nulo   31     11     
10/03/1990  0       Nulo   27     12     
11/03/1990  0       Nulo   29     12     
12/03/1990  0       Nulo   30     11     
13/03/1990  0       Nulo   33     12     
14/03/1990  0       Nulo   Nulo   12     
15/03/1990  0       10.9   29     9      
16/03/1990  0       8.7    27     9      
17/03/1990  0       10.5   29     10     
18/03/1990  0       6.6    30     11     
19/03/1990  0       7.7    30     10     
20/03/1990  0       7.5    28     12     
21/03/1990  0       7.1    30     9      
22/03/1990  0       9.5    31     12     
23/03/1990  0       5.1    31     12     
24/03/1990  2       6.7    30     12     
25/03/1990  4.9     4.9    29     11     
26/03/1990  0       6.4    29     15     
27/03/1990  0       4.2    28     14     
28/03/1990  0       8.9    31     11     
29/03/1990  0       8.3    29     11     
30/03/1990  0       8.4    29     11     
31/03/1990  0       7.9    28     11     
01/05/1990  0       10.1   34     15     
02/05/1990  0       9.1    34     13     
03/05/1990  0       9.7    34     14     
04/05/1990  0       9.8    34     15     
05/05/1990  4.5     7.5    33     19     
06/05/1990  2       8.8    Nulo   17     
07/05/1990  12.5    2.6    27     15     
08/05/1990  0       3.2    29     13     
09/05/1990  0       7      32     11     
10/05/1990  0       8.4    34     16     
11/05/1990  0       8.8    33     16     
12/05/1990  0       7.4    32     16     
13/05/1990  0       4.1    30     20     
14/05/1990  3.5     6.7    30     12     
15/05/1990  8.5     4.8    32     9      
16/05/1990  0.5     8.5    33     16     
17/05/1990  0       8.3    34     19     
18/05/1990  2.8     6.9    33     18     
19/05/1990  0       11     33     17     
20/05/1990  0       9.1    33     13     
21/05/1990  0       5.4    33     14     
22/05/1990  0       11.8   34     16     
23/05/1990  0       9.8    34     16     
24/05/1990  0       6.3    32     17     
25/05/1990  0       9.4    34     16     
26/05/1990  0       7.5    35     16     
27/05/1990  0       9.9    37     17     
28/05/1990  0       11.4   35     16     
29/05/1990  0       8.8    35     15     
30/05/1990  0       9.9    35     21     
31/05/1990  0       11.1   35     18     
01/06/1990  0       8.5    36     19     
02/06/1990  8       8      34     18     
03/06/1990  0       9      34     18     
04/06/1990  7       7      28     18     
05/06/1990  0       9.2    30     16     
06/06/1990  40      Nulo   32     18     
07/06/1990  10.5    5.9    28     15     
08/06/1990  34.8    Nulo   29     16     
09/06/1990  4.5     Nulo   29     16     
10/06/1990  19      Nulo   29     16     
11/06/1990  10      Nulo   28     15     
12/06/1990  0       2      28     17     
13/06/1990  0       3.1    28     18     
14/06/1990  24      2.8    28     16     
15/06/1990  0       10.7   26     16     
16/06/1990  0       2.6    30     18     
17/06/1990  0       1.7    31     18     
18/06/1990  0       9.4    32     17     
19/06/1990  Nulo    5.8    Nulo   18     
25/06/1990  8       Nulo   27     Nulo   
26/06/1990  0       6.5    27     16     
27/06/1990  0       6      30     18     
28/06/1990  0       6.3    26     16     
29/06/1990  0       2.3    28     19     
30/06/1990  0       5.7    Nulo   17     
01/07/1990  10      1.3    26     18     
02/07/1990  0       3.6    32     17     
03/07/1990  2.8     1.7    32     18     
04/07/1990  11.6    4.1    24     19     
05/07/1990  5       5      26     18     
06/07/1990  18      5.1    26     18     
07/07/1990  0       6.4    27     16     
08/07/1990  0       2.4    27     15     
09/07/1990  8.9     8.9    26     16     
10/07/1990  0       6      32     15     
11/07/1990  2       2.2    33     15     
12/07/1990  7.5     2.8    35     17     
13/07/1990  1.3     3.1    35     16     
14/07/1990  10.6    5.6    28     15     
15/07/1990  0       7.3    27     16     
16/07/1990  0       6.8    33     17     
17/07/1990  4.7     3.8    32     19     
18/07/1990  8.4     5.3    33     15     
19/07/1990  12.5    5.4    26     15     
20/07/1990  0       3.7    35     16     
21/07/1990  8.7     7.7    27     17     
22/07/1990  8.2     1.5    32     16     
23/07/1990  0       6.5    33     15     
24/07/1990  31      7.2    34     16     
25/07/1990  21.5    10.7   26     17     
26/07/1990  0       14.1   31     14     
27/07/1990  9       3.2    33     16     
28/07/1990  1       4.8    32     15     
29/07/1990  0       3.2    33     15     
30/07/1990  5.4     3.4    32     16     
31/07/1990  1.3     4.6    33     16     
01/08/1990  0       6.5    27     16     
02/08/1990  8.2     2.2    33     17     
03/08/1990  0       5.3    27     18     
04/08/1990  16.7    7.4    27     17     
05/08/1990  3.5     2.6    29     16     
06/08/1990  1.2     6.3    33     15     
07/08/1990  1.2     4.1    32     14     
08/08/1990  1.9     7.9    33     16     
09/08/1990  0       7.9    28     16     
10/08/1990  45      5.1    30     15     
11/08/1990  20      6.8    28     16     
12/08/1990  40      4.2    28     17     
13/08/1990  0       2.1    34     17     
14/08/1990  48      8.4    28     16     
15/08/1990  7.4     2.9    34     17     
16/08/1990  0       3.6    25     17     
17/08/1990  1.5     1.5    28     17     
18/08/1990  23      12     28     17     
19/08/1990  0       3.2    33     16     
20/08/1990  2.2     4.2    32     18     
21/08/1990  0       6.4    33     14     
22/08/1990  0       4.6    33     16     
23/08/1990  8.1     1.6    33     16     
24/08/1990  30      6.5    26     17     
25/08/1990  0       4.6    27     17     
26/08/1990  16.5    3.3    28     17     
27/08/1990  7.4     9.3    32     14     
28/08/1990  0       7.5    32     15     
29/08/1990  18.5    6      28     17     
30/08/1990  2       7.5    29     16     
31/08/1990  2       2      28     15     
01/09/1990  0       4.9    28     16     
02/09/1990  0       3.1    28     16     
03/09/1990  4.6     2.8    26     17     
04/09/1990  3.2     7      27     17     
05/09/1990  6       2.8    27     15     
06/09/1990  4       4      28     14     
07/09/1990  5       2.8    28     17     
08/09/1990  0       9      28     13     
09/09/1990  31      1.1    Nulo   17     
10/09/1990  4       1.5    28     12     
11/09/1990  9.5     2.4    27     15     
12/09/1990  0       2.8    24     15     
13/09/1990  0       3.1    27     16     
14/09/1990  6.3     4.1    28     17     
15/09/1990  29.5    10.8   28     16     
16/09/1990  47.5    10.3   27     17     
17/09/1990  9.7     10     25     15     
18/09/1990  7       1.4    25     17     
19/09/1990  33      5.5    28     18     
20/09/1990  0       1.6    26     17     
21/09/1990  1.5     1.5    28     15     
22/09/1990  4.6     2.1    28     14     
23/09/1990  0       1.2    27     15     
24/09/1990  0       6.4    28     15     
25/09/1990  0       3.1    29     14     
26/09/1990  0       5.8    29     15     
27/09/1990  0       4.5    29     15     
28/09/1990  0       6.1    30     14     
29/09/1990  0       9.7    29     17     
30/09/1990  0       2.9    34     16     
01/10/1990  0       9.5    30     13     
02/10/1990  0       1.9    26     15     
03/10/1990  0       5.5    27     16     
04/10/1990  0       3      27     16     
05/10/1990  0       4.3    29     14     
06/10/1990  0       4.7    29     18     
07/10/1990  6.3     1.5    27     14     
08/10/1990  0       7.9    29     12     
09/10/1990  6       3.1    30     17     
10/10/1990  0       4.3    25     16     
11/10/1990  0       4.3    26     16     
12/10/1990  0       1.6    30     15     
13/10/1990  0       3.3    28     16     
14/10/1990  0       2.9    30     15     
15/10/1990  0       7      29     14     
16/10/1990  0       1.9    30     15     
17/10/1990  0       7.2    30     16     
18/10/1990  0       4.1    27     15     
19/10/1990  0       5      26     13     
20/10/1990  0.8     3.8    30     14     
21/10/1990  0       4.2    30     16     
22/10/1990  12.5    3.2    30     16     
23/10/1990  20      7.3    28     16     
24/10/1990  18.5    2.8    28     15     
25/10/1990  12      5.9    27     16     
26/10/1990  7.5     4.1    26     15     
27/10/1990  0       2.5    Nulo   15     
28/10/1990  0       6.8    25     11     
29/10/1990  0       3      24     9      
30/10/1990  0       2.4    26     8      
31/10/1990  0       4      25     9      
01/11/1990  0       4      Nulo   8      
02/11/1990  0       5.2    27     9      
03/11/1990  0       4.7    26     10     
04/11/1990  0       3.5    28     10     
05/11/1990  0       2.4    30     10     
06/11/1990  0       1.3    29     13     
07/11/1990  0       4.6    29     11     
08/11/1990  0       4      29     11     
09/11/1990  0       5.6    27     9      
10/11/1990  0       5.2    28     8      
11/11/1990  0       5.1    28     6      
12/11/1990  0       5.6    27     3      
13/11/1990  0       5.5    25     4      
14/11/1990  0       2.6    28     6      
15/11/1990  0       4.5    28     8      
16/11/1990  0       4.4    30     11     
17/11/1990  0       6.2    29     15     
18/11/1990  0       4.6    30     10     
19/11/1990  0       5.3    31     11     
20/11/1990  0       3.6    30     11     
21/11/1990  0       6.6    30     13     
22/11/1990  0       7.6    30     12     
23/11/1990  0       2.8    31     12     
24/11/1990  0       4      30     12     
25/11/1990  0       3.9    29     13     
26/11/1990  0       4.3    30     12     
27/11/1990  0       5.4    30     14     
28/11/1990  0       3.9    30     11     
29/11/1990  0       2.5    30     14     
30/11/1990  0       4.2    Nulo   7      
01/12/1990  0       4.6    28     8      
02/12/1990  0       3.2    30     9      
03/12/1990  0       3      29     9      
04/12/1990  0       3.8    27     10     
05/12/1990  0       3.2    29     9      
06/12/1990  0       3.3    25     8      
07/12/1990  0       4.2    26     6      
08/12/1990  0       4.6    25     7      
09/12/1990  0       4.6    24     5      
10/12/1990  0       2.6    28     5      
11/12/1990  0       2.9    28     6      
12/12/1990  0       2.4    30     6      
13/12/1990  0       3.1    28     8      
14/12/1990  0       5.1    30     8      
15/12/1990  0       2.9    28     9      
16/12/1990  0       3      29     10     
17/12/1990  0       4.2    28     8      
18/12/1990  0       4.1    30     6      
19/12/1990  0       4.4    28     7      
20/12/1990  0       4.1    29     7      
21/12/1990  0       4      29     7      
22/12/1990  0       4.8    27     8      
23/12/1990  0       4      29     7      
24/12/1990  0       4.8    28     6      
25/12/1990  0       2.8    28     7      
26/12/1990  0       2.4    29     6      
27/12/1990  0       1.1    28     7      
28/12/1990  0       5.3    29     10     
29/12/1990  0       4.1    28     10     
30/12/1990  0       4.1    28     7      
31/12/1990  0       4.1    30     8      
01/01/1991  0       4      30     9      
02/01/1991  0       3.2    29     8      
03/01/1991  0       1.5    30     11     
04/01/1991  0       3.4    30     9      
05/01/1991  0       4      29     11     
06/01/1991  0       3.3    29     9      
07/01/1991  0       4.1    29     8      
08/01/1991  0       5.9    29     9      
09/01/1991  0       4.5    24     12     
10/01/1991  0       3      25     7      
11/01/1991  0       3.4    28     4      
12/01/1991  0       4.8    28     5      
13/01/1991  0       4.8    28     5      
14/01/1991  0       4.6    26     4      
15/01/1991  0       4.4    28     4      
16/01/1991  0       3.7    28     4      
17/01/1991  0       3.3    26     3      
18/01/1991  0       5.1    23     6      
19/01/1991  0       4      25     7      
20/01/1991  0       4      27     5      
21/01/1991  0       4.7    29     8      
22/01/1991  1.5     3.2    27     8      
23/01/1991  1.7     3      28     9      
24/01/1991  0       2.9    25     12     
25/01/1991  0       3.6    27     6      
26/01/1991  0       3.7    27     6      
27/01/1991  0       3.9    28     10     
28/01/1991  0       3      25     9      
29/01/1991  0       5      29     10     
30/01/1991  0       5.2    29     7      
31/01/1991  0       7      29     6      
01/02/1991  0       5.1    29     8      
02/02/1991  0       5.9    27     7      
03/02/1991  0       4.7    29     8      
04/02/1991  0       3.9    27     9      
05/02/1991  0       4.7    28     8      
06/02/1991  0       5.4    28     11     
07/02/1991  0       4.1    23     13     
08/02/1991  0       1.9    28     12     
09/02/1991  0       7.1    29     9      
10/02/1991  0       5.5    29     11     
11/02/1991  0       5.6    30     11     
12/02/1991  0       4      31     10     
13/02/1991  0       6.4    30     12     
14/02/1991  0       5.8    31     10     
15/02/1991  0       6.6    31     11     
16/02/1991  0       6.2    31     11     
17/02/1991  0       7.1    31     10     
18/02/1991  0       6      29     7      
19/02/1991  0       6.4    28     8      
20/02/1991  0       8      30     8      
21/02/1991  0       6.7    30     7      
22/02/1991  0       6.9    30     6      
23/02/1991  0       5.9    30     8      
24/02/1991  0       5      30     9      
25/02/1991  0       5.1    30     8      
26/02/1991  0       6      31     10     
27/02/1991  0       7.5    30     11     
28/02/1991  0       8.3    31     10     
01/03/1991  0       8.7    31     9      
02/03/1991  0       7.8    31     8      
03/03/1991  0       8.2    31     9      
04/03/1991  0       8.8    31     6      
05/03/1991  0       7.4    33     8      
06/03/1991  0       5.6    34     9      
07/03/1991  0       7.9    34     9      
08/03/1991  0       7.4    34     8      
09/03/1991  0       5.5    34     9      
10/03/1991  0       7.3    33     10     
11/03/1991  0       5.5    32     13     
12/03/1991  0       6.2    32     12     
13/03/1991  0       5.6    33     11     
14/03/1991  0       7.8    32     11     
15/03/1991  0       8.2    33     11     
16/03/1991  0       9.8    33     12     
17/03/1991  0       9.4    33     12     
18/03/1991  0       9.2    35     10     
19/03/1991  0       6.4    35     12     
20/03/1991  0       8.8    33     12     
21/03/1991  0       10     33     10     
22/03/1991  0       9.3    33     10     
23/03/1991  0       7.4    33     10     
24/03/1991  0       8.2    33     11     
25/03/1991  0       8.1    33     11     
26/03/1991  0       8.2    32     11     
27/03/1991  0       8      33     10     
28/03/1991  0       8.4    33     10     
29/03/1991  0       8.4    33     11     
30/03/1991  0       7.9    32     11     
31/03/1991  Nulo    9.1    34     11     
01/04/1991  0       8.5    32     10     
02/04/1991  0       9.9    33     11     
03/04/1991  0       7.2    34     12     
04/04/1991  0       9.8    33     12     
05/04/1991  0       5.3    32     16     
06/04/1991  0       9.2    32     11     
07/04/1991  0       10.2   32     10     
08/04/1991  0       10.4   32     8      
09/04/1991  0       14.8   32     9      
10/04/1991  0       12.5   32     11     
11/04/1991  0       4.6    30     14     
12/04/1991  0       8.8    32     13     
13/04/1991  0       8.6    32     12     
14/04/1991  0       8.5    33     12     
15/04/1991  0       9      32     14     
16/04/1991  0       7.7    34     12     
17/04/1991  0       9.3    34     12     
18/04/1991  0       10.3   35     13     
19/04/1991  0       8.8    35     12     
20/04/1991  0       10.5   35     13     
21/04/1991  0       10.4   34     12     
22/04/1991  0       8.4    35     12     
23/04/1991  0       8.9    35     13     
24/04/1991  0       6      34     12     
25/04/1991  0       9.4    34     12     
26/04/1991  0       9.1    33     14     
27/04/1991  0       8.4    33     13     
28/04/1991  0       9.4    34     13     
29/04/1991  0       8.3    32     11     
30/04/1991  0       9.3    32     17     
01/05/1991  0       9.2    33     13     
02/05/1991  0       9.4    35     12     
03/05/1991  0       8      32     12     
04/05/1991  0       9      33     13     
05/05/1991  0       10     36     13     
06/05/1991  0       9.2    33     16     
07/05/1991  0       9.6    32     16     
08/05/1991  0       9.2    33     15     
09/05/1991  0       10.2   35     14     
10/05/1991  0       9.4    33     12     
11/05/1991  0       9      33     13     
12/05/1991  0       9.2    33     15     
13/05/1991  0       9.7    34     13     
14/05/1991  0       9.2    33     14     
15/05/1991  0       9      32     12     
16/05/1991  0       7.4    32     12     
17/05/1991  0       9.2    33     11     
18/05/1991  0       9.2    33     12     
19/05/1991  0       9      32     12     
20/05/1991  0       9.4    33     13     
21/05/1991  0       9.7    33     11     
22/05/1991  0       9.8    35     12     
23/05/1991  0       9.8    35     12     
24/05/1991  0       9.2    35     13     
25/05/1991  0       9.3    35     12     
26/05/1991  0       9.4    34     13     
27/05/1991  0       9.6    35     13     
28/05/1991  0       9.4    35     13     
29/05/1991  0       9.4    35     13     
30/05/1991  0       9.2    35     13     
31/05/1991  0       9.3    35     12     
01/07/1991  32      Nulo   28     17     
02/07/1991  26.8    Nulo   30     17     
03/07/1991  15      5.1    26     17     
04/07/1991  10      0.3    23     17     
05/07/1991  20      Nulo   26     18     
06/07/1991  25      Nulo   27     18     
07/07/1991  18      Nulo   26     18     
08/07/1991  8       Nulo   21     18     
09/07/1991  1.2     Nulo   24     17     
10/07/1991  3.5     Nulo   27     17     
11/07/1991  33      7.2    25     18     
12/07/1991  0       1      26     17     
13/07/1991  0       5.8    27     17     
14/07/1991  0       3.7    27     16     
15/07/1991  0       5.9    25     17     
16/07/1991  0       4.9    25     16     
17/07/1991  0       5.7    27     17     
18/07/1991  0       6.5    28     15     
19/07/1991  1       2.1    28     17     
20/07/1991  35      8.7    26     17     
21/07/1991  28      5.8    26     16     
22/07/1991  21      4.4    25     16     
23/07/1991  41      7      27     17     
24/07/1991  32      5.7    26     16     
25/07/1991  2       5      27     16     
26/07/1991  29      3.6    26     16     
27/07/1991  2       0.5    26     17     
28/07/1991  19      3.2    27     16     
29/07/1991  35      10.4   26     15     
30/07/1991  6       4.9    26     15     
31/07/1991  0       6.8    27     16     
01/08/1991  0       5      26     15     
02/08/1991  0       4.4    27     16     
03/08/1991  8.5     7.6    28     16     
04/08/1991  0       5.5    27     15     
05/08/1991  24      5.7    27     17     
06/08/1991  11      5.7    26     16     
07/08/1991  3       2.6    25     15     
08/08/1991  4.7     2.9    26     17     
09/08/1991  0       5.1    26     16     
10/08/1991  5       5      28     15     
11/08/1991  0       7.1    26     14     
12/08/1991  0       6.2    26     16     
13/08/1991  13      9.6    27     17     
14/08/1991  0       4.9    29     13     
15/08/1991  0       6.4    28     18     
16/08/1991  16      2.7    28     17     
17/08/1991  0       5.2    26     15     
18/08/1991  0       6.7    26     14     
19/08/1991  0       5.3    27     17     
20/08/1991  14      3      20     16     
21/08/1991  8       5.3    21     15     
22/08/1991  0       3.9    26     16     
23/08/1991  0       4.5    29     15     
24/08/1991  0       5.8    28     17     
25/08/1991  0       6.8    29     15     
26/08/1991  8.5     4.4    28     14     
27/08/1991  1       6.7    27     16     
28/08/1991  3       2      26     17     
29/08/1991  2       6      28     16     
30/08/1991  0       4.8    28     15     
31/08/1991  0       9      27     13     
01/09/1991  26      Nulo   29     14     
02/09/1991  0       Nulo   26     14     
03/09/1991  2       Nulo   27     17     
04/09/1991  0       Nulo   27     16     
05/09/1991  8.5     Nulo   26     17     
06/09/1991  18      Nulo   25     18     
07/09/1991  6.5     Nulo   27     18     
08/09/1991  4       Nulo   25     17     
09/09/1991  0       Nulo   28     17     
10/09/1991  2       Nulo   27     14     
11/09/1991  1.5     Nulo   24     13     
12/09/1991  0       Nulo   26     17     
13/09/1991  0       Nulo   27     14     
14/09/1991  0       Nulo   25     14     
15/09/1991  18      Nulo   26     15     
16/09/1991  2       Nulo   24     15     
17/09/1991  12      Nulo   25     15     
18/09/1991  7       Nulo   25     15     
19/09/1991  0       Nulo   25     16     
20/09/1991  2.8     Nulo   25     17     
21/09/1991  3       Nulo   26     15     
22/09/1991  0       Nulo   25     14     
23/09/1991  0       Nulo   25     16     
24/09/1991  0       Nulo   26     14     
25/09/1991  0       Nulo   27     14     
26/09/1991  0       Nulo   27     14     
27/09/1991  0       Nulo   25     14     
28/09/1991  7       Nulo   21     12     
29/09/1991  2.5     Nulo   19     14     
30/09/1991  0       Nulo   19     13     
01/10/1991  16      2.6    27     14     
02/10/1991  0       2.6    23     15     
03/10/1991  0       3.2    25     13     
04/10/1991  1.5     1.2    23     16     
05/10/1991  9.5     4.7    27     16     
06/10/1991  0       5      22     16     
07/10/1991  0       1.1    23     15     
08/10/1991  0       2      24     13     
09/10/1991  0       2.5    26     12     
10/10/1991  0       4.1    25     15     
11/10/1991  2.7     3      25     14     
12/10/1991  0       3.7    25     13     
13/10/1991  0       5.3    26     12     
14/10/1991  0       2.8    27     12     
15/10/1991  0       3.6    25     14     
16/10/1991  0       5.8    26     9      
17/10/1991  0       3.8    26     8      
18/10/1991  0       1.4    26     10     
19/10/1991  0       4.8    27     10     
20/10/1991  0       3.3    27     10     
21/10/1991  0       4.2    27     11     
22/10/1991  0       3      27     11     
23/10/1991  0       3.4    27     11     
24/10/1991  0       4.1    29     11     
25/10/1991  0       4.7    28     10     
26/10/1991  0       4.1    28     11     
27/10/1991  0       3.5    25     10     
28/10/1991  0       3.2    27     11     
29/10/1991  0       3.2    27     11     
30/10/1991  0       3      27     12     
31/10/1991  0       2.9    27     12     
01/11/1991  0       3.1    27     11     
02/11/1991  0       3.4    27     11     
03/11/1991  0       3.6    29     12     
04/11/1991  0       4.5    29     12     
05/11/1991  0       4      28     12     
06/11/1991  0       4      27     12     
07/11/1991  0       3.4    27     12     
08/11/1991  0       3.7    26     13     
09/11/1991  0       3.5    26     8      
10/11/1991  0       3.4    27     9      
11/11/1991  0       3.6    26     10     
12/11/1991  0.5     1      22     9      
13/11/1991  0       2.5    23     11     
14/11/1991  0       2.9    22     12     
15/11/1991  0       3      23     11     
16/11/1991  0       3.2    21     12     
17/11/1991  0       2.6    26     10     
18/11/1991  0       2.2    27     11     
19/11/1991  0       3.6    26     9      
20/11/1991  0       2.4    27     7      
21/11/1991  0       3.4    27     7      
22/11/1991  0       3.6    26     5      
23/11/1991  0       2.9    26     6      
24/11/1991  0       3      27     7      
25/11/1991  0       3.3    26     6      
26/11/1991  0       3.2    26     7      
27/11/1991  0       3.8    27     7      
28/11/1991  0       3.6    26     7      
29/11/1991  0       3.3    26     7      
30/11/1991  0       3.9    26     7      
01/12/1991  0       4.3    27     8      
02/12/1991  0       3.3    27     9      
03/12/1991  0       3.2    27     8      
04/12/1991  0       7.2    27     8      
05/12/1991  0       7.2    27     8      
06/12/1991  0       3.4    27     8      
07/12/1991  6       7.9    27     12     
08/12/1991  0       3.2    26     8      
09/12/1991  0       3.2    26     9      
10/12/1991  0       3      27     9      
11/12/1991  0       3.2    26     10     
12/12/1991  0       1.9    26     11     
13/12/1991  0       3      26     10     
14/12/1991  0       3.1    26     10     
15/12/1991  0       3.2    25     11     
16/12/1991  0       3.4    27     11     
17/12/1991  0       2.2    26     10     
18/12/1991  0       2.2    26     11     
19/12/1991  0       1.8    26     10     
20/12/1991  0       2      25     9      
21/12/1991  0       2      26     10     
22/12/1991  0       1.9    25     10     
23/12/1991  0       2      26     9      
24/12/1991  0       1.9    26     10     
25/12/1991  0       1.8    26     10     
26/12/1991  0       2.2    25     11     
27/12/1991  0       2.1    25     9      
28/12/1991  0       1.9    26     10     
29/12/1991  0       2.1    25     10     
30/12/1991  0       1.8    25     10     
31/12/1991  0       2      25     10     
01/01/1992  0       1.8    26     11     
02/01/1992  0       2.5    25     10     
03/01/1992  0       2.4    26     11     
04/01/1992  0       2.1    25     10     
05/01/1992  0       1.8    26     11     
06/01/1992  4.4     2      27     11     
07/01/1992  0       1.5    26     14     
08/01/1992  20      2.6    24     10     
09/01/1992  0       2.1    Nulo   11     
10/01/1992  22      1.4    20     11     
11/01/1992  2       1.4    20     11     
12/01/1992  0       2      23     10     
13/01/1992  0       2      24     14     
14/01/1992  0       2.7    23     12     
15/01/1992  25      3.8    Nulo   10     
16/01/1992  37      2.3    Nulo   10     
17/01/1992  10      1.6    17     8      
18/01/1992  0       3.6    21     11     
19/01/1992  0       2.4    19     9      
20/01/1992  0       2.4    18     9      
21/01/1992  0       2.2    22     10     
22/01/1992  0       2.2    23     10     
23/01/1992  4       1.9    25     10     
24/01/1992  0       2.4    24     9      
25/01/1992  34      1.6    22     10     
26/01/1992  0       2.2    21     10     
27/01/1992  0       2.3    22     10     
28/01/1992  0       1.5    21     9      
29/01/1992  4.5     1.9    20     9      
30/01/1992  0       2      22     9      
31/01/1992  0       1.9    Nulo   10     
01/02/1992  0       2.4    23     6      
02/02/1992  0       2.8    23     7      
03/02/1992  0       2.7    24     6      
04/02/1992  0       3.9    21     8      
05/02/1992  0       3.6    21     4      
06/02/1992  0       2.8    22     3      
07/02/1992  0       4.6    24     2      
08/02/1992  0       4.2    25     4      
09/02/1992  0       3      Nulo   3      
10/02/1992  0       3.2    24     5      
11/02/1992  0       4.2    26     4      
12/02/1992  0       4.2    25     6      
13/02/1992  0       4.2    26     7      
14/02/1992  0       4.3    26     7      
15/02/1992  0       4.4    27     8      
16/02/1992  0       5.1    27     8      
17/02/1992  0       6.7    27     8      
18/02/1992  0       4.5    28     9      
19/02/1992  0       4.9    27     9      
20/02/1992  0       5.1    26     10     
21/02/1992  0       3.5    27     9      
22/02/1992  0       3.4    26     9      
23/02/1992  0       4.3    24     10     
24/02/1992  0       4.5    26     7      
25/02/1992  0       5.1    24     8      
26/02/1992  0       4.8    25     7      
27/02/1992  0       4.6    26     7      
28/02/1992  0       10.8   27     8      
29/02/1992  0       4      Nulo   8      
01/03/1992  0       4      29     8      
02/03/1992  0       4.2    30     8      
03/03/1992  0       3.7    30     8      
04/03/1992  0       6.1    28     9      
05/03/1992  0       7.4    24     6      
06/03/1992  0       5.8    29     7      
07/03/1992  0       6.2    28     9      
08/03/1992  0       6      29     8      
09/03/1992  0       6.2    28     8      
10/03/1992  0       6.4    27     9      
11/03/1992  0       6.8    28     8      
12/03/1992  0       6.2    25     8      
13/03/1992  7.5     5      25     9      
14/03/1992  0       5.1    25     8      
15/03/1992  0       6.2    28     9      
16/03/1992  0       6.3    28     9      
17/03/1992  0       9.2    28     10     
18/03/1992  0       9.3    29     9      
19/03/1992  0       8.9    30     10     
20/03/1992  0       9.2    30     10     
21/03/1992  0       5.7    29     11     
22/03/1992  0       7.2    30     11     
23/03/1992  0       7.4    30     11     
24/03/1992  0       6.4    29     10     
25/03/1992  0       7.2    29     12     
26/03/1992  0       6.8    28     12     
27/03/1992  0       6.2    29     11     
28/03/1992  0       6.9    30     11     
29/03/1992  0       5.2    30     10     
30/03/1992  0       4.8    29     8      
31/03/1992  0       4.8    Nulo   9      
01/04/1992  0       4.2    30     9      
02/04/1992  0       3.8    29     9      
03/04/1992  0       4.1    29     8      
04/04/1992  0       3.5    30     8      
05/04/1992  0       3.6    29     9      
06/04/1992  0       4.8    29     10     
07/04/1992  0       5.2    29     9      
08/04/1992  0       5.2    29     10     
09/04/1992  0       5.1    30     9      
10/04/1992  0       5.4    30     9      
11/04/1992  0       5.5    29     9      
12/04/1992  0       6.8    30     10     
13/04/1992  0       6.2    29     9      
14/04/1992  0       6.4    30     10     
15/04/1992  0       6.6    30     9      
16/04/1992  0       6.9    30     10     
17/04/1992  0       7.1    30     9      
18/04/1992  0       7.3    30     9      
19/04/1992  0       7.8    31     10     
20/04/1992  0       8.8    30     10     
21/04/1992  0       9.2    30     9      
22/04/1992  0       8.2    30     10     
23/04/1992  0       7.2    30     11     
24/04/1992  0       7      31     11     
25/04/1992  0       8      30     11     
26/04/1992  0       9.3    31     11     
27/04/1992  0       9      30     12     
28/04/1992  0       9.9    30     14     
29/04/1992  0       8.4    31     13     
30/04/1992  0       8.8    31     14     
01/05/1992  0       7.9    31     13     
02/05/1992  0       7.9    32     13     
03/05/1992  0       8.2    32     14     
04/05/1992  0       9.5    31     14     
05/05/1992  0       7.9    30     13     
06/05/1992  0       6.1    31     14     
07/05/1992  2       3.7    27     14     
08/05/1992  15      3.9    30     11     
09/05/1992  15      9.4    29     12     
10/05/1992  2.5     1.5    24     10     
11/05/1992  0       6.2    29     13     
12/05/1992  0       4.2    30     15     
13/05/1992  0       4.7    30     15     
14/05/1992  6       7.2    30     14     
15/05/1992  0       8.9    30     13     
16/05/1992  0       9.1    30     13     
17/05/1992  0       6.2    31     14     
18/05/1992  0       7.2    30     13     
19/05/1992  0       6.6    31     11     
20/05/1992  9.7     8.6    30     12     
21/05/1992  0       7      30     12     
22/05/1992  0       5.9    28     12     
23/05/1992  0       6.2    31     14     
24/05/1992  8       6.9    30     14     
25/05/1992  0       4.9    29     13     
26/05/1992  0       4.7    29     14     
27/05/1992  0       5.5    29     15     
28/05/1992  4.5     1.9    29     15     
29/05/1992  0       4.2    29     15     
30/05/1992  0       7      29     15     
31/05/1992  13.5    2.9    30     16     
01/06/1992  1.5     0.9    26     16     
02/06/1992  6.9     2.9    Nulo   17     
03/06/1992  3       0.4    Nulo   Nulo   
04/06/1992  1       3.4    26     17     
05/06/1992  0       4.9    28     18     
06/06/1992  3.5     3.9    30     19     
07/06/1992  1       5.5    30     17     
08/06/1992  0       4.4    29     18     
09/06/1992  0       4.8    30     18     
10/06/1992  5.6     3.2    30     16     
11/06/1992  0       7.4    31     15     
12/06/1992  0       7.2    31     16     
13/06/1992  0       8.2    32     15     
14/06/1992  0       7.2    34     15     
15/06/1992  0       7.3    34     15     
16/06/1992  0       7.2    33     21     
17/06/1992  0       4.2    32     21     
18/06/1992  0       8.9    33     18     
19/06/1992  0       10.5   33     18     
20/06/1992  0       9.1    33     16     
21/06/1992  0       9.5    33     14     
22/06/1992  0       10.2   34     15     
23/06/1992  0       10.6   34     14     
24/06/1992  0       8      34     15     
25/06/1992  4.5     3.4    32     21     
26/06/1992  0       7.4    32     17     
27/06/1992  0       3.2    33     21     
28/06/1992  2.5     3.6    32     16     
29/06/1992  3.5     4.8    32     22     
30/06/1992  2       3.8    33     17     
01/07/1992  0       5.2    33     16     
02/07/1992  0       3.6    33     15     
03/07/1992  0       3.2    32     17     
04/07/1992  4       2.8    30     17     
05/07/1992  9       2.6    29     17     
06/07/1992  8       0.1    29     17     
07/07/1992  2       6      29     16     
08/07/1992  4.2     1.5    26     14     
09/07/1992  0       3.9    28     16     
10/07/1992  12.5    5.3    28     17     
11/07/1992  0       6.1    28     17     
12/07/1992  15.5    6.7    27     15     
13/07/1992  24      4.2    28     18     
14/07/1992  9       0.8    25     16     
15/07/1992  1.5     6.3    26     16     
16/07/1992  0       0.6    21     16     
17/07/1992  0       2.5    28     17     
18/07/1992  0       5.2    28     16     
19/07/1992  0       5.6    28     16     
20/07/1992  5.8     3.3    29     16     
21/07/1992  8.5     5.6    28     15     
22/07/1992  3       0.1    28     16     
23/07/1992  4.5     3.6    27     16     
24/07/1992  10.5    4.5    27     16     
25/07/1992  3       4      27     17     
26/07/1992  1.5     2.9    27     16     
27/07/1992  0       3.3    26     15     
28/07/1992  60.5    3.4    27     16     
29/07/1992  73      0.4    26     14     
30/07/1992  0       10.6   25     14     
31/07/1992  0       2.6    25     16     
01/08/1992  14      6.9    26     14     
02/08/1992  0       0.1    25     14     
03/08/1992  9.5     5      26     16     
04/08/1992  0       4.1    25     16     
05/08/1992  0       4.8    26     16     
06/08/1992  5.7     3.7    26     14     
07/08/1992  0       4.1    27     15     
08/08/1992  0       6.7    28     16     
09/08/1992  0       5      28     15     
10/08/1992  0       4.9    27     16     
11/08/1992  5.5     4.5    26     16     
12/08/1992  0       5.8    27     16     
13/08/1992  0       5.9    27     15     
14/08/1992  13      4.8    27     16     
15/08/1992  0       4.9    27     14     
16/08/1992  30      5      27     15     
17/08/1992  12      2.4    25     16     
18/08/1992  11.5    1.6    24     17     
19/08/1992  14      4.3    25     16     
20/08/1992  0       3.9    27     16     
21/08/1992  9       6.3    27     16     
22/08/1992  45.7    10.9   27     16     
23/08/1992  9       2.2    25     16     
24/08/1992  1.5     0.2    24     16     
25/08/1992  1       3      25     16     
26/08/1992  21      4      27     15     
27/08/1992  12      3.6    26     16     
28/08/1992  24.5    4.3    26     15     
29/08/1992  0       5      27     15     
30/08/1992  1.5     3.5    Nulo   14     
31/08/1992  17      2.8    27     16     
01/09/1992  0       2.3    27     16     
02/09/1992  0       3.2    26     15     
03/09/1992  2       3.1    27     15     
04/09/1992  0       3.7    28     15     
05/09/1992  0       4      27     15     
06/09/1992  0       5.7    27     14     
07/09/1992  0       3.4    27     14     
08/09/1992  0       4.5    26     17     
09/09/1992  3.5     3      26     17     
10/09/1992  4       2.6    26     16     
11/09/1992  0       2.6    26     14     
12/09/1992  6.8     6.3    27     14     
13/09/1992  3.7     2.9    26     17     
14/09/1992  0       2.2    26     17     
15/09/1992  0       2.8    26     18     
16/09/1992  9.5     2      25     18     
17/09/1992  0       6.5    24     15     
18/09/1992  0       3.2    25     16     
19/09/1992  0       3.2    26     15     
20/09/1992  0       4.4    26     15     
21/09/1992  0       3.9    24     17     
22/09/1992  0       3.1    27     18     
23/09/1992  14.8    2.4    26     14     
24/09/1992  7       2.6    22     15     
25/09/1992  1.5     1.3    23     16     
26/09/1992  6.5     3.3    25     16     
27/09/1992  8.8     3.2    26     15     
28/09/1992  0       2.8    25     13     
29/09/1992  0       4.7    24     16     
30/09/1992  0       4.2    24     13     
01/10/1992  0       5.5    25     17     
02/10/1992  0       3.6    25     9      
03/10/1992  0       3.8    25     12     
04/10/1992  2       5      26     13     
05/10/1992  0       2.8    25     13     
06/10/1992  0       3.3    26     13     
07/10/1992  0       2.2    25     13     
08/10/1992  0       3.9    25     14     
09/10/1992  10.5    4.9    Nulo   15     
10/10/1992  34      4.7    23     15     
11/10/1992  0       1.4    26     14     
12/10/1992  1       4.8    26     15     
13/10/1992  0       2.4    26     14     
14/10/1992  6.8     3.8    27     13     
15/10/1992  0       3.7    26     13     
16/10/1992  0       3.5    26     14     
17/10/1992  0       3.1    28     13     
18/10/1992  0       3.2    26     11     
19/10/1992  0       4      27     13     
20/10/1992  0       2.5    26     14     
21/10/1992  0       2.8    25     12     
22/10/1992  0       2.5    27     13     
29/10/1992  2       3.8    25     12     
30/10/1992  4       6.3    27     12     
31/10/1992  0       2.9    27     12     
01/11/1992  0       3.9    26     13     
02/11/1992  0       5      26     11     
03/11/1992  0       4.1    26     11     
04/11/1992  0       2.5    24     11     
05/11/1992  0       4.3    28     9      
06/11/1992  0       5.5    26     10     
07/11/1992  0       3.8    26     13     
08/11/1992  0       3.2    26     12     
09/11/1992  0       2.9    26     15     
10/11/1992  0       2.8    27     14     
11/11/1992  0       2.5    28     14     
12/11/1992  0       4      27     13     
13/11/1992  22      4.4    27     12     
14/11/1992  0       6.1    30     13     
15/11/1992  0       4.2    24     11     
16/11/1992  0       3.9    23     9      
17/11/1992  0       1.9    27     10     
18/11/1992  0       2.1    26     5      
19/11/1992  0       2.5    26     6      
20/11/1992  0       1.8    25     5      
21/11/1992  0       2.2    26     5      
22/11/1992  0       2.8    26     7      
23/11/1992  0       1.9    27     5      
24/11/1992  0       5.1    27     5      
25/11/1992  0       4.4    26     4      
26/11/1992  0       5.3    27     6      
27/11/1992  0       3.9    24     5      
28/11/1992  0       3.1    26     5      
29/11/1992  0       2.9    26     6      
30/11/1992  0       3.2    27     8      
--------------------------------------
