CNA-SMN-CG-GMC-SMAA-CLIMATOLOGIA
BASE DE DATOS CLIMATOLOGICA
DATOS DISPONIBLES EN LA BASE DE DATOS A ENERO 2022

ESTACION  : 14202
NOMBRE    : MEDRANO
ESTADO    : JALISCO
MUNICIPIO : GUADALAJARA
SITUACION : OPERANDO
ORGANISMO : LERMA SANTIAGO PACÍFICO
CVE-OMM   : Nulo
LATITUD   : 020.666°
LONGITUD  : -103.321°
ALTITUD   : 1559 msnm

EMISIÓN   : 02/02/2022      	

		PRECIP	EVAP	TMAX	TMIN
  Fecha     	(MM)	(MM)	(°C)	(°C)
01/01/2014	0.3	0.6	18.1	11.7
02/01/2014	0	1.9	23	10.8
03/01/2014	0	1.9	21.7	11
04/01/2014	0	2.4	23	10.2
05/01/2014	0	2.6	23.8	10.6
06/01/2014	0	2.2	20.4	10.8
07/01/2014	0	2.3	22.1	11.4
08/01/2014	0	2.7	23.7	10.6
09/01/2014	0	3.5	24	10.6
10/01/2014	0.5	3.3	23.9	10
11/01/2014	0.8	3.3	18.1	10.2
12/01/2014	0	3.3	20.1	12.2
13/01/2014	0	1.3	23.2	10.3
14/01/2014	0	3.1	23.6	9.6
15/01/2014	0	3.2	22.1	9.9
16/01/2014	0	2.9	21.2	8.1
17/01/2014	0	3.3	23	8.1
18/01/2014	0	3.9	22.4	8.8
19/01/2014	0	2.8	23.6	9.1
20/01/2014	0	2.9	25.3	10.6
21/01/2014	0	3.7	25.6	11.2
22/01/2014	0	3.5	25.7	10.7
23/01/2014	0	3	25.8	11.1
24/01/2014	0	2.6	26	12.8
25/01/2014	0	2.9	26.3	12.9
26/01/2014	0	3.2	26.4	13.7
27/01/2014	0	3.5	26.5	13.4
28/01/2014	0	3.3	25	13
29/01/2014	0	3.2	24.4	11.3
30/01/2014	0	3.2	25.5	11.2
31/01/2014	0	3.8	25.5	11.9
01/02/2014	0	3.7	24.9	12.5
02/02/2014	0	3.8	26.7	11.3
03/02/2014	0	3.6	27.2	11.5
04/02/2014	0	3.6	26.8	11.7
05/02/2014	0	3.6	27	13.1
06/02/2014	0	3.6	26.5	13.4
07/02/2014	0	3.3	26.3	13.9
08/02/2014	0	4.3	27.5	12.7
09/02/2014	0	5	28.3	12.2
10/02/2014	0	4.9	28.2	12.5
11/02/2014	0	4.9	27.4	13.7
12/02/2014	0	4.9	27.1	12.1
13/02/2014	0	5	28.6	11.5
14/02/2014	0	5.2	28.3	12.2
15/02/2014	0	5.4	28.9	13.9
16/02/2014	0	5.5	29.2	13.4
17/02/2014	0	5.5	29.2	13.4
18/02/2014	0	4.9	28.5	14.2
19/02/2014	0	4.5	28.3	14.9
20/02/2014	0	5	26.2	14.2
21/02/2014	0	4.8	27.7	13.1
22/02/2014	0	4.4	27.5	13.7
23/02/2014	0	3.9	26.8	15.4
24/02/2014	0	4.3	27.8	14.6
25/02/2014	0	3.8	26.1	14.8
26/02/2014	0	4.5	28.2	14.7
27/02/2014	0	5.1	28.3	13.8
28/02/2014	0	6.5	28.8	14.3
01/04/2014	0	5.9	31.1	17.1
02/04/2014	0	6.5	31.4	16.7
03/04/2014	0	6.2	30.1	16.8
04/04/2014	0	6.6	31.7	15.3
05/04/2014	0	6.2	31.3	15.9
06/04/2014	0	5.7	29.8	16.3
07/04/2014	0	6.4	29.3	16.9
08/04/2014	0	6.8	29.3	17.6
09/04/2014	0	6.8	29	16.4
10/04/2014	0	6.4	31.6	17.3
11/04/2014	0	6.4	32.1	17.8
12/04/2014	0	6.4	32.8	18.1
13/04/2014	0	6.7	32	18.3
14/04/2014	0	6.4	32.2	17.5
15/04/2014	0	5.7	31.9	16.4
16/04/2014	0	4.4	30.3	18.2
17/04/2014	0	5.2	29.3	17.2
18/04/2014	0	5.5	31.2	17.6
19/04/2014	0	4.9	30.6	18.6
20/04/2014	0	5.3	30.4	19.7
21/04/2014	0	5.7	32.1	19.2
22/04/2014	0	6.3	32.3	18.6
23/04/2014	0	6.5	31.4	17.8
24/04/2014	0	6.5	30.8	19
25/04/2014	0	5.9	30.5	19.3
26/04/2014	0	4.6	29.1	18.9
27/04/2014	0	5.3	29.8	17.7
28/04/2014	0	5.9	31.4	17.8
29/04/2014	0	6.2	30.7	18
30/04/2014	0	7.2	31.1	19.2
01/05/2014	0	5.5	30.1	18.8
02/05/2014	0	5.1	29.2	18.4
03/05/2014	0	4.9	30.4	18.6
04/05/2014	0	4.7	31.4	18.8
05/05/2014	0	5.3	32.2	19.2
06/05/2014	0	4.6	32.1	19.3
07/05/2014	6.8	0.9	21.8	19
08/05/2014	0	2.3	27.6	15.9
09/05/2014	0	3.7	29.6	17.7
10/05/2014	0	4.4	31.1	18.3
11/05/2014	0	4.4	31.2	19.8
12/05/2014	0	4.4	31.3	19.7
13/05/2014	0	3.8	30.8	19.7
14/05/2014	1.5	4.3	32.1	18.7
15/05/2014	1	3.8	28.8	16.5
16/05/2014	0	5.8	30.6	17.3
17/05/2014	0	6.1	32.1	17.8
18/05/2014	1	6.5	32.2	19.1
19/05/2014	2.5	4.6	31.3	19.2
20/05/2014	0	4.8	32.6	19
21/05/2014	0	3.7	30.3	20
22/05/2014	1	2.8	29.1	19.4
23/05/2014	0	2.8	28.7	16.6
24/05/2014	8.1	2.5	27.5	18.8
25/05/2014	0	3.3	29.6	19.1
26/05/2014	3	2.3	29.4	20.4
27/05/2014	31.7	2.2	29.5	16.3
28/05/2014	0	1.8	25.7	16.8
29/05/2014	0.3	1.5	25.3	17.9
30/05/2014	0	1.5	31.6	18.7
31/05/2014	0	5.4	31.6	19.4
01/06/2014	0	4.4	31.5	19.7
02/06/2014	0	5.1	31.6	21
03/06/2014	0	4.6	29.9	19.8
04/06/2014	0.8	3.7	31.3	20.1
05/06/2014	3.8	2.2	31	19.4
06/06/2014	2.8	1.9	29.7	18.9
07/06/2014	0	1.9	28.9	17.7
08/06/2014	1	2.1	30.4	19.6
09/06/2014	3	1.9	29.6	20.8
10/06/2014	10.9	2.4	30.3	17.9
11/06/2014	0	2.4	30.7	19.1
12/06/2014	0	2.4	31.6	20.7
13/06/2014	7.4	3	31.2	21
14/06/2014	70.3	2.2	30.7	20.1
15/06/2014	7.8	2.6	30.4	14.7
16/06/2014	23.1	2.1	28.8	17.1
17/06/2014	1.5	1.9	29.5	17.2
18/06/2014	0.3	2.7	29.1	17.4
19/06/2014	57.9	1.5	28.3	18.3
20/06/2014	0	1.2	25.3	17.1
21/06/2014	0.3	1.7	26.4	17.7
22/06/2014	7.4	1.6	27.6	18.6
23/06/2014	16.2	0.9	26.6	19.3
24/06/2014	2	1.4	28.7	18.5
25/06/2014	1.5	1.6	27.6	17.1
26/06/2014	0	1.1	25.4	18.2
27/06/2014	22.1	1.3	27	19.3
28/06/2014	0	1.9	26.9	16.8
29/06/2014	4	2	27.6	18.1
30/06/2014	0	4.8	24.2	17.2
01/07/2014	0.3	0.9	23.8	18.3
02/07/2014	2.8	1.3	26.4	18.7
03/07/2014	0.5	1.4	25.9	16.7
04/07/2014	33	0.9	26.4	17.8
05/07/2014	0.5	2.4	26.7	17.1
06/07/2014	19.8	2	27.9	18.6
07/07/2014	16.3	1.4	25.6	15.6
08/07/2014	2	1.8	27.7	16.5
09/07/2014	0	2.1	28.1	18.1
10/07/2014	0	2.3	29.2	19.2
11/07/2014	36.6	2.3	27.8	17.4
12/07/2014	20.3	2.3	26.1	16.7
13/07/2014	0	1.6	28.1	16.6
14/07/2014	11.2	2.3	28.7	15.9
15/07/2014	0	2.2	28.3	15.6
16/07/2014	6.1	1.3	27	17.9
17/07/2014	0	1.7	27.6	17.1
18/07/2014	1.5	2.8	28.8	18.2
19/07/2014	0	1.4	25.7	17.3
20/07/2014	0	3	29.3	17.7
21/07/2014	0	4	30.9	18.8
22/07/2014	0	4	30.9	19.2
23/07/2014	0	4.6	30.9	19.2
24/07/2014	7.1	2.7	27.2	18.7
25/07/2014	0	2.7	28.3	15.8
26/07/2014	0	2.6	29.4	17.3
27/07/2014	10.7	1.8	27.9	19.3
28/07/2014	3	2.2	29.6	16.8
29/07/2014	0	2.3	28.5	15.7
30/07/2014	9.9	2.3	28	17.7
31/07/2014	2.5	4.7	28	15.9
01/08/2014	6.3	2.1	28.7	18.9
02/08/2014	0.3	3.5	29.6	17.3
03/08/2014	0	3.5	28.9	18.5
04/08/2014	24.4	2.5	28.6	18.5
05/08/2014	26.9	1.8	29.1	15.8
06/08/2014	16.5	1.4	27.7	16.4
07/08/2014	2.5	1.3	25.6	16
08/08/2014	0	1.9	28.5	17.2
09/08/2014	22.3	1.2	26.6	16.9
10/08/2014	0.5	1.8	27.2	15.9
11/08/2014	0	1.8	27.7	17
12/08/2014	0.5	1.8	26.9	18.6
13/08/2014	1	2	26.6	17.8
14/08/2014	0	1.7	26.4	17.5
15/08/2014	0	2.1	27.9	16.6
16/08/2014	4.3	1.4	27.3	17.7
17/08/2014	0	2.2	27.7	17.1
18/08/2014	43.1	2.6	27.3	17.8
19/08/2014	0.5	1.3	26.4	15.9
20/08/2014	0	1.3	25.2	16.3
21/08/2014	12.2	1.7	27.7	17.4
22/08/2014	0.3	1.9	26.7	17
23/08/2014	1.5	1.8	27.4	17.3
24/08/2014	37.1	2.7	26.8	15.8
25/08/2014	0	1.7	26.8	15.4
26/08/2014	0	2	28.7	17.3
27/08/2014	0	3.1	28.9	18.9
28/08/2014	0	2.3	29.7	19.5
29/08/2014	0	1.7	29.6	20.3
30/08/2014	0	1.7	27.8	18.1
31/08/2014	24.9	4.8	27.2	18.7
01/09/2014	3	1.5	28.1	16.6
02/09/2014	0	1.4	25.1	17.7
03/09/2014	0	1.3	25.2	17.6
04/09/2014	0	1.4	25.2	18.2
05/09/2014	48.2	1.1	26.3	17.3
06/09/2014	3.8	1	26.6	16.7
07/09/2014	6.6	1.5	27.3	15.8
08/09/2014	0.3	2.1	26.1	16.6
09/09/2014	0.5	1.5	27.2	17.4
10/09/2014	17	1.6	28.2	18.8
11/09/2014	2.3	1.6	27.7	16.3
12/09/2014	29.2	1.6	27	16.7
13/09/2014	0	1.6	22.2	17
14/09/2014	0	1.3	23.7	17.6
15/09/2014	0.8	1.7	27.1	17.9
16/09/2014	1.8	1.8	27.3	17.3
17/09/2014	1.3	1	25.9	18.7
18/09/2014	0.3	1.2	23.9	18.3
19/09/2014	0	1.8	25.3	16.8
20/09/2014	0	2.2	27.4	16.1
21/09/2014	0	1.9	27.3	16.6
22/09/2014	4.6	1.2	26.4	18.1
23/09/2014	9.1	0.9	26.1	17.7
24/09/2014	24.8	1.6	26.5	17.7
25/09/2014	0	1.6	26.9	16.8
26/09/2014	36.8	1	27.4	17.5
27/09/2014	0.5	1.4	27.5	17.1
28/09/2014	0	1.4	28.2	18.7
29/09/2014	67.6	1.8	27.4	18.6
30/09/2014	0.3	4.5	26.2	15.4
01/10/2014	1.8	1.2	27.3	16.8
02/10/2014	2	1.1	26.2	18.7
03/10/2014	7.1	0.8	26.3	17.2
04/10/2014	0.3	0.9	24.9	17.4
05/10/2014	20.6	0.9	25.6	17.8
06/10/2014	2.3	0.5	23.6	17.4
07/10/2014	0	1.6	27.5	17.9
08/10/2014	0	3.4	27.2	15.7
09/10/2014	0	2.7	27.7	15
10/10/2014	0	2.9	28.1	16.4
11/10/2014	0.3	2.9	27.9	18.5
12/10/2014	0	2.9	26.2	16.7
13/10/2014	0	1.6	27.7	17.7
14/10/2014	0	2.7	27.9	17.9
15/10/2014	0	3	27.8	15.8
16/10/2014	0	3.5	29.3	16.1
17/10/2014	0	3.5	28.9	17.2
18/10/2014	0	3.8	28.3	15.8
19/10/2014	11.1	2	26.9	16.9
20/10/2014	0	1.4	25.8	17.2
21/10/2014	0	2.1	26.9	17.9
22/10/2014	0	2.2	26.9	17.4
23/10/2014	0	2.8	28.3	17.6
24/10/2014	0	2.7	27.3	17.3
25/10/2014	0	3.1	26.6	16
26/10/2014	0	3.5	26.8	14.2
27/10/2014	0	2.8	27.6	14.6
28/10/2014	0	2.2	28.2	16.1
29/10/2014	0	3	28.1	16.5
30/10/2014	0	3	28.2	16.3
31/10/2014	0	4.9	25.9	14.3
01/11/2014	0	3	26	13.1
02/11/2014	0	2.5	24.6	12.8
03/11/2014	0	2.5	25.8	13.4
04/11/2014	8.3	2	24.4	15.1
05/11/2014	2.5	0.3	18.3	15.9
06/11/2014	0	1.5	24.7	14.2
07/11/2014	0	1.9	26.8	15.3
08/11/2014	0	2.3	25.5	17.6
09/11/2014	0	2.3	23.7	13.9
10/11/2014	11.9	0.8	21.9	14
11/11/2014	6.8	0.8	17.6	15.2
12/11/2014	0	0.8	23.8	14.4
13/11/2014	0	0.1	24.8	14.3
14/11/2014	0	2	25.9	13.5
15/11/2014	0	2.1	25.6	14.8
16/11/2014	0	2.6	25.8	14.2
17/11/2014	0	3.1	25.8	12.6
18/11/2014	0	3.3	24.3	12.9
19/11/2014	0	2.5	23.6	12.9
20/11/2014	0	2.6	25.8	14.2
21/11/2014	0	1.9	24.8	14.5
22/11/2014	0	1.7	24.3	14.8
23/11/2014	0	2.7	25.6	13.6
24/11/2014	0	2.2	24.6	13.6
25/11/2014	0	3.7	24	12.2
26/11/2014	0	4	24.9	7.3
27/11/2014	0	4.5	25.2	8.5
28/11/2014	0	3.6	22.4	7.1
29/11/2014	0	3.4	25	8.4
30/11/2014	0	4.4	27.1	10.8
01/12/2014	0	4.3	27.3	10.9
02/12/2014	0	3.3	26.1	11.5
03/12/2014	0	3.4	25.7	11.2
04/12/2014	0	3.5	26.3	12
05/12/2014	0	3.3	26.3	12.4
06/12/2014	0	3.6	26.3	13
07/12/2014	0	2.7	25.6	12.8
08/12/2014	0	2.9	24.9	12.9
09/12/2014	0	2.7	23.1	11.7
10/12/2014	0	2	21.6	12.7
11/12/2014	0	2	21.6	12.9
12/12/2014	0	2	23.1	13.6
13/12/2014	0.3	2.2	23	14.1
14/12/2014	0	1.7	23.7	14.7
15/12/2014	0	2.1	24.7	13.7
16/12/2014	0	2.4	25.4	12.7
17/12/2014	0	2.7	25.1	13.2
18/12/2014	0	3.5	25.9	14.2
19/12/2014	0	3.3	26.2	13.6
20/12/2014	0	3.9	26.3	13.9
21/12/2014	0	3.2	24.4	14.4
22/12/2014	0	2.9	23.8	11.3
23/12/2014	0	2.5	21.3	11.7
24/12/2014	0	3.9	21.6	8.9
25/12/2014	0	2	19.1	9.8
26/12/2014	0	2.2	22.7	10.2
27/12/2014	0	1.3	21.7	10.7
28/12/2014	0	1.8	22.3	13.7
29/12/2014	0	2.9	26.1	12
30/12/2014	0	2.9	27.1	12.6
31/12/2014	0	4.9	27	13.1
01/01/2015	0	2.7	24.9	13.6
02/01/2015	0	2.5	22.9	13.1
03/01/2015	0	2.3	22.9	13.2
04/01/2015	0	2.3	21.6	12.8
05/01/2015	0	2.4	18.2	12.2
06/01/2015	0	2.6	23.4	11.7
07/01/2015	0	2.7	25.2	11.9
08/01/2015	0	2.4	21.8	13.7
09/01/2015	0	2.7	23.2	12.1
10/01/2015	0	2.6	24	11.3
11/01/2015	0	2.6	24.3	11.2
12/01/2015	0	2.6	25	10.9
13/01/2015	0	3.1	24	11.2
14/01/2015	0	3.6	25.7	11.5
15/01/2015	0	3.7	25.7	12.2
16/01/2015	0	3.3	26	12.4
17/01/2015	0	3.3	25.3	12.8
18/01/2015	0	4	25.8	12.9
19/01/2015	0	3.8	26.2	13.6
20/01/2015	0	4.2	27.1	12.8
21/01/2015	0	3.5	25.8	13.4
22/01/2015	0	2.4	24.3	13.7
23/01/2015	0	3	25	13.1
24/01/2015	0	3.3	23.8	13.2
25/01/2015	0.3	1.7	21.9	13.4
26/01/2015	0.8	2	22.7	14.9
27/01/2015	0	4	28.1	14.5
28/01/2015	0	4.5	28.2	13.7
29/01/2015	0	4.9	28.5	13.8
30/01/2015	0	4.9	25.2	14.1
31/01/2015	0.5	4.9	23.4	14.2
01/02/2015	2	1.4	19.4	13.1
02/02/2015	3	1.2	19	13.1
03/02/2015	0	1.6	21.5	13
04/02/2015	0	2.9	23.4	9.3
05/02/2015	0	3.7	24.7	9.7
06/02/2015	0	3.3	24.6	11.2
07/02/2015	0	4.2	26.3	10.6
08/02/2015	0	4.1	28.1	10.7
09/02/2015	0	5	27	12.2
10/02/2015	0	4.4	26.3	12
11/02/2015	0	4.4	25.4	12.4
12/02/2015	13.4	4.4	24.1	13.3
13/02/2015	4.5	3.1	16.7	11.5
14/02/2015	0	1.1	17.9	11.5
15/02/2015	0	1.5	20.4	12.3
16/02/2015	0	2.1	22.9	12.7
17/02/2015	0	2.6	24.5	13.7
18/02/2015	0	4.2	28.7	12.3
19/02/2015	0	3.5	28.9	12.9
20/02/2015	0	4.1	27.3	14.8
21/02/2015	0	4.5	29.7	13.6
22/02/2015	0	4.5	29.2	14.4
23/02/2015	0	5.2	31.4	14.7
24/02/2015	0	3.8	29.4	16.5
25/02/2015	0	4.9	28.2	15.6
26/02/2015	0	4.5	27.6	14.3
27/02/2015	0	4.9	27.5	12.6
28/02/2015	0	5.7	28.2	12.6
01/03/2015	0	4.6	28.3	13.1
02/03/2015	0	4.7	29.4	14.4
03/03/2015	0	5	28.6	15.1
04/03/2015	0	4	26.6	14.8
05/03/2015	0	4.1	26.1	15.3
06/03/2015	0	3.8	28.8	15.8
07/03/2015	0	3.7	27.9	15.5
08/03/2015	0	3.7	27.6	15.6
09/03/2015	1.3	1.9	22.4	16.9
10/03/2015	12.4	0.8	17.9	11.4
11/03/2015	1	0.8	20.1	9.1
12/03/2015	0	0.8	22.7	8.3
13/03/2015	1	1.6	23.9	8.9
14/03/2015	3.8	0.8	16.4	13.3
15/03/2015	8.3	0.8	15.6	10.7
16/03/2015	50.7	0.3	16.9	11.5
17/03/2015	0	0.9	21.3	11.8
18/03/2015	0	2.6	24.1	11.5
19/03/2015	1.3	1.9	25.7	12.3
20/03/2015	0	1.8	24.3	14.8
21/03/2015	0	1.9	25.8	15.7
22/03/2015	0	3	27.1	15.3
23/03/2015	0	4.1	28.7	14.8
24/03/2015	0	4.5	28.6	15.2
25/03/2015	0	3.8	27.6	17.1
26/03/2015	0	4.7	28.7	14.9
27/03/2015	0	4.3	27.4	16.2
28/03/2015	0	4.1	27.8	16.2
29/03/2015	0	4.6	29.7	15.9
30/03/2015	0	4.6	29.1	16.4
31/03/2015	0	4.3	28.2	16.9
01/04/2015	0	4.7	29.3	15.9
02/04/2015	0	4.7	30.1	16.3
03/04/2015	0	4.5	29.7	17.6
04/04/2015	1	4.4	31.2	18.8
05/04/2015	0	4.1	30.2	17.3
06/04/2015	0	5.3	31.4	18.1
07/04/2015	0	5	31.8	17.9
08/04/2015	0	4.1	30.7	19.2
09/04/2015	0	4.2	31.3	18.4
10/04/2015	0	3.5	30.1	18.4
11/04/2015	0	3.5	28.4	19.3
12/04/2015	0	3.5	27.7	18.6
13/04/2015	0	3.2	26.1	17.4
14/04/2015	0	3.6	28.8	18
15/04/2015	0	3.6	28.7	17.2
16/04/2015	0	4	30.3	17.4
17/04/2015	0	4.3	29.8	18.1
18/04/2015	0	5.3	29.6	17.7
19/04/2015	0	4.1	28.7	17.3
20/04/2015	0	4.5	30.6	16.8
21/04/2015	0	4.6	31.1	17.8
22/04/2015	0	4.7	31.8	18.9
23/04/2015	0	3.9	30.6	19.3
24/04/2015	0	3.5	29.2	19.1
25/04/2015	0	4.1	29.7	19.6
26/04/2015	0	3.9	29.2	19.2
27/04/2015	0	3.4	28.9	19.1
28/04/2015	0	4.2	29.8	18.6
29/04/2015	0.3	2.2	24.1	17
30/04/2015	0	2.2	28.7	15.7
01/05/2015	0	4	28.9	17
02/05/2015	0	3.9	29.3	18.1
03/05/2015	0	5	29.4	16.3
04/05/2015	0	5.2	30.9	16.6
05/05/2015	0	5.2	32.3	17.8
06/05/2015	0	4.9	30.3	20.5
07/05/2015	0	4.6	32.4	19.1
08/05/2015	0	6.1	32.9	18.8
09/05/2015	0	6.1	33.8	20.1
10/05/2015	0	5.3	32.6	20.1
11/05/2015	0	5.3	32.7	19.9
12/05/2015	0.5	5.3	30.5	20.2
13/05/2015	0	5.4	29.3	18.2
14/05/2015	0	5	31.7	18.7
15/05/2015	0	5.1	30.7	19.5
16/05/2015	0	4.2	30.9	20.1
17/05/2015	0	4.8	32.1	18.6
18/05/2015	0	6.6	33.6	19.8
19/05/2015	0	3.7	31.8	20.7
20/05/2015	0	4.6	32.5	18.7
21/05/2015	0.3	4.1	31.9	20.1
22/05/2015	1.8	3.5	31.4	18.3
23/05/2015	0	3.1	30.9	18.7
24/05/2015	0	3.4	30.7	20.2
25/05/2015	0	4.4	31.4	19.4
26/05/2015	0	5.5	32.3	19.9
27/05/2015	2.8	3.6	32.2	20.2
28/05/2015	8.4	2.7	30.2	18.6
29/05/2015	50.8	1.9	28.3	16.7
30/05/2015	0.5	2.4	27.6	16.6
31/05/2015	0.5	3.4	27.6	17
01/06/2015	0	2.6	25.8	17.4
02/06/2015	0	3.1	30.8	18.7
03/06/2015	0	3.3	29.8	19.6
04/06/2015	0	3.4	30.7	18.6
05/06/2015	0	3	28.4	20.2
06/06/2015	0	3.1	28.8	20.6
07/06/2015	0	3.1	30.7	19.8
08/06/2015	0	3.3	29.6	20.7
09/06/2015	0	3.3	31.4	21.3
10/06/2015	0	3	30.6	20
11/06/2015	5.8	3	32.4	20.9
12/06/2015	2	3	30.4	18.3
13/06/2015	6.9	2	30	18.2
14/06/2015	0	2.3	31	19
15/06/2015	9.4	1.6	27.5	17.9
16/06/2015	0.3	2	25.3	17.1
17/06/2015	0	2.5	26.5	17.7
18/06/2015	53.6	4.2	29	20.1
19/06/2015	45.2	1	24.8	16.4
20/06/2015	1.3	0.6	24.2	16.8
21/06/2015	0	2.2	28.2	17.1
22/06/2015	8.9	2.4	29.6	19.1
23/06/2015	55.3	1.4	27.8	16.4
24/06/2015	0.3	1.7	26.8	16
25/06/2015	0.3	1.6	27.4	17.7
26/06/2015	5.3	2	29.2	18.1
27/06/2015	0	2	27.8	16.5
28/06/2015	37.8	1.1	27.2	17.8
29/06/2015	6.1	1.1	26.1	17.1
30/06/2015	0.3	5.7	28.6	17.8
01/07/2015	5.1	2.2	27.8	18.8
02/07/2015	0.3	2.1	28.2	17.1
03/07/2015	5.6	1	23.8	17.9
04/07/2015	5.6	0.9	22.8	17.8
05/07/2015	5.6	1.6	26.7	18.6
06/07/2015	30.2	1.1	27.7	18.9
07/07/2015	24.4	1.2	27.7	17.3
08/07/2015	21.8	0.9	24.2	16.6
09/07/2015	8.9	1.7	27.1	15.3
10/07/2015	2	1.8	26	14.6
11/07/2015	0	1.8	26.3	16.3
12/07/2015	17.3	1.8	27.4	17.4
13/07/2015	0	2.4	26.1	17.8
14/07/2015	0	2.5	26.3	17.3
15/07/2015	0	2.2	26.9	17.7
16/07/2015	21.9	2.3	28.3	17.8
17/07/2015	0.8	1.7	26.9	15.2
18/07/2015	21.6	2.2	27.8	17.1
19/07/2015	89.4	1.1	27.4	17.4
20/07/2015	44.7	1.3	25.9	15.9
21/07/2015	10.4	1.2	27	14.6
22/07/2015	0.3	1.2	27.1	15.9
23/07/2015	23.9	1.4	27.9	18.4
24/07/2015	0	2.5	26.4	16.4
25/07/2015	0	2.8	29.8	17
26/07/2015	27.4	2.1	29.3	18.9
27/07/2015	7.1	1.7	29.6	16.6
28/07/2015	0	2.3	29.9	17.4
29/07/2015	0	2.9	29.8	18.6
30/07/2015	17.3	2.9	28.8	20.3
31/07/2015	0	5.5	28.7	18.1
01/08/2015	0	3	29.3	19.3
02/08/2015	1.5	1.6	28.4	19.6
03/08/2015	0	1.9	28.1	17.9
04/08/2015	3	2	29.2	18.3
05/08/2015	1.3	2.4	29.7	17.7
06/08/2015	40.4	2.1	29	18.3
07/08/2015	2.3	1.8	28.3	15.9
08/08/2015	0.8	1.6	28.1	16.5
09/08/2015	0	2.1	27.7	18.3
10/08/2015	63.5	1.8	30.1	18.9
11/08/2015	0.3	1.8	27.7	16.3
12/08/2015	0	1.8	28.1	18.6
13/08/2015	0	2.4	27.2	18.7
14/08/2015	0	2.6	28.2	18.8
15/08/2015	0	3	29.5	18.8
16/08/2015	7.4	1	24.4	20.3
17/08/2015	19.1	1.4	27.3	17.5
18/08/2015	12.7	2.1	26.4	16.6
19/08/2015	0	1.7	27.8	18.1
20/08/2015	0	1.3	25.8	18.8
21/08/2015	0	2.2	29.3	19.2
22/08/2015	7.6	1.1	25	18.3
23/08/2015	9.1	0.7	26.1	17.6
24/08/2015	1.5	2.5	28.8	17.1
25/08/2015	0	2.2	28.3	17.2
26/08/2015	0.3	2.1	27.7	17.6
27/08/2015	0	2.8	28.5	17.7
28/08/2015	0	3.2	28.4	17.9
29/08/2015	0	3.9	29.4	18.7
30/08/2015	25.1	7.2	30.4	18.2
31/08/2015	9.9	5	26.3	16.8
01/09/2015	21.1	1	26.9	16.8
02/09/2015	0	1.3	26.8	17.1
03/09/2015	23.4	1.6	28.3	18.5
04/09/2015	0	1.3	26.8	16.4
05/09/2015	29.7	1.1	27.4	17.9
06/09/2015	0	1.8	28.1	17.7
07/09/2015	0	2	28.1	19.1
08/09/2015	0	1.7	28.7	19.3
09/09/2015	29.7	1.6	29.6	19.2
10/09/2015	2.8	1.1	27.1	15.3
11/09/2015	2.5	1.1	26	17.3
12/09/2015	0	1.1	27.2	17.5
13/09/2015	0.3	1.1	27.3	18.6
14/09/2015	35.8	1.3	27.2	17.7
15/09/2015	12.4	1.2	28.5	17.4
16/09/2015	4.8	0.9	26.8	16.8
17/09/2015	0	1.4	26.7	17.7
18/09/2015	0	1.8	28.1	19.2
19/09/2015	0	1.6	28.3	19.2
20/09/2015	2.5	1.6	28.4	19.7
21/09/2015	0	2.1	28.9	17.1
22/09/2015	0	2.7	28.6	18.4
23/09/2015	0	2.9	27.8	17.6
24/09/2015	0	2.1	28.4	17.8
25/09/2015	3	1.8	27.3	18.9
26/09/2015	0	2.4	26.8	16.9
27/09/2015	0	2.4	27.3	17
28/09/2015	0	2.6	27.8	17.8
29/09/2015	0	2.8	27.9	18.1
30/09/2015	0	2.8	27.8	17.5
01/10/2015	0	3.3	27.6	17.1
02/10/2015	0	3.9	28.1	15.6
03/10/2015	0	2.6	26.9	15.7
04/10/2015	0.8	0.9	22.8	16.1
05/10/2015	0	1.6	27.3	16.9
06/10/2015	10.1	1.6	29.3	17.2
07/10/2015	0	1.9	28.7	17.1
08/10/2015	0	1.7	27.6	17.1
09/10/2015	0	2.4	28.1	17.4
10/10/2015	0	2.4	27.4	17.8
11/10/2015	0	2.4	29.1	17.7
12/10/2015	0	2.4	29.4	17.4
13/10/2015	0	2.7	30.8	18.8
14/10/2015	0	3.1	28.1	18.8
15/10/2015	0	3.5	27.9	16.3
16/10/2015	0	3.3	26.9	16.1
17/10/2015	0	2.8	27.3	15.9
18/10/2015	0	2.5	25.3	15.6
19/10/2015	0	3.1	27.8	14.6
20/10/2015	0	3.9	29.3	14.6
21/10/2015	0	3.8	30.1	15.5
22/10/2015	11.1	1.2	26.1	18
23/10/2015	34.5	0.2	19.4	17.2
24/10/2015	0.8	1.4	20.3	16.7
25/10/2015	0	2.3	26.8	15.9
26/10/2015	0	2	26.4	15.8
27/10/2015	10.9	1	26.4	16.2
28/10/2015	0	1.3	26.6	18.6
29/10/2015	14.5	1.3	25.8	17.6
30/10/2015	14.2	1.3	25.3	17.3
31/10/2015	0	4.1	25.3	16.4
01/11/2015	0	2.3	25.1	14.8
02/11/2015	0	1.7	23.4	14.5
03/11/2015	0	1.4	25.1	16
04/11/2015	0	1.9	27.9	15.9
05/11/2015	0	2.3	28.6	16.7
06/11/2015	0	2.1	29.4	17.8
07/11/2015	0	2	28.6	18.6
08/11/2015	0	2.7	28.4	18.3
09/11/2015	0	2.5	28.7	18.3
10/11/2015	0	3.1	29.4	17.7
11/11/2015	0	3.1	29.6	17.7
12/11/2015	0	3.1	29.3	16.5
13/11/2015	0	3.4	27.2	16
14/11/2015	0	2.7	27.2	15.4
15/11/2015	0	2.7	26.6	14.7
16/11/2015	7.1	2.1	27.7	15.6
17/11/2015	0	2.3	25.9	16.8
18/11/2015	0	3.6	27.1	16.3
19/11/2015	0	3	27.1	15.7
20/11/2015	0	2.2	27.2	15.7
21/11/2015	0	2.5	28.6	18.2
22/11/2015	0	3	28.1	16.3
23/11/2015	0	3.4	27.7	15.1
24/11/2015	0	3.3	27.3	15.8
25/11/2015	0	2.4	26.3	16.3
26/11/2015	0	1.2	23.2	17.3
27/11/2015	2.3	0.5	18.5	17.5
28/11/2015	0	1.9	26.4	15
29/11/2015	0	2.1	27.4	15.2
30/11/2015	0	4.7	28.3	15.9
01/12/2015	0	1.5	25.3	16.4
02/12/2015	0	2.1	25.5	15.7
03/12/2015	0	2	22.9	15.8
04/12/2015	0	2.5	24.7	13
05/12/2015	0	2.8	25.6	13.3
06/12/2015	0	3.2	25.7	13.3
07/12/2015	0	2.7	23.6	11.6
08/12/2015	0	2.5	23.9	12.1
09/12/2015	0	2.9	24.9	14.2
10/12/2015	0	3.4	26.2	13.7
11/12/2015	0.5	3.4	23.2	13.3
12/12/2015	18.9	3.4	18.4	13.8
13/12/2015	0	2.7	22.9	13.3
14/12/2015	0.3	2.2	24.2	10.5
15/12/2015	0	2.5	24.5	10.4
16/12/2015	0	2.4	24.6	11.4
17/12/2015	0	3.2	25.3	11.9
18/12/2015	0	3.2	23.7	12.4
19/12/2015	0	2.2	23.8	10.4
20/12/2015	0	2.3	24.8	10.9
21/12/2015	0	2.7	25.7	14
22/12/2015	0	2.7	24.2	14.4
23/12/2015	0	3.1	25.2	13.1
24/12/2015	0	3.1	24.9	12.7
25/12/2015	0	3.1	25.8	12.4
26/12/2015	0	2.5	25.1	12.3
27/12/2015	0	2.6	23.9	13.2
28/12/2015	0	3.1	24.7	11.7
29/12/2015	0	2	24.7	11.7
30/12/2015	0	2	25.5	12.5
31/12/2015	0	4.4	23.9	14.7
01/01/2016	0	2.3	27.6	14.7
02/01/2016	0	2.2	25.6	14.8
03/01/2016	0	3.8	25.3	14.6
04/01/2016	0	3.8	24.2	15.2
05/01/2016	0	3.2	23.4	12.2
06/01/2016	0	2.8	22.3	11.2
07/01/2016	0	3	21.4	11.7
08/01/2016	0	3.3	22.5	9.3
09/01/2016	0	3.2	21.9	8.7
10/01/2016	0	3.9	24.1	8.7
11/01/2016	0	3.9	23.4	8.7
12/01/2016	0	3.9	24	9.1
13/01/2016	2.5	3.4	20.9	10.3
14/01/2016	0	2.8	22.3	10.4
15/01/2016	0	3.5	22.9	8.5
16/01/2016	0	3.6	24.2	8.6
17/01/2016	0	4.1	25.8	7.8
18/01/2016	0	3.8	23.9	7.8
19/01/2016	0	3.3	23.4	9.3
20/01/2016	0	3.7	24.3	9.6
21/01/2016	0	4	25.3	10.8
22/01/2016	0	4.6	25.8	10.4
23/01/2016	0	4.4	25.5	9.9
24/01/2016	0	3.2	23.7	9.9
25/01/2016	0	2.9	20.8	10.8
26/01/2016	0	2.6	22	10.8
27/01/2016	0	2.9	20.3	10.9
28/01/2016	0	3.3	20.4	7.3
29/01/2016	0	3.9	22.9	7.3
30/01/2016	0	3.9	25.8	9.6
31/01/2016	0	4.5	25.8	12.3
01/02/2016	0	4	27.2	10.8
02/02/2016	0	4.4	26.2	10.8
03/02/2016	0	4.7	26.6	9.5
04/02/2016	0	5.2	27	9.4
05/02/2016	0	4.1	26.1	9.7
06/02/2016	0	5.3	25.8	10
07/02/2016	0	4.2	22.2	11.4
08/02/2016	0	5.2	24.6	10.8
09/02/2016	0	3.3	20.6	11.4
10/02/2016	0	3.4	23.1	10.1
11/02/2016	0	3.4	25.1	10.2
12/02/2016	0	3.4	26.6	10.9
13/02/2016	0	4.1	26.3	10.4
14/02/2016	0	4.9	26.8	10.6
15/02/2016	0	4.9	27.3	10.9
16/02/2016	0	4.4	27.9	13.1
17/02/2016	0	6.2	30	14.8
18/02/2016	0	5.3	29	13.2
19/02/2016	0	5.5	29.3	13.6
20/02/2016	0	5.4	29.2	14.8
21/02/2016	0	4.8	30.6	14.2
22/02/2016	0	4	28.9	14.8
23/02/2016	0	4.8	28.1	13.8
24/02/2016	0	4.7	30	12.8
25/02/2016	0	3.6	27.4	13.4
26/02/2016	1	2.4	27.3	13.8
27/02/2016	0.5	1.5	22.6	15.3
28/02/2016	0	3	26.2	12.1
29/02/2016	0	5.3	27.6	12.3
01/03/2016	0	4.8	27.7	9.6
02/03/2016	0	4.4	27.4	15.7
03/03/2016	0	5	28.6	15.5
04/03/2016	0	5.6	28.4	15.6
05/03/2016	0	4.6	28.9	15.5
06/03/2016	0	4.8	28.4	15.6
07/03/2016	0	4.4	26.4	15.1
08/03/2016	1.3	2.9	23.5	14.4
09/03/2016	6.9	1.3	13.8	10.7
10/03/2016	0	2.4	17.7	4.6
11/03/2016	0	2.4	21.9	4.8
12/03/2016	0	2.4	26.4	8.6
13/03/2016	0	3.3	28	9.9
14/03/2016	0	4.9	30.2	12.7
15/03/2016	0	4.7	28.7	13.7
16/03/2016	0	4.6	26.6	16.6
17/03/2016	0	3.5	25.7	18.2
18/03/2016	0	4.4	26.2	14.7
19/03/2016	0	3.7	27.2	14.3
20/03/2016	0	4.2	24.8	13.2
21/03/2016	0	3.8	25.3	13
22/03/2016	0	3.5	27.7	13.2
23/03/2016	0	3	27.7	15.3
24/03/2016	0	5.2	29.2	15.5
25/03/2016	0	5.2	28.4	15.3
26/03/2016	0	4.9	27.2	17.9
27/03/2016	0	5.4	30.6	16.1
28/03/2016	0	6.1	31.2	16.3
29/03/2016	0	5.7	29.9	16.3
30/03/2016	0	5.7	30.9	17
31/03/2016	0	6.3	29.9	18.2
01/04/2016	0	5.4	29.1	16.4
02/04/2016	0	6.2	29.8	14.3
03/04/2016	0	6	30.4	16.1
04/04/2016	0	6.4	31.7	15.6
05/04/2016	0	6.9	32.3	16.2
06/04/2016	0	7	31.4	18.3
07/04/2016	0	6.9	32.4	17.9
08/04/2016	0	7.2	32.4	19.2
09/04/2016	0	5.8	31.8	19.4
10/04/2016	0	5.4	31.1	19
11/04/2016	0	5.4	31.3	19.4
12/04/2016	0	5.4	31.1	19.1
13/04/2016	0	5.5	32.2	19
14/04/2016	0	5.8	31.4	20.1
15/04/2016	0	5.7	29.7	19.4
16/04/2016	0	4.9	26.1	20.4
17/04/2016	0	4.9	28.4	18.3
18/04/2016	0	6.4	32.2	18.3
19/04/2016	0	4.6	30.1	18.8
20/04/2016	0.3	4	28.6	19.2
21/04/2016	0	6.6	29.6	15.4
22/04/2016	0	5.9	27.4	18
23/04/2016	0	5.6	28.4	16.7
24/04/2016	0	6.2	28.9	15.6
25/04/2016	0	5.7	27.7	16.3
26/04/2016	0	5.2	26.7	15.4
27/04/2016	0	6.4	31.4	14.3
28/04/2016	0	6.3	31.6	16.5
29/04/2016	0	6.3	30.1	16.6
30/04/2016	0	7.2	30.9	15.9
01/05/2016	0	6.9	31.4	16.5
02/05/2016	0	7.3	34.5	17.4
03/05/2016	0	7.8	34.3	19.6
04/05/2016	0	7.1	32.9	19.8
05/05/2016	0	6.6	33.4	19.4
06/05/2016	0	5.9	34	19.5
07/05/2016	1.8	4.4	33.4	20.5
08/05/2016	0	4.2	32.3	19.6
09/05/2016	0	3.8	31.1	19.6
10/05/2016	0	3.8	31.1	21.2
11/05/2016	3.3	3.8	32.3	21.6
12/05/2016	0	3.8	32.3	18.2
13/05/2016	1.3	3.8	31.6	18.8
14/05/2016	0	3.7	31.3	18.1
15/05/2016	0	3.9	30.8	19.9
16/05/2016	0	4.5	30.7	19.4
17/05/2016	0	5.7	31.9	19.9
18/05/2016	0	7.6	32.4	19.5
19/05/2016	0	6.1	32.3	19.3
20/05/2016	0	6.5	32.9	19.7
21/05/2016	0	6.4	33.8	19.8
22/05/2016	0	6.9	33.3	20.3
23/05/2016	0	6.6	33.7	19.4
24/05/2016	0	6.7	34.6	19.3
25/05/2016	0	6.6	34.9	21.4
26/05/2016	0	5.7	33.7	21.8
27/05/2016	0	5.8	32.9	21.1
28/05/2016	0	6.2	33.4	20.8
29/05/2016	0	6.1	33.9	21.6
30/05/2016	0	6.1	34.2	20.2
31/05/2016	0	5.7	33.3	21.2
01/06/2016	0	5.1	33	20.6
02/06/2016	0	4.9	32.7	20.3
03/06/2016	0	5.8	33.1	19.5
04/06/2016	0	6.2	33.3	20.4
05/06/2016	0	5.6	32.3	21.2
06/06/2016	0	3.9	31.3	18.6
07/06/2016	0	4.1	31.8	18.2
08/06/2016	0.3	3.7	32.1	18.9
09/06/2016	0	3.7	30.9	18.4
10/06/2016	0	3.8	30.8	19
11/06/2016	33.5	3.8	32	20.4
12/06/2016	16	3.8	28.2	18.1
13/06/2016	29.7	2.9	28.2	17.4
14/06/2016	20	1.4	29.6	16.8
15/06/2016	0.3	1.1	27.9	18.1
16/06/2016	14.7	2	29.2	19.2
17/06/2016	36.6	2	30.3	18.3
18/06/2016	5.3	2	29.6	17.2
19/06/2016	0	2.1	27.5	17
20/06/2016	4.3	2	29.2	19.4
21/06/2016	0.5	1.6	27.4	19.8
22/06/2016	4.8	1.9	28.9	19.7
23/06/2016	8.4	1.5	28.5	18.6
24/06/2016	0	1.5	29.2	16.3
25/06/2016	0	1.9	29.7	18.7
26/06/2016	16	1.7	29.2	18.1
27/06/2016	2.5	0.9	27	17.4
28/06/2016	21.3	1.8	28.8	18
29/06/2016	1.5	1.8	28.7	16.2
30/06/2016	0.5	4.2	30.7	16.8
01/07/2016	0	1.8	27.9	18.2
02/07/2016	0	1.3	25.8	18.6
03/07/2016	17.5	1.6	29.8	19.3
04/07/2016	0.3	1.8	25.4	16.4
05/07/2016	25.4	1.1	26.2	17.2
06/07/2016	0	1.8	27.3	15.8
07/07/2016	2.3	1.7	28	16.5
08/07/2016	0	2.6	29.8	17.4
09/07/2016	1	2.4	30.1	17.6
10/07/2016	2.3	2.2	30.3	18.8
11/07/2016	53.8	2.2	27.4	19.2
12/07/2016	0	2.2	25.4	15.9
13/07/2016	32.8	1.6	27.3	17.3
14/07/2016	6.8	1	26.2	15.7
15/07/2016	0.3	1.4	26.5	15.8
16/07/2016	0	1.8	27.7	16.9
17/07/2016	4.3	1.5	26.6	17
18/07/2016	2.8	2.4	26.7	17.3
19/07/2016	0	3	28	17.7
20/07/2016	17	2	26.6	18.3
21/07/2016	0.8	1.6	26.2	17.7
22/07/2016	20.3	1.3	27.4	18.7
23/07/2016	1.5	1.2	27.8	17.3
24/07/2016	0.8	1.3	28.3	17.4
25/07/2016	8.9	1.9	28.8	17.9
26/07/2016	0.5	1.4	28.3	18.1
27/07/2016	79.2	1.1	27.8	19.2
28/07/2016	3.5	0.5	22.7	15.7
29/07/2016	0	1	25.9	16.3
30/07/2016	11.4	1	27.3	16.6
31/07/2016	0	5	27.4	16.3
01/08/2016	12.7	1.6	27.6	17.6
02/08/2016	11.9	1.6	28.4	16
03/08/2016	0.3	1.6	28.1	16.2
04/08/2016	0	2	28.9	16.7
05/08/2016	0	2.8	29.3	20.3
06/08/2016	5.1	1.3	26.3	19.6
07/08/2016	0	1.6	26.2	18.4
08/08/2016	9.2	1	25.4	19.3
09/08/2016	0	1.1	26.1	18.7
10/08/2016	0	1.2	27.2	19.3
11/08/2016	15.7	1.2	26.2	19.7
12/08/2016	0	1.2	28.2	17.4
13/08/2016	0	0.8	29.6	18.1
14/08/2016	45.2	3.6	28.9	18.3
15/08/2016	0	1.5	28.3	17.3
16/08/2016	2.3	1.9	28.4	17.8
17/08/2016	25.6	0.6	24	18.7
18/08/2016	0	1.1	25.3	17.3
19/08/2016	0	1.4	26.9	17.7
20/08/2016	7.4	1.2	27.3	18.3
21/08/2016	51.2	0.5	26.3	19.1
22/08/2016	6.3	0.7	25.6	17
23/08/2016	4.3	1.1	26.9	16.3
24/08/2016	9.3	1.8	26	16.8
25/08/2016	0.3	0.8	23.3	16.2
26/08/2016	0.5	1.1	26.3	16.7
27/08/2016	23.4	1.2	27.5	18.1
28/08/2016	0.3	1.3	26.8	18.1
29/08/2016	0	1.3	26.8	17.4
30/08/2016	0	1.3	28.4	18.3
31/08/2016	47	4.8	29.1	18.1
01/09/2016	8.6	0.8	27.7	16.7
02/09/2016	0	1.7	27.1	18.1
03/09/2016	0.8	2.1	27.6	18.7
04/09/2016	3.8	1.1	26.8	18.3
05/09/2016	2.3	1.2	20.8	16.9
06/09/2016	0	3.1	27.1	15.9
07/09/2016	0	2.2	28.7	18
08/09/2016	0	2.2	28.7	18.9
09/09/2016	0.3	1.9	29.6	19.7
10/09/2016	0.3	2.2	29.1	19.2
11/09/2016	0	2.2	28.1	16.9
12/09/2016	0	2.2	28.4	18.8
13/09/2016	0	2.5	29.2	19.2
14/09/2016	0.3	1.9	29.4	18.1
15/09/2016	0	2.3	28.6	17.8
16/09/2016	0	2.8	28.1	18.2
17/09/2016	4.3	1.5	27.4	19.2
18/09/2016	2.8	1.9	27.3	17.4
19/09/2016	38.4	1.8	28.7	17.4
20/09/2016	5.6	1.9	28	16.3
21/09/2016	0	2.4	28	16.9
22/09/2016	0	2.5	26.8	16.4
23/09/2016	1.8	1.4	25.8	17.5
24/09/2016	0	1.6	26.7	17.4
25/09/2016	0	1.7	27.2	18
26/09/2016	44.7	1.6	27.7	18.5
27/09/2016	0.5	1.4	26.9	16.3
28/09/2016	21.8	0.8	26	17.6
29/09/2016	15	0.9	26.8	16.9
30/09/2016	13.2	0.6	25.7	17.4
01/10/2016	7.4	0.9	25.9	16.8
02/10/2016	21.1	1.2	28.1	16.9
03/10/2016	0	1.4	28.1	16.4
04/10/2016	0	1.2	27.3	18.7
05/10/2016	0	1.3	27.6	18.4
06/10/2016	0	1.5	27.7	19.4
07/10/2016	0	2.2	27.9	19.6
08/10/2016	0	2.6	27.4	17.1
09/10/2016	0	2.2	26.3	17.1
10/10/2016	0	2.5	26.9	15.1
11/10/2016	0	2.5	27.6	15.4
12/10/2016	0	2.5	28.7	16.7
13/10/2016	0	2.6	29.7	18.3
14/10/2016	0	2.8	28.6	17.3
15/10/2016	0	2.5	27.9	17.8
16/10/2016	0	2.9	27.7	17.8
17/10/2016	1.8	1.7	27.2	18.8
18/10/2016	0	2.8	27.9	17.4
19/10/2016	0	2.6	28.3	18.2
20/10/2016	0	2.9	25.6	17.6
21/10/2016	0	2.4	24.2	15.9
22/10/2016	0	2.1	25.4	16.1
23/10/2016	0	2.5	28.3	16.6
24/10/2016	0.3	1.6	28	17.1
25/10/2016	0	3.3	28.8	17.1
26/10/2016	0	3.4	27.9	16.8
27/10/2016	0	3	25.7	15.2
28/10/2016	0	3.2	25.9	14.3
29/10/2016	0	3.1	25.4	13.6
30/10/2016	0	3.1	27.2	13.6
31/10/2016	0	5.4	28.6	14.8
01/11/2016	0	3.6	28.5	15.7
02/11/2016	0	3.4	28.3	16.2
03/11/2016	0	3.3	28.9	16.6
04/11/2016	0	3	27.1	15.6
05/11/2016	0	2.7	26.9	14.4
06/11/2016	0	2	26.4	15.9
07/11/2016	0	2.3	27	16.8
08/11/2016	7.4	2	26.8	16.9
09/11/2016	1.5	1.4	22.8	16
10/11/2016	0	1.3	19.4	14.7
11/11/2016	1	1.3	20.9	15
12/11/2016	13.3	1.3	17.4	15
13/11/2016	6.8	1.1	16.8	14
14/11/2016	0	0.9	22.5	14.2
15/11/2016	0	2.4	25.7	14.4
16/11/2016	0	2.7	25.2	14.3
17/11/2016	0	2	25	15.3
18/11/2016	0	2.8	26.7	15.2
19/11/2016	0	2.4	23.7	14.4
20/11/2016	0	2.5	24.3	11.7
21/11/2016	0	2.8	25.2	12.1
22/11/2016	0	2.9	25.2	13
23/11/2016	0	3.2	26.2	13.6
24/11/2016	0	3	24.6	12.3
25/11/2016	0	3.5	26.3	12.3
26/11/2016	0	2.7	23.7	11.4
27/11/2016	0	2.9	25.3	11.4
28/11/2016	0	3	25.8	12.3
29/11/2016	0	2.1	24.6	12.9
30/11/2016	0	4.7	24.8	13.8
01/12/2016	0	1.9	25.2	15.2
02/12/2016	0	2.2	24.9	16
03/12/2016	0.3	1.9	24.6	16
04/12/2016	0	2.1	22	15.8
05/12/2016	0	2.4	20.9	11.3
06/12/2016	0	2.8	24.7	9.6
07/12/2016	0	3.5	26.3	10.3
08/12/2016	0	3.4	26.9	11
09/12/2016	0	2.5	26	13.1
10/12/2016	0	2.3	25.1	12.9
11/12/2016	0	2.3	25.9	13.3
12/12/2016	0	2.3	26.2	12.6
13/12/2016	0	3.2	26.4	12
14/12/2016	0	4.2	27.6	12.1
15/12/2016	0	3.7	27.1	12.1
16/12/2016	0	3.3	26.7	12.7
17/12/2016	0	3.5	25.4	14.4
18/12/2016	0	3.8	24.6	12.6
19/12/2016	0	2.8	25.3	12.4
20/12/2016	0	2.5	25.4	12.4
21/12/2016	0	2.8	26.3	12.6
22/12/2016	0	3.2	26.6	13.4
23/12/2016	0	3	25.3	13.9
24/12/2016	0	2.9	26	13.3
25/12/2016	0	2.8	25.4	13.8
26/12/2016	0	3	25.6	14.1
27/12/2016	0	3.5	26.8	13.9
28/12/2016	0	3.2	26.6	13.6
29/12/2016	0	3.6	27.1	13.9
30/12/2016	0	3.6	25.7	13.9
31/12/2016	0	4.6	25.9	14.3
01/01/2017	0	2.5	24.9	13.8
02/01/2017	0	3	25.3	12.9
03/01/2017	0	3.7	28.1	12.2
04/01/2017	0	4.3	28.5	12.3
05/01/2017	0	4.9	28.6	12.9
06/01/2017	0	4.5	28.4	12.9
07/01/2017	0	4.5	27.3	12.7
08/01/2017	0	3.1	24.2	10.3
09/01/2017	0	3.5	23.1	9.6
10/01/2017	0	4	23.9	9.8
11/01/2017	0	4	26.2	10.3
12/01/2017	0	4	25.6	10.6
13/01/2017	0	4.2	25.4	11.8
14/01/2017	0	3.1	23.4	12.8
15/01/2017	0	3.5	23.6	11.5
16/01/2017	0	3.4	24.6	11.6
17/01/2017	0	3.1	24.1	12.4
18/01/2017	0	3	22.6	13.2
19/01/2017	0	2.7	23.7	13.7
20/01/2017	0	2.5	23.3	13.4
21/01/2017	0	3.6	24.3	10.6
22/01/2017	0	4.5	25.9	8.8
23/01/2017	0	5	27.9	8.9
24/01/2017	0	3.2	25.9	10.5
25/01/2017	0	2.9	25.2	12.1
26/01/2017	0.5	3.5	26.7	12.1
27/01/2017	0	4.2	27.3	12.1
28/01/2017	0	4.1	26	11.2
29/01/2017	0	3	22.8	9.4
30/01/2017	0	3	24.9	9.4
31/01/2017	1.3	3.6	22.4	9.9
01/02/2017	0	2.4	23.9	11.2
02/02/2017	0	3.6	25.5	11.2
03/02/2017	0	4	26.5	12.1
04/02/2017	0	3.6	25.6	12.8
05/02/2017	0	4	26.2	13.5
06/02/2017	0	4.8	27	13.2
07/02/2017	0	4.9	28.1	12.9
08/02/2017	0	5.4	30.1	13.1
09/02/2017	0	5.4	29.3	13.3
10/02/2017	0	4.4	29	13.8
11/02/2017	0	4.4	29	14.1
12/02/2017	0	4.4	28.8	14.2
13/02/2017	0	5	27.8	14.6
14/02/2017	0	4.1	26.2	13.3
15/02/2017	0	3.7	23.2	12
16/02/2017	0	2.8	22.7	11.7
17/02/2017	0	3	23.4	10.9
18/02/2017	1	3.5	24	11.7
19/02/2017	0	2.2	21.8	12.1
20/02/2017	0	3.8	23.8	11.4
21/02/2017	0	4.6	27.2	11.9
22/02/2017	0	4.7	27.6	12.8
23/02/2017	0	4.1	26.7	13.3
24/02/2017	0	5.5	27.7	12.9
25/02/2017	0	5.1	28.8	12.5
26/02/2017	0	4.7	28.6	12.7
27/02/2017	0	4.8	29.7	14.1
28/02/2017	0	6.2	28.9	14.6
01/03/2017	0	5.3	30	15.8
02/03/2017	0	4.4	29.1	15.6
03/03/2017	0	3	27	15.9
04/03/2017	0	3.5	25.8	13.7
05/03/2017	0	4.1	27.1	14.1
06/03/2017	0	4.5	28.2	14.8
07/03/2017	0	5.2	28.9	15.4
08/03/2017	0	3.3	25.8	15.9
09/03/2017	0	3.7	27.8	15.9
10/03/2017	1.5	4.4	27.3	15.3
11/03/2017	0	4.4	23.8	15.7
12/03/2017	5.6	4.4	24.2	14.5
13/03/2017	0	3	25.2	11.9
14/03/2017	0	4.2	26.9	12.3
15/03/2017	0	4.8	27.7	14.1
16/03/2017	0	5	28.5	14.6
17/03/2017	0	5.4	28.6	15.2
18/03/2017	0	6.1	29.5	16.4
19/03/2017	0	5.4	30.3	15.6
20/03/2017	0	5.9	31	16.2
21/03/2017	0	6	31.4	16.8
22/03/2017	0	6.1	31.8	17
23/03/2017	0	5.7	31.8	18
24/03/2017	0	5	30.7	17.3
25/03/2017	0	4.3	29.4	16.2
26/03/2017	0	4.2	30.2	17.3
27/03/2017	0	6.1	30.7	15.6
28/03/2017	0	6.8	30.7	15.7
29/03/2017	0	6	29.2	16.2
30/03/2017	0	6	30	13.7
31/03/2017	0	6.3	27.8	15.2
01/04/2017	0	6.1	29	13.5
02/04/2017	0	6	28.8	14.4
03/04/2017	0	5.6	29	13.8
04/04/2017	0	6.3	30.7	14.3
05/04/2017	0	7.3	32.2	15.1
06/04/2017	0	6.4	31.8	18.2
07/04/2017	0	7.2	31.4	17.6
08/04/2017	0	7.3	32.2	19.2
09/04/2017	0	7	31.7	17.4
10/04/2017	0	7.3	32	18.1
11/04/2017	0	7.3	31.8	17.4
12/04/2017	0	7.3	31.6	17.6
13/04/2017	0	7.1	31.4	17.2
14/04/2017	0	6	30.7	16.6
15/04/2017	0	6.4	30.6	16.8
16/04/2017	0	6.5	30.8	17
17/04/2017	0	6	28.7	17.2
18/04/2017	0	7.2	29.3	15.8
19/04/2017	0	6	30.4	16.3
20/04/2017	0	6.1	30.7	17.1
21/04/2017	0	5.6	31.8	17.2
22/04/2017	0	5	32.5	17.4
23/04/2017	0	5.6	31.3	18.9
24/04/2017	0	4.4	30.4	18.9
25/04/2017	0	5.8	28.9	18.3
26/04/2017	0	6.2	30.1	15.9
27/04/2017	0	7.2	31	16
28/04/2017	0	6.3	28.9	16.1
29/04/2017	0	6.3	31.1	14.5
30/04/2017	0	6.7	32.1	16
01/05/2017	0	7.3	33	17.6
02/05/2017	0	6.6	32.4	18.7
03/05/2017	0	5.5	32.1	19.1
04/05/2017	0	6.2	32.1	18.3
05/05/2017	0	5.4	31.6	19.6
06/05/2017	0	5.3	31.9	19.8
07/05/2017	0	5.4	31.1	17.7
08/05/2017	0	4.9	30.8	18.7
09/05/2017	0	5	31.4	18.5
10/05/2017	0	5.2	32.6	19.2
11/05/2017	0	5.2	33.8	20.1
12/05/2017	0	5.2	33.3	19.7
13/05/2017	0	5.9	32.4	19.8
14/05/2017	0	5.5	32.2	19.5
15/05/2017	0	6	33.5	20.1
16/05/2017	0	6.6	33.6	20.2
17/05/2017	0	7.2	33.9	19.9
18/05/2017	0	9.2	33.8	19.4
19/05/2017	0	7.7	33.8	20.5
20/05/2017	0	7.8	34.4	19.8
21/05/2017	0	7.7	35.4	18.8
22/05/2017	0	6.5	34.7	20.6
23/05/2017	0	5.4	32.9	19.2
24/05/2017	0	5.1	33.3	19.9
25/05/2017	0	4.3	32	19.3
26/05/2017	3.6	4.7	34.7	19.9
27/05/2017	0	5.1	33.8	19.3
28/05/2017	0	5.6	33.1	20.4
29/05/2017	0	5.1	33.4	20.1
30/05/2017	0	5.1	32.7	20.2
31/05/2017	0	6.5	32.7	20.4
01/06/2017	0	5.3	33.3	19.1
02/06/2017	0	6.7	33.4	19.9
03/06/2017	0	7.2	33.6	19.2
04/06/2017	0	7.3	33.7	19.1
05/06/2017	0	6.2	33.6	19.5
06/06/2017	0	6	34.3	20.2
07/06/2017	15.2	2.8	31.9	20.3
08/06/2017	1.3	2.8	31.5	18.3
09/06/2017	4.3	2.9	32.4	18.7
10/06/2017	10.1	1.7	30.7	17
11/06/2017	0	1.7	30.9	18.6
12/06/2017	0	1.7	33.2	19.7
13/06/2017	0	2.6	33.8	20
14/06/2017	0	3.9	32.3	21.7
15/06/2017	0	3.6	31.9	21
16/06/2017	0	3	33	20.9
17/06/2017	0	3.6	33.9	20
18/06/2017	0	4	33.6	21.2
19/06/2017	0	5.6	33.7	20.2
20/06/2017	0	5.3	30.6	21.1
21/06/2017	0	4.4	32	21.2
22/06/2017	0	3.6	32.8	19.8
23/06/2017	0	3.5	33.2	20.8
24/06/2017	2.8	2.3	33.4	20.7
25/06/2017	0.8	2.2	30.1	18
26/06/2017	0	1.7	25.3	18.6
27/06/2017	5.1	2.4	29.7	18.6
28/06/2017	0	0.9	23.9	17.3
29/06/2017	7.9	1.6	27.4	18.3
30/06/2017	0.3	1.6	27.2	17.1
01/07/2017	16.5	1.1	23.8	17.4
02/07/2017	0	1.1	27.3	16.8
03/07/2017	4.3	1.2	26.9	17
04/07/2017	0.8	2.1	26.9	17.9
05/07/2017	5.6	2.6	29.2	16.8
06/07/2017	50.5	2.4	29.2	15.9
07/07/2017	9.9	2.2	28.7	15.4
08/07/2017	15.5	1	25.9	16.8
09/07/2017	11.4	0.9	24.7	16.7
10/07/2017	8.1	0.9	25.3	16.8
11/07/2017	0.3	0.9	25.5	17.7
12/07/2017	3	0.9	26.3	17.6
13/07/2017	29	1.1	24.8	18.8
14/07/2017	0	1.6	27.2	18.7
15/07/2017	3	2.5	29	18.3
16/07/2017	7.8	2	28.9	17.8
17/07/2017	0	1.9	27.1	16.3
18/07/2017	6.1	2.4	27.4	17.8
19/07/2017	2.8	1.7	26.7	17.2
20/07/2017	2.8	1.8	26.2	17.1
21/07/2017	2.5	1.4	27.2	17.1
22/07/2017	41.8	1.3	28.7	18.1
23/07/2017	29.7	1.7	28.1	17.2
24/07/2017	1	1.8	26.7	18.1
25/07/2017	1.3	1.5	27.2	16.8
26/07/2017	0.5	0.9	25.6	18.3
27/07/2017	28.4	1.6	27.6	17.6
28/07/2017	17.3	1	28	15.9
29/07/2017	0	1	26.8	17.5
30/07/2017	0	1	30.3	17.8
31/07/2017	0	5.6	30.5	18.8
01/08/2017	0	3.2	29.7	20.7
02/08/2017	2.3	2.4	30.1	20.3
03/08/2017	8.1	2.2	28.5	17.1
04/08/2017	12.2	2	29.7	17.3
05/08/2017	0	1.9	29.3	16.3
06/08/2017	0	2	29.6	18.6
07/08/2017	0	2.1	28.8	19.6
08/08/2017	0	2	27.9	18.5
09/08/2017	0	3	29.6	19.3
10/08/2017	0.5	2.2	27.4	21.1
11/08/2017	0.8	2.2	27.8	18.2
12/08/2017	2.8	2.2	29	18.6
13/08/2017	8.4	1.9	29.6	18.7
14/08/2017	0	1.7	27.4	16.8
15/08/2017	0	1.9	27.7	17.1
16/08/2017	0	2.1	28.3	17.9
17/08/2017	0	2.2	28.1	18.7
18/08/2017	0	2.8	28.8	19.2
19/08/2017	13	1.6	28.1	18.6
20/08/2017	2.8	1.7	29.2	16.2
21/08/2017	0	3	28.9	18.2
22/08/2017	0	1.9	27.3	18.9
23/08/2017	25.4	1.3	27.5	18.9
24/08/2017	24.1	1	27.7	15.9
25/08/2017	4.8	1.2	27.4	16.5
26/08/2017	1.5	1	27.1	16.3
27/08/2017	13.4	1.5	28.5	18.2
28/08/2017	14.7	1.3	27.8	16.9
29/08/2017	19.2	0.6	25.9	17.3
30/08/2017	5.5	0.6	20.2	17.2
31/08/2017	5.8	4.5	22.8	16.9
01/09/2017	13.9	0.7	26.4	17.1
02/09/2017	10.7	0.6	25.8	17.6
03/09/2017	6.8	1.3	26.9	17.9
04/09/2017	3.3	0.7	25.1	18.2
05/09/2017	3.6	0.4	23.3	17.6
06/09/2017	32.4	0.4	24.8	17.9
07/09/2017	0	1.4	25.6	16.8
08/09/2017	0	1.9	27.2	17.3
09/09/2017	0	2.2	26.7	18.5
10/09/2017	0	2.2	27.2	17.1
11/09/2017	0	2.2	27.7	17
12/09/2017	0	2.2	28.1	16.6
13/09/2017	0	3.3	28.8	17.8
14/09/2017	0	2.1	29	19.6
15/09/2017	0	1.9	28.6	19.3
16/09/2017	3.3	2.1	30.7	19.5
17/09/2017	7.1	1.2	28.5	19.1
18/09/2017	2.5	2.1	28.8	17.8
19/09/2017	0	1.6	28.7	17.7
20/09/2017	6.3	1.5	30.2	18.9
21/09/2017	9.4	0.8	25.9	16.8
22/09/2017	13.4	0.8	27.1	17.4
23/09/2017	0.3	1	25.1	17.6
24/09/2017	0	1.2	24.3	18.1
25/09/2017	1.5	0.8	23.8	19
26/09/2017	0	1.5	28	17.4
27/09/2017	36.5	1.3	27.5	17.6
28/09/2017	8.9	0.6	25.9	16.4
29/09/2017	0	1.7	25.9	17.8
30/09/2017	2.5	1.7	25.7	18.7
01/10/2017	16.5	0.8	25.7	17.2
02/10/2017	6.1	0.9	27.1	17.1
03/10/2017	0	2	26.8	17.1
04/10/2017	0	1.7	25.8	17.7
05/10/2017	0	2.1	26.9	17.4
06/10/2017	31.2	1.8	28.9	17.8
07/10/2017	0	1.1	25.7	16.1
08/10/2017	0	1.3	25.8	15.3
09/10/2017	0	1.1	26.4	16
10/10/2017	4.1	1.7	28.7	17.3
11/10/2017	0	1.7	27.1	17.6
12/10/2017	0	1.7	26.2	15.8
13/10/2017	0	2.4	25.6	16.4
14/10/2017	0	2.3	27.1	16.3
15/10/2017	0	2.9	28.1	17.1
16/10/2017	0	2.6	27.2	16.7
17/10/2017	0	2.5	26.3	15.3
18/10/2017	0	3.2	28.2	15.7
19/10/2017	0	2.7	28.1	16.9
20/10/2017	0	2.2	28.4	17.9
21/10/2017	0	3.1	29.2	17.4
22/10/2017	0	4.3	30.3	15.7
23/10/2017	0	3.3	28	17
24/10/2017	0	3	28.3	16.6
25/10/2017	0	3.2	25	15.1
26/10/2017	0	3.2	26.6	12.1
27/10/2017	0	3.7	28.5	13.4
28/10/2017	0	2.9	27.6	14.2
29/10/2017	0	2	26.8	16.4
30/10/2017	0	2	25.6	16.7
31/10/2017	0	1.8	24.5	16.3
01/11/2017	0	1.6	26	17.1
02/11/2017	0	2.1	28.6	18.3
03/11/2017	1	2.7	30.4	17.9
04/11/2017	0	3.4	30.8	17.9
05/11/2017	0	4.5	30.5	17.3
06/11/2017	0	4.6	29.5	15.6
07/11/2017	0	4.3	29.6	15.2
08/11/2017	0	4.4	29.7	14.6
09/11/2017	0	2.5	28.9	15.8
10/11/2017	0	2.5	27.4	16.9
11/11/2017	0	2.5	28.3	16.2
12/11/2017	0	2.5	28.3	15.5
13/11/2017	0	3.4	27.6	14.8
14/11/2017	0	3.3	27.2	14.4
15/11/2017	0	3.8	28.2	14.7
16/11/2017	0	4.4	28.2	14.7
17/11/2017	0	4.3	27.8	13.8
18/11/2017	0	4.5	29.1	13.4
19/11/2017	0	3.7	27.2	14.2
20/11/2017	0	2.8	26.7	14.7
21/11/2017	0	3.7	26.3	14.2
22/11/2017	0	4.9	26.3	13.2
23/11/2017	0	3.7	24.4	11
24/11/2017	0	4.3	24.7	10.9
25/11/2017	0	3.7	25.9	11.3
26/11/2017	0	4.6	27.3	11.2
27/11/2017	0	3.6	25.2	11.3
28/11/2017	0	3.8	26.9	10.9
29/11/2017	0	4.1	27	12.3
30/11/2017	0	3.1	25.9	11.1
01/12/2017	0	3.7	25.1	10.9
02/12/2017	0	3.8	25.5	11.1
03/12/2017	0	3.2	25.3	11.3
04/12/2017	0	3	26.1	11.8
05/12/2017	0	3.6	27.8	13.2
06/12/2017	0	3.4	27.4	13.3
07/12/2017	0	3.3	25.8	13.8
08/12/2017	0	2.5	21.9	12.9
09/12/2017	0	3.3	19	5.4
10/12/2017	0	3.7	20.3	5.9
11/12/2017	0	3.7	17.3	7.7
12/12/2017	0	3.7	25.3	7.6
13/12/2017	0	3.1	23.6	9.1
14/12/2017	0	2.5	24.1	10.2
15/12/2017	5.3	1.9	22.4	12.9
16/12/2017	9.4	0.2	15.4	12.7
17/12/2017	0.3	0.6	21.7	12.2
18/12/2017	0	1.6	24.5	12.3
19/12/2017	0	1.9	24.9	13.3
20/12/2017	0	2.4	25.9	13.2
21/12/2017	0	2.4	25.6	13.2
22/12/2017	0	1.9	23.2	13.4
23/12/2017	0	2.8	26.2	11.9
24/12/2017	0	3.1	25.7	12.4
25/12/2017	0	3.1	25.9	13.2
26/12/2017	0	3.5	26.3	12.6
27/12/2017	0	3.7	26.2	12.3
28/12/2017	0	3.3	25.2	11.9
29/12/2017	0	3.1	25	11.9
30/12/2017	0	3.1	25.7	12.4
31/12/2017	0	4.9	24.4	12.6
01/01/2018	0	3.1	25.1	12.4
02/01/2018	0	2.7	24.3	12.9
03/01/2018	0	3	25.1	12.9
04/01/2018	0	2.8	24.7	12.9
05/01/2018	0	3.3	25.6	12.7
06/01/2018	0	3.6	25.3	12.3
07/01/2018	0	3.4	25.1	12
08/01/2018	0	3.5	25.8	12
09/01/2018	0	4	26.6	12.2
10/01/2018	0	3.1	25.6	12.7
11/01/2018	0	3.1	25.5	12.1
12/01/2018	0	3.1	25.8	10.6
13/01/2018	0	4.1	26.4	10.3
14/01/2018	0	3.3	23.6	8.1
15/01/2018	0	4	23.9	8.2
16/01/2018	0	4.1	24.9	9.4
17/01/2018	0	3.1	23.9	9.5
18/01/2018	0	3.1	24.1	9.6
19/01/2018	0	2.9	24.4	11.1
20/01/2018	0	3.8	24.4	11.8
21/01/2018	0	4.4	25.3	10.4
22/01/2018	0	4.1	23.9	10.4
23/01/2018	0	4.1	25.6	11.7
24/01/2018	0.3	1.7	25.6	13.8
25/01/2018	0.3	1.3	18.4	12.8
26/01/2018	0	2.5	24.2	12
27/01/2018	0.3	2.6	25.2	12
28/01/2018	16	2.3	24.7	12
29/01/2018	0	1.8	19.2	12.2
30/01/2018	0	1.8	17.3	9.1
31/01/2018	1.8	1.9	14.4	8.9
01/02/2018	0	2.8	23.2	9.4
02/02/2018	0	3.1	27.2	10.4
03/02/2018	0	2.6	24.8	13.1
04/02/2018	0	3.9	27.4	13.5
05/02/2018	0	3.6	26.7	13.7
06/02/2018	0	3.5	27.2	14.3
07/02/2018	0	3.5	25.9	14.7
08/02/2018	6.3	1.7	24	14.8
09/02/2018	3.3	0.8	17.4	12.8
10/02/2018	0	1.8	20.7	11.2
11/02/2018	0	1.8	23.2	11.3
12/02/2018	0	1.8	26.4	12.6
13/02/2018	0	2.5	27.1	12.9
14/02/2018	0	3.7	26.5	14.9
15/02/2018	0	3.5	26.7	15.4
16/02/2018	0	3.9	28.5	16.4
17/02/2018	0	3.9	29.4	16.1
18/02/2018	0	4	26.6	15.9
19/02/2018	0.3	3	25.4	15.5
20/02/2018	0	3.2	25.4	13.7
21/02/2018	0	3.4	26.9	13.8
22/02/2018	0	3.7	27.2	14.2
23/02/2018	0	4.2	28.9	15.2
24/02/2018	0	4.5	27.7	15.1
25/02/2018	0	4.1	27.3	15.3
26/02/2018	0	4.2	28.4	15.5
27/02/2018	0	4.1	28.2	15.8
28/02/2018	0	6.8	28.6	15.5
01/03/2018	0	5	29.2	15.4
02/03/2018	0	4.4	29.4	15.6
03/03/2018	0	3.8	29.7	16.6
04/03/2018	0	4.6	29.8	16.1
05/03/2018	0	5.2	29.3	15.9
06/03/2018	0	5.5	29.7	15.7
07/03/2018	0	5.6	29.7	15.1
08/03/2018	0	5.6	29.4	15.8
09/03/2018	0	5.6	29.1	15.2
10/03/2018	0	5.9	30.2	14.4
11/03/2018	0	5.9	32.7	15.6
12/03/2018	0	5.9	33.1	16.4
13/03/2018	0	6.2	31.4	17
14/03/2018	0	4.8	29.8	16.1
15/03/2018	0	4.8	29	15.6
16/03/2018	0	5.4	29.3	14.7
17/03/2018	0	5.8	29.6	14.7
18/03/2018	0	6.7	29.6	15.9
19/03/2018	0	5.9	30.3	15.3
20/03/2018	0	6.6	32.3	14.9
21/03/2018	0	6.2	32.4	16.3
22/03/2018	0	5.9	32.3	17.6
23/03/2018	0	6	32.6	17.1
24/03/2018	0	5.8	32.3	17
25/03/2018	0	6.7	32.7	17.5
26/03/2018	0	6.1	31.8	18
27/03/2018	0	5.6	30.3	17.8
28/03/2018	0	5.1	28.9	17.3
29/03/2018	0	5.1	28.7	15.8
30/03/2018	0	5.1	29.1	16.7
31/03/2018	0	6.8	29.8	15.6
01/04/2018	0	5.1	30.1	17.3
02/04/2018	0	5.4	30.1	17.4
03/04/2018	0	6.3	29.7	15.7
04/04/2018	0	6.7	30.8	16.1
05/04/2018	0	6.4	30.8	16.5
06/04/2018	0	6.2	30.1	16.5
07/04/2018	0	6.6	30.2	15.6
08/04/2018	0	6.4	30.4	15.7
09/04/2018	0	6.8	30.2	16.6
10/04/2018	0	5.7	30.3	16.8
11/04/2018	0	5.7	29.3	16.1
12/04/2018	0	5.7	29.8	16.3
13/04/2018	0	3.8	29.1	16.7
14/04/2018	0	5.8	29.1	15.8
15/04/2018	0	5.7	29.6	15.8
16/04/2018	0	5.2	29.6	17.4
17/04/2018	0	5.4	30.7	17.9
18/04/2018	0	7.2	31.4	18
19/04/2018	0	6.4	32.6	18.1
20/04/2018	0	4.9	31.7	20.6
21/04/2018	0	5.3	32.2	18.8
22/04/2018	0	5.9	32.1	18.4
23/04/2018	0	6.4	32.7	19.6
24/04/2018	0	5.9	32.6	20
25/04/2018	0	7.6	32.9	18.8
26/04/2018	0	7.2	32.8	18.6
27/04/2018	0	6.6	32.6	18.3
28/04/2018	0	6.2	32.3	17.6
29/04/2018	0	5.1	31	19.1
30/04/2018	0	6.9	31.2	19.7
01/05/2018	1	3.8	29.3	18.7
02/05/2018	0.3	3.7	30.2	17.8
03/05/2018	0	3.7	29.1	19.2
04/05/2018	0	4.7	32.6	20.4
05/05/2018	33	2.5	31.6	20.7
06/05/2018	0	2.5	27.9	17
07/05/2018	18.5	2.5	29.8	19.4
08/05/2018	0.3	2.7	28.9	15.9
09/05/2018	0	3.3	29.3	17.8
10/05/2018	0.8	2.4	28.9	18.6
11/05/2018	0	2.4	29.4	15.2
12/05/2018	0	2.4	29.8	18.7
13/05/2018	6.8	3	31	18.9
14/05/2018	0	3	29.9	16.8
15/05/2018	0	4.3	32.5	19.3
16/05/2018	0	4.8	33.6	21.4
17/05/2018	0	5.4	33.2	21.8
18/05/2018	0	6.8	32.6	20.8
19/05/2018	0	6.6	31.7	19.3
20/05/2018	0	7.1	31.2	17.4
21/05/2018	0	6.1	31.8	18.6
22/05/2018	0	6.8	32.4	19.3
23/05/2018	0	6.1	33.1	19.2
24/05/2018	0	6.4	34.3	20.8
25/05/2018	0	6.3	34.2	20.4
26/05/2018	0	5.6	34.3	20.8
27/05/2018	0	5	35.2	21.8
28/05/2018	0	4.2	34.9	21.1
29/05/2018	0	4.9	35.2	20.7
30/05/2018	0	4.9	36.3	21.7
31/05/2018	0	6.3	36.5	20.9
01/06/2018	0	4.1	34.9	21.1
02/06/2018	0	7.1	35.5	20.7
03/06/2018	0	5.5	32.4	20.6
04/06/2018	0	4.6	33.6	20.8
05/06/2018	0	3.4	31.8	20.5
06/06/2018	3.3	3.1	32.7	20.6
07/06/2018	8.1	3.1	32.4	20.4
08/06/2018	0	3.2	31.1	16.3
09/06/2018	11.4	2	30.7	19.2
10/06/2018	6.1	1.3	28.9	17.9
11/06/2018	0.5	1.3	27.1	19.1
12/06/2018	1.3	1.3	26.7	18.2
13/06/2018	3.6	2.2	26.2	18
14/06/2018	0	2.6	29.6	17.6
15/06/2018	0	2.7	28.9	18.8
16/06/2018	0	2.8	30.8	17.6
17/06/2018	0	2.6	28.8	19.2
18/06/2018	14.2	3.5	28.2	19.4
19/06/2018	10.6	0.7	25.2	16.7
20/06/2018	0.3	1.5	24.9	16.9
21/06/2018	33	1.1	27.1	18.1
22/06/2018	0	1.1	26.1	17
23/06/2018	48	1.9	27	17.2
24/06/2018	0	1.6	27.9	16.1
25/06/2018	42.2	1.3	26.2	16.2
26/06/2018	6.3	3.4	26.2	16.2
27/06/2018	36.1	0.9	26.7	16.7
28/06/2018	35	0.9	27.3	16.7
29/06/2018	0	1.6	25.8	16.4
30/06/2018	0	2.7	28	17.2
01/07/2018	7.1	2	28.3	19.2
02/07/2018	1.3	1.9	28.7	18.2
03/07/2018	0.3	2	28.4	18.2
04/07/2018	29.2	2.6	30.3	15.9
05/07/2018	0	2.9	28.3	15.3
06/07/2018	0	3	27.9	17.8
07/07/2018	0	2.4	26.9	18.9
08/07/2018	4	1.4	26.9	18.3
09/07/2018	0	1.1	24.7	17
10/07/2018	5.8	1.5	26.6	18.3
11/07/2018	1.8	1.5	27.1	17.4
12/07/2018	5.1	1.8	26.1	17.3
13/07/2018	0	1.4	28.2	16.8
14/07/2018	2.5	1.9	27.9	19.2
15/07/2018	0	1.5	25.1	16.7
16/07/2018	0	1.7	26.9	17.4
17/07/2018	8.1	2.4	27.3	18.4
18/07/2018	0	2.7	27.7	15.8
19/07/2018	0.3	2.5	30.3	17.8
20/07/2018	4	2.3	29.8	19.1
21/07/2018	20.8	1.9	28.8	16.2
22/07/2018	0	3.4	29.9	17.9
23/07/2018	0	2.9	30.9	19.8
24/07/2018	19.8	2.1	31.3	20.7
25/07/2018	0.3	2.6	30.5	15.5
26/07/2018	0	1.6	27.8	20.4
27/07/2018	37.8	2.3	29.9	17.7
28/07/2018	46.7	1.3	28.4	15.8
29/07/2018	0	2.5	29.3	16.3
30/07/2018	0	2.5	29.5	19.1
31/07/2018	12.2	4.3	29.8	17.6
01/08/2018	16.5	2.3	28.4	17.1
02/08/2018	0.3	2.6	28.1	17.5
03/08/2018	0	3.3	29.1	18.8
04/08/2018	0	3.2	29.6	19.4
05/08/2018	0	2.3	26.6	19
06/08/2018	4	1	26.9	18.5
07/08/2018	0	1.4	26.4	17.1
08/08/2018	0	1.5	27.3	18.8
09/08/2018	1	1.8	27.7	15.7
10/08/2018	0.3	1.3	27.3	16.2
11/08/2018	0	1.2	27.2	17.3
12/08/2018	1	1.3	26.8	19.6
13/08/2018	26.4	1.5	25	17.1
14/08/2018	0.5	1.7	25.7	16.3
15/08/2018	16.2	2.1	28.2	18.4
16/08/2018	0	2	27.3	16.3
17/08/2018	2.3	2.3	28.1	17.9
18/08/2018	0	2.7	28.8	16.1
19/08/2018	0	1.7	28.5	19.9
20/08/2018	7.9	2	29.7	19.6
21/08/2018	0	1.5	26.2	17.1
22/08/2018	2.3	1.7	27.5	18
23/08/2018	11.2	1.6	27.9	17.7
24/08/2018	7.4	1.9	28	16.4
25/08/2018	43.7	2.1	28.7	16.4
26/08/2018	0	1.6	27.2	16.1
27/08/2018	11.4	1.6	28.1	17.9
28/08/2018	4.3	1.5	27.7	15.9
29/08/2018	20.6	1.3	25.4	16.1
30/08/2018	0.5	1.3	26	16.4
31/08/2018	8.6	1.6	24.9	17.3
01/09/2018	0.3	1	25.7	17
02/09/2018	39.1	0.8	26.9	18.1
03/09/2018	0	1.3	28.6	16.8
04/09/2018	5.6	1.6	27.9	17.1
05/09/2018	31	1.7	26.8	15.6
06/09/2018	0.5	0.8	25.3	15.9
07/09/2018	4.1	1.3	27.5	18
08/09/2018	0	1.5	27.1	17.4
09/09/2018	0	1.6	26.9	17.6
10/09/2018	12.2	0.5	24.3	18.6
11/09/2018	15	0.5	26.4	18.2
12/09/2018	2.3	0.5	27.3	17.4
13/09/2018	7.9	0.7	25.6	18.4
14/09/2018	7.6	1.2	26.6	17.7
15/09/2018	1.8	1.4	26.5	16.6
16/09/2018	12.2	0.5	24	17.4
17/09/2018	0	0.9	27.2	17.2
18/09/2018	19.1	1.4	26	17
19/09/2018	36.6	0.6	26.4	16.7
20/09/2018	0	1.7	28.1	16.9
21/09/2018	0	1.6	28.7	18.4
22/09/2018	19.8	1.4	28.6	19.8
23/09/2018	2	1.5	27.3	16.2
24/09/2018	0.3	1.1	28.4	17.2
25/09/2018	41.9	1.5	27.8	18.2
26/09/2018	42.4	0.9	26.7	15.8
27/09/2018	0.8	1.1	26.5	16.3
28/09/2018	28.7	1.3	26.5	16.6
29/09/2018	12.7	0.8	24.6	16.2
30/09/2018	8.9	1.4	26.6	16.4
01/10/2018	1.8	1.3	27.3	17.1
02/10/2018	0	1.9	27.4	17.2
03/10/2018	0.5	2	27.3	17
04/10/2018	2.3	1.9	27	17.2
05/10/2018	5.6	1.4	27.2	17.6
06/10/2018	0.3	1	26.4	18.2
07/10/2018	0.3	1.3	26.5	16.9
08/10/2018	0	1.6	25.8	17.3
09/10/2018	0	2.5	26.3	15.6
10/10/2018	0	2.1	27.6	14.9
11/10/2018	0	2	28.1	16.3
12/10/2018	4.6	2.1	27.9	16.8
13/10/2018	0	1.9	28	17.8
14/10/2018	0	0.8	26	17.8
15/10/2018	0	0.8	24.6	18.1
16/10/2018	0	0.7	24.9	18.3
17/10/2018	0	2.4	26.5	17.3
18/10/2018	0	2.8	25.4	17.3
19/10/2018	0.5	2.2	26.6	17.4
20/10/2018	1.3	1.6	27.3	18.1
21/10/2018	10.4	0.9	24.4	17.7
22/10/2018	0.8	0.8	22.4	16.1
23/10/2018	0	0.9	22.2	16.8
24/10/2018	0	1.6	25.2	17.9
25/10/2018	0	1.3	26.6	17.6
26/10/2018	0	1.8	27.8	17.3
27/10/2018	0	2.1	27.6	17.5
28/10/2018	1.5	2.2	26.6	16.8
29/10/2018	0	2.5	26.7	15.8
30/10/2018	0	2.5	27.4	15.9
31/10/2018	0	1.3	26	16.8
01/11/2018	0	1.5	24.4	17.9
02/11/2018	0	1.8	23.3	16.7
03/11/2018	1.5	1.3	22	16.6
04/11/2018	3	0.6	18.8	14.5
05/11/2018	0	1.3	22.8	14.4
06/11/2018	0	2	26.8	14.2
07/11/2018	0	2.3	28.9	15.3
08/11/2018	0	2.6	28	16.6
09/11/2018	0	3.4	28.4	15.8
10/11/2018	0	2.7	26.8	16.4
11/11/2018	0	2.7	27.1	16.9
12/11/2018	0	2.7	23.6	15.7
13/11/2018	0.5	2.5	24.9	14.7
14/11/2018	0	2.1	19.6	8.6
15/11/2018	0	2.5	23.5	9.1
16/11/2018	0	2.5	23.7	10.2
17/11/2018	0	2.9	24	11.5
18/11/2018	0	4	26.5	12.2
19/11/2018	0	3.3	26.5	12.2
20/11/2018	0	3.1	25.7	13.4
21/11/2018	0	3.5	28.1	14.3
22/11/2018	0	3.3	27.7	14.1
23/11/2018	0	3.8	28.4	13.8
24/11/2018	0	2.4	27.4	14
25/11/2018	0	3.3	25.5	13.3
26/11/2018	0	3	25.1	12.8
27/11/2018	4.3	2.6	24.8	13.8
28/11/2018	22.3	0.3	16.3	13.9
29/11/2018	0	0.7	17.7	11.2
30/11/2018	0	1.7	22.8	11.1
01/12/2018	0	1.6	25.1	11.8
02/12/2018	0	2	24.6	11.2
03/12/2018	0	2.4	25.6	10.9
04/12/2018	0	2	26.7	12
05/12/2018	0	1.7	26.3	13.5
06/12/2018	0	1.7	25.5	15.8
07/12/2018	0	1.3	24.6	16.2
08/12/2018	0	1.7	24.8	15.3
09/12/2018	0	2.2	24.8	13.7
10/12/2018	0	2.3	24.7	13.3
11/12/2018	0	2.3	23.9	12.8
12/12/2018	0	2.3	23.1	13.2
13/12/2018	0	2.1	21.9	13.6
14/12/2018	0	3.7	22.1	11.8
15/12/2018	0	3.6	22.2	5.6
16/12/2018	0	3.4	21.9	5.8
17/12/2018	0	3.2	24.8	10.3
18/12/2018	0	3	24.2	11.8
19/12/2018	0	3.1	23.2	11.2
20/12/2018	0	4.1	23.6	8.3
21/12/2018	0	3.8	23.4	7.6
22/12/2018	0	3.7	24	7.7
23/12/2018	0	3.9	25.3	8.2
24/12/2018	0	3.3	22.6	8.8
25/12/2018	0	2.6	23.6	10.5
26/12/2018	0	2.4	24.4	11.1
27/12/2018	0	2.1	20.9	11.3
28/12/2018	0	2.5	20.4	10.5
29/12/2018	0	2.6	22.3	10.9
30/12/2018	0	2.6	19.8	11.3
31/12/2018	0	2.4	19.9	11.9
01/01/2019	0	2.1	20.9	9.9
02/01/2019	0	3	24.2	10.1
03/01/2019	0	3.1	24.9	11.1
04/01/2019	0	3.2	25.1	11.8
05/01/2019	0	3.2	26.9	12.7
06/01/2019	0	4.2	25.4	13.3
07/01/2019	0	2.8	27.8	13.6
08/01/2019	0	4.1	28.8	14.3
09/01/2019	0	3.8	24.9	10.8
10/01/2019	0	3.3	24.3	10.9
11/01/2019	4.6	2.4	23.3	11.1
12/01/2019	0	3	24.3	13.2
13/01/2019	0	3	24.5	12.8
14/01/2019	3.8	2.6	24.3	12.8
15/01/2019	0.3	2.1	21.7	12.8
16/01/2019	0	2.5	23.5	13.4
17/01/2019	0	2	22	13.7
18/01/2019	0	1.8	22.6	14.2
19/01/2019	0	4	26.7	12.2
20/01/2019	0	3.4	24.1	10.9
21/01/2019	0	3.9	27	11.1
22/01/2019	0	4	25.6	12
23/01/2019	0	3.8	25.8	13.4
24/01/2019	0	4.1	26.3	12.2
25/01/2019	0	3.8	26.2	12.3
26/01/2019	0	4.6	25	13.1
27/01/2019	0	4.3	23.2	9
28/01/2019	0	4.3	24.7	8.6
29/01/2019	0	4.3	26.2	8.7
30/01/2019	0	4.7	24.7	10.7
31/01/2019	0	4.2	24.2	10.7
01/02/2019	0	4.2	25.3	10.9
02/02/2019	0	4.2	26.3	11.8
03/02/2019	0	4	26.3	11.7
04/02/2019	0	4.2	27.9	11.9
05/02/2019	0	4.2	28.5	13.1
06/02/2019	0	5.1	29.2	13.4
07/02/2019	0	3.6	28.6	13.2
08/02/2019	0	3.7	27.8	14.4
09/02/2019	0	3.7	27.2	14.7
10/02/2019	0	3.9	27.1	14.9
11/02/2019	0	4.2	26.2	14.6
12/02/2019	0	3.8	27.4	15
13/02/2019	0	4.5	27.1	13.8
14/02/2019	0	4.9	27.6	13.9
15/02/2019	0	4.6	29.8	14.7
16/02/2019	0	4.8	31.7	14.8
17/02/2019	0	6.8	28.1	16.3
18/02/2019	0	3	29.3	14.9
19/02/2019	0	6.3	26.5	15.8
20/02/2019	0	6.7	27.4	13.4
21/02/2019	0	7.1	26.1	14
22/02/2019	0	5.4	24	13.7
23/02/2019	0	4.3	24.1	14.3
24/02/2019	0	6.8	29.7	13.5
25/02/2019	0	6.6	28.6	14.5
26/02/2019	0	7.4	28.9	16.3
27/02/2019	0	7.5	29.9	16
28/02/2019	0	7.7	31.3	15.5
01/03/2019	0	7.3	29.8	16.3
02/03/2019	0	7.2	30.3	15.6
03/03/2019	0	8	31.8	16
04/03/2019	0	7.7	31.4	16.8
05/03/2019	0	7.3	32.1	16.9
06/03/2019	0	7.8	31.1	16.9
07/03/2019	0	6.8	30.6	16.4
08/03/2019	0	7.6	30.8	17.3
09/03/2019	0	8.3	29.6	16.8
10/03/2019	0	7.5	31	17.1
11/03/2019	0	6.7	32.8	17
12/03/2019	0	7	29.8	17.3
13/03/2019	0	4.2	28	14.6
14/03/2019	0	6.8	30.1	14.7
15/03/2019	0	7.4	30.2	15.3
16/03/2019	0	5.8	26.6	16.7
17/03/2019	0	5.4	27.2	16.8
18/03/2019	0	3.7	27.2	16.4
19/03/2019	0	7.3	27.4	15.8
20/03/2019	0	6.7	27.5	14.5
21/03/2019	0	6.5	28.8	14.8
22/03/2019	0	7.5	27.6	15.6
23/03/2019	0	7.1	27.6	14.3
24/03/2019	0	7.1	29.9	15.7
25/03/2019	0	7.4	31.9	16.2
26/03/2019	0	7.2	31.9	17.8
27/03/2019	0	6.2	30	17.2
28/03/2019	0	8	30.8	17.2
29/03/2019	0	9.2	31.1	17.8
30/03/2019	0	8.6	31.2	15.5
31/03/2019	0	8.3	31.1	16.1
01/04/2019	0	8.3	29.9	16.9
02/04/2019	0	7.7	30.1	16.8
03/04/2019	0	7.7	28.5	16.8
04/04/2019	0	7.3	29	16.4
05/04/2019	0	7	28.3	17.4
06/04/2019	0	9.8	28.9	17.6
07/04/2019	0	7.7	29.2	14.5
08/04/2019	0	7.4	29.7	16
09/04/2019	0	7.3	30.3	16.6
10/04/2019	0	8.6	30.4	17.3
11/04/2019	0	8.4	29.5	16.1
12/04/2019	0	5.8	28.1	16.1
13/04/2019	0	6.6	28.2	15
14/04/2019	0	6.1	30.6	14.1
15/04/2019	0	5.1	31.3	14.1
16/04/2019	0	6.5	31.9	16.7
17/04/2019	0	6.7	31.9	17.2
18/04/2019	0	4	31	18.1
19/04/2019	0	5.5	30.5	19.1
20/04/2019	0	5.7	31.8	17.5
21/04/2019	0	6.5	32.2	18.6
22/04/2019	0	6.4	32.4	18.1
23/04/2019	0	5.4	29.3	17.3
24/04/2019	0	4.7	30.8	19.1
25/04/2019	0	5.7	32.4	17.9
26/04/2019	0	5.9	31.6	19.5
27/04/2019	0	5.8	32.1	19.5
28/04/2019	0	5.3	32.4	20.6
29/04/2019	0	6.1	33.8	19.7
30/04/2019	0	6	33.8	19.3
01/05/2019	0	6.6	33.8	19.3
02/05/2019	0	6.9	33.9	20.6
03/05/2019	0	6.9	32.3	19.6
04/05/2019	0	5.2	31.2	20.7
05/05/2019	0	6.5	31.8	19.3
06/05/2019	0	6.9	28.6	17.8
07/05/2019	0	5.7	30.1	16.1
08/05/2019	0	7.4	30.7	17
09/05/2019	0	6.1	31.3	17.1
10/05/2019	0	6.4	31.3	17.6
11/05/2019	0	6.6	32.6	17.8
12/05/2019	0	6.7	31.2	18.2
13/05/2019	0	6.9	31.8	17.9
14/05/2019	0	7.2	33.2	17.7
15/05/2019	0	5.7	33.3	17.7
16/05/2019	0	6.4	33.4	20.2
17/05/2019	0	6.4	33.1	19.8
18/05/2019	0	4	32.2	20.2
19/05/2019	0	6.8	33.8	22.4
20/05/2019	0	6.9	33.2	19.5
21/05/2019	0	6.8	32.8	19.4
22/05/2019	0	6.4	32.3	18.6
23/05/2019	0	6.6	33.1	19.5
24/05/2019	0	5.9	34.1	20.3
25/05/2019	0	5.8	33.8	20.4
26/05/2019	0	5.5	32.6	20.9
27/05/2019	0	5.1	30.9	21.6
28/05/2019	0	6.1	32.1	20.4
29/05/2019	0	6.1	32.3	20.6
30/05/2019	0	5.7	33.3	19.7
31/05/2019	1.8	4.4	32.7	19.6
01/06/2019	0	5.6	31.6	19.6
02/06/2019	1.8	4.1	31.6	20.8
03/06/2019	0.3	4.3	31.4	19.2
04/06/2019	0	4.2	29.9	18.9
05/06/2019	0	3.1	26.8	19.5
06/06/2019	0	5.9	32.3	19.5
07/06/2019	0	3.6	31.7	19.9
08/06/2019	0	4.2	32.4	21.7
09/06/2019	0	5.5	34.9	21.7
10/06/2019	0	6.9	33.8	20.8
11/06/2019	0.5	5.6	32.2	21.4
12/06/2019	0.5	5.9	33.4	21.7
13/06/2019	2	5.2	30.2	19.1
14/06/2019	0	5.3	32.2	19.9
15/06/2019	0.5	4.6	31.8	19.9
16/06/2019	3.8	4	30.8	20
17/06/2019	3.6	4.9	30.9	18.7
18/06/2019	0	3.3	29.6	18.8
19/06/2019	0	3.5	27.8	17.2
20/06/2019	0	0.6	27.6	17.1
21/06/2019	0	4.7	-99999	-99999
22/06/2019	0	5.9	32.3	20.4
23/06/2019	0	5.9	32.3	19.9
24/06/2019	0	6.2	32.6	20.4
25/06/2019	2.5	4.3	30.4	19.1
26/06/2019	2.8	4.1	30.7	18.6
27/06/2019	3.6	4.2	29.1	18.5
28/06/2019	0	5.5	30.3	18.4
29/06/2019	35.8	4.4	29.9	18.8
30/06/2019	0	3.8	27.3	12.9
01/07/2019	0.8	4.7	27.9	16.8
02/07/2019	12.7	4.6	29.1	16.6
03/07/2019	0	4.5	28.5	15.9
04/07/2019	0.5	4.5	29.9	18.7
05/07/2019	0	4.4	28.8	18.9
06/07/2019	0	6.3	31.6	19.2
07/07/2019	0.3	3.9	29.9	20.5
08/07/2019	43.9	4.6	31.3	19.9
09/07/2019	12.4	5.1	30.4	15.8
10/07/2019	4.6	5.1	31.1	16.7
11/07/2019	7.9	4.6	29.1	16.9
12/07/2019	0	3.9	27.3	16.2
13/07/2019	28.2	4.8	29.1	17.2
14/07/2019	12.4	4.4	28.7	16.4
15/07/2019	11.4	4	28.2	16.9
16/07/2019	2.8	5.4	29.2	17.1
17/07/2019	3	4.9	29.2	16.7
18/07/2019	0	3	27.7	18.1
19/07/2019	18.2	3.8	28	18.7
20/07/2019	3.8	2.8	25.5	16.3
21/07/2019	5.3	3.7	25.9	16.1
22/07/2019	0	4.3	27.3	16.5
23/07/2019	8.9	3.5	25.7	16.5
24/07/2019	1	3.3	25.6	17.1
25/07/2019	0.5	3.4	26	17.3
26/07/2019	11.7	4	27.3	17.9
27/07/2019	0	3.3	26.7	16.7
28/07/2019	8.1	4.2	28.2	18.3
29/07/2019	30.5	4.1	27.9	15.9
30/07/2019	0	4.3	27.3	14.4
31/07/2019	0.3	5.1	28.7	17.7
01/08/2019	0	5.5	28.8	18.3
02/08/2019	0	5.5	29.8	19.4
03/08/2019	0	4.2	29.7	19.7
04/08/2019	0	3.6	28.6	19.5
05/08/2019	7.6	3.7	27.6	19
06/08/2019	11.9	3.8	26.3	17.3
07/08/2019	7.1	3.6	27.3	16.2
08/08/2019	0	2.6	25.8	17.1
09/08/2019	12.4	4.9	28.7	16.9
10/08/2019	0.3	3.6	27.6	16.6
11/08/2019	17.8	4.3	28.3	18.2
12/08/2019	0	4.6	29.4	16.8
13/08/2019	0.5	4.5	28.7	18.2
14/08/2019	9.9	5.2	29.8	17.9
15/08/2019	0	4.9	28.6	17.6
16/08/2019	1	4.8	30.2	17.3
17/08/2019	0	4.6	29.8	18.7
18/08/2019	0	2.3	29.2	19.6
19/08/2019	0	4.7	29.2	21.2
20/08/2019	0	6.5	29.6	20
21/08/2019	0	4.8	28.8	20.3
22/08/2019	0.3	0.5	25.9	20.2
23/08/2019	3.5	4.7	28.1	18.8
24/08/2019	1	3.2	27.1	17.5
25/08/2019	8.9	2.8	26.8	17.5
26/08/2019	7.9	2.7	27.1	18.8
27/08/2019	13.5	3.2	26.4	17.9
28/08/2019	12.2	4	28.5	15.8
29/08/2019	0	5.2	28.5	17.3
30/08/2019	0	4.7	28.7	18.4
31/08/2019	0	4.5	28.8	19
01/09/2019	8.9	5.2	28.4	18.3
02/09/2019	2.8	4.3	28.9	19
03/09/2019	0	4.9	28.6	17.1
04/09/2019	3.8	3	28.2	18.6
05/09/2019	22.6	3.5	28.7	17.9
06/09/2019	1.5	4.3	27.2	17.4
07/09/2019	0	2.5	26.8	17.7
08/09/2019	2	2.8	26.5	18
09/09/2019	0	3.8	27.5	17.3
10/09/2019	0	4	27.6	18.4
11/09/2019	0	3.8	27.5	18.6
12/09/2019	1.3	3.9	27.8	18.1
13/09/2019	9.9	4	27.7	18.7
14/09/2019	0	4.2	27.2	18.2
15/09/2019	0	4.9	28.3	17.6
16/09/2019	0	4.1	28.6	18.8
17/09/2019	0	4.7	29.2	19.4
18/09/2019	0	2.1	26.5	19.6
19/09/2019	6.9	3.8	25.8	19.3
20/09/2019	0	3	26.6	17.4
21/09/2019	0	4.5	29.5	18.4
22/09/2019	0	4.2	29.4	19.3
23/09/2019	1.5	3.4	29.2	19.1
24/09/2019	0	4.7	30.1	18.9
25/09/2019	0	3.1	27.3	18.9
26/09/2019	0.8	4.2	28.6	19.4
27/09/2019	0	4.1	29.9	18.9
28/09/2019	1.8	4.3	29.2	19.7
29/09/2019	13.2	2.4	25.1	19.2
30/09/2019	0.3	2.6	24.5	18.1
01/10/2019	1	4	27.1	18.2
02/10/2019	12.7	3.4	27.7	17.8
03/10/2019	0	3.5	26.7	16.9
04/10/2019	0	4.4	28.3	17.7
05/10/2019	0	3.5	28.2	18.6
06/10/2019	0	4.1	28.4	19.8
07/10/2019	0	3.6	28.4	19.8
08/10/2019	0	4	27.6	16.7
09/10/2019	0	-99999	-99999	17.6
10/10/2019	0	0.6	29.2	-99999
11/10/2019	0	3.5	29.4	20
12/10/2019	0	4	28.1	18.6
13/10/2019	4.1	3.3	28.4	18.4
14/10/2019	0	4.1	29.2	17.9
15/10/2019	0	4.2	30.4	17.9
16/10/2019	0	4.2	28.8	18.2
17/10/2019	13.2	2.4	25.6	18.9
18/10/2019	0.3	1.4	24.6	18.2
19/10/2019	0	2	25.3	18.7
20/10/2019	1.3	1.8	23.8	18.7
21/10/2019	0	1.8	23.1	17.2
22/10/2019	3	2.1	26.9	17.1
23/10/2019	0	3.4	26.3	15.7
24/10/2019	0	3	26.6	16.1
25/10/2019	0	2.9	26.1	17.6
26/10/2019	0	3	25.4	16.5
27/10/2019	0	4	26.5	15.8
28/10/2019	0.5	3.1	26.2	15
29/10/2019	0	3.6	27.2	15.3
30/10/2019	0	2.8	26.5	16.2
31/10/2019	35.2	3.2	28.5	17.1
01/11/2019	0.8	3.3	25.6	15
02/11/2019	3.5	2.4	26.4	15.1
03/11/2019	1.8	3	25.3	15.3
04/11/2019	0.5	3.2	26.7	16.7
05/11/2019	0	3.5	28.7	16.8
06/11/2019	0	4.3	26.6	16.8
07/11/2019	0	2.9	27.9	17.3
08/11/2019	0	4	27.9	17.7
09/11/2019	0	3.8	27.9	15.7
10/11/2019	0	4.1	28.3	15.7
11/11/2019	0	3.6	27.6	16.7
12/11/2019	1.8	2.4	25.7	16.7
13/11/2019	5.8	1.1	19.4	15.4
14/11/2019	0	2.8	22.6	14.5
15/11/2019	0	3.1	23.7	14.5
16/11/2019	2.5	2.7	25.1	15.2
17/11/2019	0.3	1.7	21.9	15.4
18/11/2019	0	2	24.2	15.5
19/11/2019	0	3	25.3	14.6
20/11/2019	0	2.5	25.7	14.6
21/11/2019	0	3.3	26.6	15.8
22/11/2019	0	3.5	27.8	15.5
23/11/2019	0	3.4	27.8	15.3
24/11/2019	0	3.7	27.7	15.3
25/11/2019	0	3.8	26.3	14.3
26/11/2019	0	2.8	25.6	15.2
27/11/2019	0	3.9	27.4	15.4
28/11/2019	0	3.8	27.2	14.9
29/11/2019	0	3.7	27.7	14.8
30/11/2019	0	4.2	27.6	15.5
01/12/2019	0	3.8	28.8	14.4
02/12/2019	0.3	3.6	28.2	15.3
03/12/2019	0	3.8	27.1	15.9
04/12/2019	0	3.4	26.8	14.4
05/12/2019	0	3.3	26.4	14.4
06/12/2019	0	4.6	27.7	14.4
07/12/2019	0	3	26.2	13.2
08/12/2019	0	3.5	26.3	12.3
09/12/2019	0	3.7	25.7	12.8
10/12/2019	0	3.3	24.9	12.6
11/12/2019	0	3.3	24.8	11.7
12/12/2019	0	3.5	25.6	12.4
13/12/2019	0	4.1	25.6	12.4
14/12/2019	0	4	27.1	11.1
15/12/2019	0	4.3	25.4	11.1
16/12/2019	0	3.9	25.1	11.8
17/12/2019	0	3.5	25.3	11.9
18/12/2019	0	2.3	22.1	12.2
19/12/2019	0	3.1	23.4	10.7
20/12/2019	0.3	1	16.7	10.8
21/12/2019	0.3	1	16.6	13.4
22/12/2019	0.3	2.5	19.1	9
23/12/2019	0	3.5	24.1	9.6
24/12/2019	0	3.5	24.8	12.2
25/12/2019	0	3.6	25	12.6
26/12/2019	0	3.9	25.3	11.8
27/12/2019	0	3.9	25.7	12.5
28/12/2019	0	3.1	21.3	13.1
29/12/2019	0	2.2	20.7	13.6
30/12/2019	0	3.9	25.2	11.1
31/12/2019	0	3.7	24.9	11.3
01/01/2020	38.9	2.2	22.3	13.2
02/01/2020	0.4	3.7	20.4	10.6
03/01/2020	0	3.9	23.5	7.8
04/01/2020	0	4.8	21.4	7.8
05/01/2020	0	3.9	23.8	6.3
06/01/2020	0	4.7	24	7.2
07/01/2020	0	3.7	25.3	9.1
08/01/2020	0	3.4	24.3	9.9
09/01/2020	0	3.7	25.4	10.2
10/01/2020	0	4.3	25.9	11.5
11/01/2020	0	3.7	26.6	12.8
12/01/2020	0	3.6	25.4	12.1
13/01/2020	0	3.9	27.2	12.2
14/01/2020	0	3.7	26.2	12.7
15/01/2020	0	3.5	26.8	13.1
16/01/2020	0	3.7	27.6	14.7
17/01/2020	0	4	25.9	14.8
18/01/2020	0.8	1.8	25.4	14.9
19/01/2020	0	3.7	25.6	14.9
20/01/2020	0	3.8	25	13.9
21/01/2020	0	4.2	25.7	12.8
22/01/2020	0	4.5	25.2	12.8
23/01/2020	0	1.9	20.4	15.8
24/01/2020	0	3.8	24.3	12
25/01/2020	0	3.9	23.2	12.1
26/01/2020	0	3	22.9	15
27/01/2020	0	4.2	24.9	11.1
28/01/2020	0	4.1	24.8	10.8
29/01/2020	0	3.9	26	11
30/01/2020	0	2	18.9	11.6
31/01/2020	0	2.7	23.7	11.6
01/02/2020	0	2.4	19.1	12.2
02/02/2020	4.6	1.8	19.6	13.1
03/02/2020	26.5	0.6	17	12.6
04/02/2020	0.3	2.2	20.6	12.7
05/02/2020	0	3	20.9	14.2
06/02/2020	0	5.2	23.1	7.9
07/02/2020	0	2.4	25.9	8.9
08/02/2020	0	3.4	25.7	10.1
09/02/2020	0	3.8	25.8	11.7
10/02/2020	0	4.3	26.6	13.3
11/02/2020	0	4.3	27.3	12.9
12/02/2020	0	3.7	24.1	12.5
13/02/2020	0	3.8	25.2	11.6
14/02/2020	0	4.3	26.7	12.3
15/02/2020	0	3.6	26.2	12.3
16/02/2020	0	4.3	28.9	14.7
17/02/2020	0	4.3	30.7	15.1
18/02/2020	0	3.4	30.8	15
19/02/2020	0	4.5	30.7	21
20/02/2020	0	4.7	30.6	14.9
21/02/2020	0	4	27.3	15.6
22/02/2020	0	3.7	27.2	14.9
23/02/2020	0	1.4	19.9	15.2
24/02/2020	0	3.4	23.8	10.9
25/02/2020	0	3	22.9	13.2
26/02/2020	0	3.4	23.4	15
27/02/2020	0	4.4	26.1	11.1
28/02/2020	0	4.5	28.1	12.4
29/02/2020	0	4.9	28.6	15.6
01/03/2020	0	5.3	28.8	15.8
02/03/2020	0	6.2	30	15.3
03/03/2020	0	6.5	27.8	15.3
04/03/2020	0	5.3	26.6	14.9
05/03/2020	0	4.6	29.1	15.5
06/03/2020	0	5.2	28.1	15.3
07/03/2020	0	3.4	27.4	14.5
08/03/2020	0	3.4	27.7	16.4
09/03/2020	0	4.2	28.6	16.9
10/03/2020	0	4.7	30.3	17.7
11/03/2020	0	5	30.8	18.1
12/03/2020	0	4.9	30.9	18.2
13/03/2020	0	5.3	31.2	17.4
14/03/2020	0	5.1	31.8	17.8
15/03/2020	0	4.7	30.8	17.8
16/03/2020	0	4.9	30.5	18.1
17/03/2020	0	4.6	29.1	17.4
18/03/2020	0	3.2	29.6	17.1
19/03/2020	0	5.9	30.1	19.3
20/03/2020	0	5.3	31.4	16.1
21/03/2020	0	5	30.7	18.3
22/03/2020	0	5.8	32.2	17.7
23/03/2020	0	6.1	32.6	18.6
24/03/2020	0	6	34.3	18.3
25/03/2020	0	5.9	34.2	18.1
26/03/2020	0	6.1	34.2	18.5
27/03/2020	0	6.4	31	18.7
28/03/2020	0	6.1	31.1	17.3
29/03/2020	0	5.7	30.7	17.8
30/03/2020	0	6.1	31.2	18.4
31/03/2020	0	6	31.9	17.8
01/04/2020	0	5.6	30.9	18.3
02/04/2020	0	6	31.2	17.4
03/04/2020	0	5.8	31.3	17.9
04/04/2020	0	5.9	31.1	18.3
05/04/2020	0	6	29.8	17.1
06/04/2020	0	6.7	29.7	17.3
07/04/2020	0	5	31.9	16.5
08/04/2020	0	6	32.2	17.4
09/04/2020	0	6.1	32.2	17.5
10/04/2020	0	5.8	31.9	17.9
11/04/2020	0	5.6	30.3	17.8
12/04/2020	0	6.4	31.1	18.1
13/04/2020	0	6.2	30.9	17.1
14/04/2020	0	6.8	32.3	16.2
15/04/2020	0	6.5	32.6	16.2
16/04/2020	0	6.2	32.7	17.9
17/04/2020	0	5.4	31.6	18.5
18/04/2020	0	3.1	31.2	19
19/04/2020	0	6	32.1	20.3
20/04/2020	0	6.4	32.8	18.7
21/04/2020	0	6	34.1	18.9
22/04/2020	0	5.5	32.6	19.4
23/04/2020	0	6.4	33.1	19.1
24/04/2020	0	6.5	32.9	17.3
25/04/2020	0	6	33.9	18.1
26/04/2020	0	6.3	33.5	19.7
27/04/2020	0	5.9	33.3	20.4
28/04/2020	0	6.4	32.1	19.7
29/04/2020	0	6.2	33.1	19.1
30/04/2020	0	5.4	32.3	19.2
01/05/2020	0	5.6	32	18
02/05/2020	0	6.1	33.3	19.3
03/05/2020	0	5.8	33.9	19.6
04/05/2020	0.8	5.5	33.8	21.3
05/05/2020	5.1	5.1	32.9	18.9
06/05/2020	0.3	5.2	30	17.8
07/05/2020	0.5	2.4	27.5	16.7
08/05/2020	0	4.5	29.8	16.8
09/05/2020	0	5.8	30.9	17.8
10/05/2020	0	6.4	31.6	18.3
11/05/2020	0	6.2	31	17.7
12/05/2020	0	6.2	31.7	17.9
13/05/2020	0	6.5	32.2	18.9
14/05/2020	0	6.9	32	18.4
15/05/2020	0	6.9	31.6	18.1
16/05/2020	0	7.4	30.4	18.6
17/05/2020	0	6.4	32.2	17.1
18/05/2020	0	3.8	32.2	19.2
19/05/2020	0	6.3	33.1	20.8
20/05/2020	0	6.7	33.1	20
21/05/2020	0	7.9	32.8	19.6
22/05/2020	0	8.1	31.8	19
23/05/2020	0	7.6	32.3	18.3
24/05/2020	0	7.7	31.5	18.2
25/05/2020	0	7	32.4	17.4
26/05/2020	0	7.6	32.8	17.7
27/05/2020	0	7.5	33.1	18.3
28/05/2020	0	6.3	33.8	18
29/05/2020	0	5.6	32.5	20.8
30/05/2020	0	6.3	29.4	19.7
31/05/2020	1.8	6.3	31.6	18.7
01/06/2020	0	6	32.4	20.1
02/06/2020	0	6.7	33	19.3
03/06/2020	0.3	7.3	35	20.8
04/06/2020	0	6.7	35.2	22.4
05/06/2020	0	6.5	36.1	23.1
06/06/2020	0	6.7	34.3	21.3
07/06/2020	0	4.1	30.9	20.5
08/06/2020	0	6.4	31.6	20.3
09/06/2020	0.3	4.9	33.4	18.6
10/06/2020	0	5.8	32.9	19.6
11/06/2020	2.8	5.2	31.2	20.2
12/06/2020	0	5.7	29.6	20.6
13/06/2020	0	6.6	32.3	18.6
14/06/2020	7.4	4.9	31.2	19.4
15/06/2020	7.1	5.5	32.1	18.5
16/06/2020	0	6.1	31.6	20.1
17/06/2020	0	6	32.4	20.3
18/06/2020	0	3.7	32.3	20.8
19/06/2020	7.9	5.5	32.9	21.6
20/06/2020	0.3	4.4	31.4	19.7
21/06/2020	3.8	4.6	31.3	19.9
22/06/2020	22.1	4	30	18.4
23/06/2020	1.5	4.5	29	16.7
24/06/2020	0	3.7	26.9	17.1
25/06/2020	1.5	2.4	26.4	17.2
26/06/2020	1.8	3.3	26.2	18.3
27/06/2020	0	5.1	30.2	18.2
28/06/2020	1.5	4.6	29.1	19.5
29/06/2020	0	4.7	29.5	17.1
30/06/2020	0.5	3.8	28.3	18.2
01/07/2020	26.9	3.1	26.9	19.7
02/07/2020	28.7	3	26.6	16.2
03/07/2020	5.3	4.7	28.9	15.9
04/07/2020	0.8	5.2	29.4	18.1
05/07/2020	0.3	4.5	30.5	19.2
06/07/2020	4.6	5.1	31.6	20.2
07/07/2020	2.5	3.4	27.3	16.7
08/07/2020	1.5	2.7	25.2	17.4
09/07/2020	15.2	3	26.4	18.4
10/07/2020	0	5.1	29.4	16.7
11/07/2020	9.9	5.5	30.1	18.2
12/07/2020	16	3.4	28.4	19.1
13/07/2020	0	5.2	29.1	17.2
14/07/2020	6.4	5.3	29.4	19.6
15/07/2020	0	3.4	28.9	18.9
16/07/2020	23.9	3.7	28.9	19.4
17/07/2020	17.5	3.9	27.9	16
18/07/2020	0	3.3	28.1	15.8
19/07/2020	0.8	4.6	28.7	18.1
20/07/2020	1.8	4.3	27.4	17.6
21/07/2020	1.3	5	29.3	17.7
22/07/2020	9.7	3.2	27.3	19.6
23/07/2020	1.8	3.2	28	18.8
24/07/2020	15.2	3.7	29.1	17.9
25/07/2020	29	3.8	28.2	18.9
26/07/2020	4.8	3.2	26.4	16.7
27/07/2020	0	3.2	26.3	17.6
28/07/2020	47.5	3.4	27.3	18.4
29/07/2020	1.5	2	22.9	16.9
30/07/2020	4.1	3.5	28.2	17.2
31/07/2020	0	3	26.2	15.9
01/08/2020	-99999	4.4	27.4	16.2
02/08/2020	-99999	4.7	28.2	16.4
03/08/2020	-99999	4.5	26.9	17.1
04/08/2020	-99999	4.4	27.9	18.5
05/08/2020	-99999	3.8	27.4	18.7
06/08/2020	-99999	5.7	28	17.9
07/08/2020	-99999	3.9	28.7	18.2
08/08/2020	-99999	5.1	27.9	19.6
09/08/2020	-99999	2.9	25	19.3
10/08/2020	-99999	3.9	28.8	17.9
11/08/2020	-99999	3.5	26.2	17.3
12/08/2020	-99999	4.5	26.8	16.1
13/08/2020	-99999	3.6	25	17.2
14/08/2020	-99999	4.3	27.6	17.5
15/08/2020	-99999	4.7	28.3	16.6
16/08/2020	-99999	4.3	26.7	15.9
17/08/2020	-99999	4.2	27.6	17.2
18/08/2020	-99999	1.6	24.6	17.4
19/08/2020	-99999	3.4	25.8	18.6
20/08/2020	-99999	4.2	27.6	17.1
21/08/2020	-99999	3.7	28.3	17.8
22/08/2020	-99999	4.8	29.3	19.9
23/08/2020	-99999	4.7	28.1	18.8
24/08/2020	-99999	3.2	27.1	17.5
25/08/2020	-99999	2.8	26.8	17.5
26/08/2020	-99999	2.7	27.1	18.8
27/08/2020	-99999	3.2	26.4	17.9
28/08/2020	-99999	4	28.5	15.8
29/08/2020	-99999	5.2	28.5	17.3
30/08/2020	-99999	4.7	28.7	18.4
31/08/2020	-99999	4.5	28.8	19
01/09/2020	0.3	3.5	27.9	19.1
02/09/2020	0	4.4	28.9	19
03/09/2020	0	5	30.1	19.2
04/09/2020	0	5.6	29.1	19.2
05/09/2020	2.5	4.1	27.2	18.8
06/09/2020	3.3	3.9	26.2	18.6
07/09/2020	0	2.9	26.3	17.9
08/09/2020	0	3.7	27.7	18.7
09/09/2020	0	4.2	28.3	19.4
10/09/2020	18	3.4	28	18.7
11/09/2020	0	4.2	27.7	17.7
12/09/2020	2.5	3.1	26.3	18.4
13/09/2020	6.3	3.5	27.1	18.3
14/09/2020	0.5	5.1	28.1	16.8
15/09/2020	0	3.8	28.2	16.8
16/09/2020	1.5	3	26.9	19.4
17/09/2020	3.8	3	26.1	18.9
18/09/2020	0.8	2.2	26.4	19.2
19/09/2020	0	4.4	27.1	19.3
20/09/2020	0.3	3.1	26	17.9
21/09/2020	13.7	2.2	26.5	18.5
22/09/2020	34.8	3.7	28.6	18.2
23/09/2020	0	4.1	28.6	17.6
24/09/2020	0	4.3	29.3	18.8
25/09/2020	28.4	2.3	26.2	19.3
26/09/2020	9.4	3.5	27.8	17.3
27/09/2020	0	3.5	28.7	18.7
28/09/2020	0	3.2	27.9	19.4
29/09/2020	0	3.8	26.2	16.3
30/09/2020	0	4.7	25.7	13.6
01/10/2020	0	4.9	26.9	13.9
02/10/2020	0	5.1	25.6	12
03/10/2020	0	4.7	26	11.8
04/10/2020	0	4.9	26.6	13.3
05/10/2020	0	4.7	25.7	11.3
06/10/2020	0	5.1	25	12.4
07/10/2020	0	3.7	27.6	14.8
08/10/2020	0	4.5	28.8	13.5
09/10/2020	0	3.8	28.9	15.9
10/10/2020	0	3.9	29.3	17.9
11/10/2020	0	3.4	28.3	19.1
12/10/2020	0	3.4	27.8	17.4
13/10/2020	0	4.1	28.8	17.7
14/10/2020	0	3.7	28.7	17.6
15/10/2020	1	3.6	29.8	17.6
16/10/2020	0	4.6	27.4	15.9
17/10/2020	0	4.2	28.2	14.7
18/10/2020	0	2.9	27.6	16.1
19/10/2020	0	4.1	29.3	16.9
20/10/2020	0	3.8	29.6	17.4
21/10/2020	0	4.3	29.2	17.6
22/10/2020	8.3	3.3	28.4	17.9
23/10/2020	0	3.8	29.3	19.3
24/10/2020	0	4.4	29.3	17.3
25/10/2020	0	3.9	29.6	16.4
26/10/2020	0	3.8	29.9	17.3
27/10/2020	0	4	27.9	17.7
28/10/2020	0	4.1	27.4	17.1
29/10/2020	0	4.4	29.1	15.4
30/10/2020	0	4.1	27.7	15.3
31/10/2020	0	4	28.6	14.8
01/11/2020	0	4.3	29.8	15.8
02/11/2020	0	4.2	25	12
03/11/2020	0	3.7	26.2	10.1
04/11/2020	0	4	27.1	11.1
05/11/2020	0	4.2	26.6	10.2
06/11/2020	0	4.4	25.9	10.4
07/11/2020	0	2.9	27.9	11.8
08/11/2020	0	3.8	27.8	14.2
09/11/2020	0	3.7	28.9	13.3
10/11/2020	0	3.8	28.9	14.2
11/11/2020	0	4	28.2	13.9
12/11/2020	0	3.6	28.6	14.2
13/11/2020	0	3.7	29.1	14.8
14/11/2020	0	3.8	28.4	15
15/11/2020	0	3.8	29.4	14.6
16/11/2020	0	3.4	26.2	14.9
17/11/2020	0	3.8	26	12.8
18/11/2020	0	2.6	25.6	13.2
19/11/2020	0	3.7	25.9	12.2
20/11/2020	0	3.5	27.6	12.3
21/11/2020	0	3.7	27.7	13.3
22/11/2020	0	3.8	27.1	13.7
23/11/2020	0	3.4	26.2	12.8
24/11/2020	0	3.4	27.3	13.3
25/11/2020	0	3.6	28.6	14.4
26/11/2020	0	3.6	29.2	13.8
27/11/2020	0	3.6	29.6	14.9
28/11/2020	0	3.5	28.6	14.2
29/11/2020	0	3.8	28.3	13.8
30/11/2020	0	3.3	26.6	13.5
01/12/2020	0	3.3	25.6	11.3
02/12/2020	0	3.3	25	11.7
03/12/2020	2	2.9	24.4	12
04/12/2020	0.8	2.2	22.3	12.6
05/12/2020	0	3	24.1	14.7
06/12/2020	0	1.8	20.1	14.1
07/12/2020	0	1.4	18.8	12.7
08/12/2020	0	2.4	23.4	13.7
09/12/2020	0	3.3	26.3	13.8
10/12/2020	0	3.1	25.1	14
11/12/2020	0	3.3	24.1	12.8
12/12/2020	0	2.8	25.2	13.2
13/12/2020	0	3.5	27.1	13.3
14/12/2020	0	3.9	26.7	13.8
15/12/2020	0	3.3	24.6	13.6
16/12/2020	0	3.7	25.2	10.6
17/12/2020	0	3.3	25.1	11.1
18/12/2020	0	2.2	25.3	11.6
19/12/2020	0	3.4	25.7	11.5
20/12/2020	0	3.5	26.3	11.4
21/12/2020	0	3.1	26	11.6
22/12/2020	0	3.2	25.2	11.8
23/12/2020	0	3.8	26.6	11.3
24/12/2020	0	3.8	28.1	10.3
25/12/2020	0	3.2	25.6	9.2
26/12/2020	0	3.9	26.1	9.4
27/12/2020	0	3.4	26	8.8
28/12/2020	0	3.5	26.7	9.5
29/12/2020	0	3.5	25.3	10.4
30/12/2020	0	3.6	22.5	9.8
31/12/2020	0	3.1	19.5	7.4
