CNA-SMN-CG-GMC-SMAA-CLIMATOLOGIA
BASE DE DATOS CLIMATOLOGICA
DATOS DISPONIBLES EN LA BASE DE DATOS A JULIO 2022

ESTACION  : 14340
NOMBRE    : BAJIO DE LOS AMOLES
ESTADO    : JALISCO
MUNICIPIO : MEZQUITIC
SITUACION : SUSPENDIDA
ORGANISMO : CONAGUA-DGE
CVE-OMM   : Nulo
LATITUD   : 022.058°
LONGITUD  : -103.931°
ALTITUD   : 2440 msnm

EMISIÓN   : 08/07/2022

            PRECIP  EVAP   TMAX   TMIN   
  Fecha     (MM)    (MM)   (°C)   (°C)   
18/04/1980  0       Nulo   20     Nulo   
19/04/1980  0       8.1    20     7      
20/04/1980  0       9.1    18     6      
21/04/1980  0       8      16     8      
22/04/1980  1       6.2    13     6      
23/04/1980  0       5.4    19     5      
24/04/1980  0       7.4    17     6      
25/04/1980  0       6.3    19     7      
26/04/1980  0       5.4    19     5      
27/04/1980  0       7.2    19     6      
28/04/1980  0       6.7    19     6      
29/04/1980  1       5.4    19     6      
30/04/1980  16      4.2    12     7      
01/05/1980  0       5      18     8      
02/05/1980  0       5      18     4      
03/05/1980  0       9.7    19     8      
04/05/1980  0       5.3    19     6      
05/05/1980  0       11.1   18     6      
06/05/1980  0       5      19     5      
07/05/1980  0       11.1   19     5      
08/05/1980  0       10.1   19     6      
09/05/1980  0       8.1    17     5      
10/05/1980  0       5      23     4      
11/05/1980  0       10     23     8      
12/05/1980  0       4.9    24     7      
13/05/1980  0       11.3   24     8      
14/05/1980  0       15     23     6      
15/05/1980  0       10     20     6      
16/05/1980  0       10.1   22     5      
17/05/1980  0       10.1   25     4      
18/05/1980  0       7      25     5      
19/05/1980  0       13.1   25     6      
20/05/1980  0       10.1   24     6      
21/05/1980  0       10.1   24     5      
22/05/1980  0       11.4   24     6      
23/05/1980  0       15.1   24     5      
24/05/1980  0       8.1    24     6      
25/05/1980  0       10.1   25     5      
26/05/1980  0       12.1   23     7      
27/05/1980  0       7.1    25     4      
28/05/1980  0       13.1   26     6      
29/05/1980  0       10     27     8      
30/05/1980  0       9.7    23     9      
31/05/1980  0       6.6    27     8      
01/06/1980  0       4.8    28     7      
02/06/1980  0       11.1   27     8      
03/06/1980  0       10.1   24     9      
04/06/1980  0       6      26     6      
05/06/1980  10      11.1   24     6      
06/06/1980  14      7.1    25     8      
07/06/1980  6.5     13.1   26     8      
08/06/1980  0       10.4   24     10     
09/06/1980  0       8.4    27     8      
10/06/1980  2       9.2    24     8      
11/06/1980  0       6.3    25     5      
12/06/1980  0       8.4    25     7      
13/06/1980  0       15.1   28     8      
14/06/1980  0       15     27     9      
15/06/1980  0       10     23     8      
16/06/1980  0       10.1   27     5      
17/06/1980  20      7.4    23     11     
18/06/1980  2       10     24     9      
19/06/1980  0       9.4    25     9      
20/06/1980  20      13.6   23     9      
21/06/1980  3.5     12.1   23     11     
22/06/1980  0       16.4   23     9      
23/06/1980  0       11.1   25     11     
24/06/1980  3       11.4   23     8      
25/06/1980  11      6.1    24     11     
26/06/1980  0       9.4    24     9      
27/06/1980  19      3      22     9      
28/06/1980  1       4.5    24     11     
29/06/1980  0       9.2    24     5      
30/06/1980  10      10.4   21     6      
01/07/1980  2       6      25     10     
02/07/1980  0       6.1    27     8      
03/07/1980  5       5.7    26.5   10     
04/07/1980  0       5.3    22     11     
05/07/1980  5       3.8    23     10     
06/07/1980  0       5.3    24     9      
07/07/1980  3.5     6.6    22.5   9      
08/07/1980  0       5.1    21     10     
09/07/1980  9       3.6    22     8      
10/07/1980  12      4.3    23     10     
11/07/1980  0       5.4    24.5   10     
12/07/1980  0       5.8    27     11     
13/07/1980  10      5.4    26     12     
14/07/1980  0       5.2    26.5   8      
15/07/1980  0       5.5    23     10     
16/07/1980  0       5.1    27     10     
17/07/1980  2       5.2    26     12     
18/07/1980  6       4.9    23     9      
19/07/1980  4       4.8    24     8      
20/07/1980  9       5.2    22     9      
21/07/1980  9       4.2    20     10     
22/07/1980  0       5.6    24     11     
23/07/1980  18      3.8    21     9      
24/07/1980  37      4.6    20     8      
25/07/1980  0       5.7    25     7      
26/07/1980  3       3.8    24     10     
27/07/1980  8       4.9    26     9      
28/07/1980  0       5.5    24     8      
29/07/1980  14      3.7    23.5   8      
30/07/1980  0       5.4    25     9      
31/07/1980  0       6.1    23     9.5    
01/08/1980  2       3.5    24     10     
02/08/1980  0       2.9    20     12     
03/08/1980  20      1.4    23     9      
04/08/1980  4       3.7    22     7      
05/08/1980  0       4.9    23     9      
06/08/1980  0       3      21     10     
07/08/1980  5       4.3    24.5   9      
08/08/1980  4.5     3.4    22     9      
09/08/1980  9       4.8    21     10     
10/08/1980  0       6.1    22     8      
11/08/1980  2       4.9    26     10     
12/08/1980  9       4.6    21.5   11     
13/08/1980  10.8    3.3    22.5   11     
14/08/1980  0       4.9    25.5   10     
15/08/1980  3       3.7    24     8      
16/08/1980  20      4.5    22     11     
17/08/1980  20      4.9    22.5   9      
18/08/1980  24      4.3    20     9      
19/08/1980  6       2.9    21.5   10     
20/08/1980  20      3.3    24     9      
21/08/1980  5       3.9    23     11     
22/08/1980  0       4.6    22.5   9      
23/08/1980  0       6.8    24     10     
24/08/1980  0       4.7    25     10.5   
25/08/1980  4       4.6    26     8      
26/08/1980  0       5.9    23.5   9      
27/08/1980  18      2.4    22     11     
28/08/1980  0       5.9    22     9      
29/08/1980  3       6.6    25     8.5    
30/08/1980  0       7.7    26     9      
31/08/1980  9       2.6    24.5   10.5   
01/09/1980  10      2.3    25.5   9      
02/09/1980  10      3.9    23     11     
03/09/1980  3       4.8    22     8      
04/09/1980  9       4.2    23.5   8      
05/09/1980  5       3.2    26     9      
06/09/1980  0       4.7    23     11     
07/09/1980  23      2.7    24     9.5    
08/09/1980  0       3      24.5   10     
09/09/1980  3       7      23.5   10     
10/09/1980  0       3.1    26     8      
11/09/1980  0       3.9    26     11     
12/09/1980  0       4      27     8      
13/09/1980  3       3.9    27     12     
14/09/1980  0       6.2    24     11.5   
15/09/1980  1       6      25     9      
16/09/1980  0       3.8    23     6      
17/09/1980  0       5.2    24.5   8      
18/09/1980  0       5.7    26     10     
19/09/1980  0       5.4    25     10.5   
20/09/1980  2       4      24     9.5    
21/09/1980  0       5.4    24     7      
22/09/1980  0       5.7    25     7      
23/09/1980  0       5.7    25     8      
24/09/1980  0       5.4    28     8      
25/09/1980  0       4.4    25     12     
26/09/1980  4       5.3    26     10     
27/09/1980  8       4.8    23     11     
28/09/1980  2       6.7    24     9      
29/09/1980  0       5.8    24     9      
30/09/1980  0       6.5    22     8      
01/10/1980  2       6.6    22     10     
02/10/1980  0       2      21     11     
03/10/1980  0       8      22     10     
04/10/1980  0       3      21     9      
05/10/1980  0       3.7    20     6      
06/10/1980  0       1.3    21     6      
07/10/1980  0       3.8    20     7      
08/10/1980  0       1.8    23     6      
09/10/1980  0       8.4    22     8      
10/10/1980  0       3.5    19     6      
11/10/1980  0       3.5    23     5      
12/10/1980  0       9.3    21     7      
13/10/1980  0       5.6    19     6      
14/10/1980  0       5      21     4      
15/10/1980  0       4.1    21     7      
16/10/1980  0       4.5    20     6      
17/10/1980  0       3.2    21     8      
18/10/1980  0       3      24     7      
19/10/1980  0       3.1    23     8      
20/10/1980  0       3.4    22     8      
21/10/1980  0       2.5    25     6      
22/10/1980  0       5.6    24     8      
23/10/1980  0       2.2    20     7      
24/10/1980  0       6      19     5      
25/10/1980  0       6      20     4      
26/10/1980  3       4.1    21     5      
27/10/1980  6       8.6    21     6      
28/10/1980  10      3      20     5      
29/10/1980  23      1      21     4      
30/10/1980  0       0.6    23     6      
31/10/1980  0       1.3    22     7      
01/11/1980  0       3      21     8      
02/11/1980  0       5      21     6      
03/11/1980  0       5      23     5      
04/11/1980  0       4.1    26     7      
05/11/1980  0       4.1    21     6      
06/11/1980  0       7.1    23     4      
07/11/1980  0       3.2    21     8      
08/11/1980  0       2.2    25     5      
09/11/1980  0       3      20     9      
10/11/1980  0       4.2    19     4      
11/11/1980  0       4      22     3      
12/11/1980  0       6      23     6      
13/11/1980  0       3.1    21     7      
14/11/1980  0       9      22     4      
15/11/1980  0       3.2    22     9      
16/11/1980  0       4.6    21     10     
17/11/1980  0       1.3    20     8      
18/11/1980  0       3      23     6      
19/11/1980  0       3.2    20     8      
20/11/1980  0       4.5    21     5      
21/11/1980  22      5.4    19     5      
22/11/1980  0       3.2    22     4      
23/11/1980  0       7.2    21     5      
24/11/1980  0       3.2    23     6      
25/11/1980  0       8.4    22     7      
26/11/1980  0       3.2    21     5      
27/11/1980  0       2.1    21     6      
28/11/1980  0       5.2    21     6      
29/11/1980  0       2.2    20     6      
30/11/1980  0       3.1    23     4      
01/12/1980  0       5      20     7      
02/12/1980  0       2      20     6      
03/12/1980  0       3.6    22     6      
04/12/1980  0       4.2    22     8      
05/12/1980  0       3.9    24     8      
06/12/1980  0       3.4    20     9      
07/12/1980  0       3.5    21     6      
08/12/1980  0       5      19     5      
09/12/1980  0       2.8    20     4      
10/12/1980  0       4.2    21     5      
11/12/1980  0       2.4    21     6      
12/12/1980  0       3.7    19     6      
13/12/1980  0       4.2    21     3      
14/12/1980  0       5.1    19     5      
15/12/1980  0       3.1    20     4      
16/12/1980  0       5.2    22     6      
17/12/1980  0       3.8    19     7      
18/12/1980  0       3      20     3      
19/12/1980  0       4.2    23     6      
20/12/1980  0       3.2    21     8      
21/12/1980  0       3      19     6      
22/12/1980  0       4      18     3      
23/12/1980  0       4.8    19     2      
24/12/1980  0       3.4    20     2      
25/12/1980  0       3.7    23     5      
26/12/1980  0       3.3    19     8      
27/12/1980  0       3.9    20     4      
28/12/1980  0       5.2    21     5      
29/12/1980  0       2.8    25     6      
30/12/1980  0       4      23     8      
31/12/1980  0       3.4    22     7      
01/01/1981  0       4.3    21     8      
02/01/1981  0       5.3    21     6      
03/01/1981  0       4      22     5      
04/01/1981  0       6.1    20     6      
05/01/1981  0       3      21     6      
06/01/1981  0       3.3    23     4      
07/01/1981  0       4.1    21     8      
08/01/1981  0       4.2    25     5      
09/01/1981  0       3.2    20     9      
10/01/1981  0       4      19     4      
11/01/1981  0       3.4    22     3      
12/01/1981  0       4.1    23     6      
13/01/1981  0       4.3    21     7      
14/01/1981  0       4.8    22     4      
15/01/1981  0       3      22     9      
16/01/1981  0       4.2    21     10     
17/01/1981  20      2.8    20     8      
18/01/1981  10      2      23     6      
19/01/1981  0       2.3    20     8      
20/01/1981  0       4.3    21     5      
21/01/1981  0       4.2    19     5      
22/01/1981  0       3.6    22     4      
23/01/1981  0       4      21     4      
24/01/1981  0       4.8    23     6      
25/01/1981  0       3.2    21     7      
26/01/1981  0       5.2    21     5      
27/01/1981  0       3.1    21     5      
28/01/1981  0       3.1    21     6      
29/01/1981  0       5      20     6      
30/01/1981  0       4.2    23     5      
31/01/1981  0       5.6    21     7      
01/02/1981  0       2.3    24     10     
02/02/1981  0       3.6    23     7      
03/02/1981  0       3.8    23     7      
04/02/1981  0       2.2    22     6      
05/02/1981  0       4.6    22     10     
06/02/1981  0       2      24     9      
07/02/1981  0       2.4    22     9      
08/02/1981  0       3      21     10     
09/02/1981  0       3.2    22     10     
10/02/1981  0       2.3    20     10     
11/02/1981  0       2.8    21     9      
12/02/1981  0       2.6    25     11     
13/02/1981  0       3.3    20     7      
14/02/1981  0       2.1    23     8      
15/02/1981  0       2.9    22     8      
16/02/1981  0       3.6    25     10     
17/02/1981  0       5      22     6      
18/02/1981  0       4.7    23     9      
19/02/1981  0       4.8    23     8      
20/02/1981  0       3.1    23     9      
21/02/1981  0       3.2    20     8      
22/02/1981  0       2.9    22     11     
23/02/1981  0       3      20     9      
24/02/1981  0       4      20     10     
25/02/1981  0       3.3    23     9      
26/02/1981  0       2.1    27     8      
27/02/1981  0       2.5    24     8      
28/02/1981  0       3.9    24     7      
01/03/1981  0       2      27     11     
02/03/1981  0       3.1    29     10     
03/03/1981  0       2      29     12     
04/03/1981  0       8      30     11     
05/03/1981  0       2      28     13     
06/03/1981  0       3      26     10     
07/03/1981  0       2      27     9      
08/03/1981  0       3      28     9.5    
09/03/1981  0       2      28     10     
10/03/1981  0       4      28     11     
11/03/1981  0       4      29     11     
12/03/1981  0       3      30     12     
13/03/1981  0       7.1    29     12.5   
14/03/1981  0       5      29     11.5   
15/03/1981  0       5.1    28     13     
16/03/1981  0       5.1    28     10     
17/03/1981  0       5.1    29     11     
18/03/1981  0       5.1    27     11     
19/03/1981  0       5.1    28     10     
20/03/1981  0       3      28     12     
21/03/1981  0       2      27     12     
22/03/1981  0       3      30     10     
23/03/1981  0       2      27.5   13     
24/03/1981  0       9      29     10     
25/03/1981  0       3      29     12     
26/03/1981  0       4      27     13     
27/03/1981  0       8.1    26     11     
28/03/1981  0       7      27     9      
29/03/1981  0       5      27.5   10     
30/03/1981  0       5      27.5   11     
31/03/1981  0       4.9    29     11     
01/04/1981  0       5      24     10     
02/04/1981  0       2      24     10     
03/04/1981  0       3      28     10     
04/04/1981  0       4      28     12     
05/04/1981  0       3      28.5   12     
06/04/1981  0       3      24     13     
07/04/1981  0       3      25     10     
08/04/1981  0       5      24     11     
09/04/1981  0       3      24     10     
10/04/1981  0       4.1    24.5   10     
11/04/1981  0       2      23.5   12     
12/04/1981  0       3      23     11     
13/04/1981  0       4      24     10     
14/04/1981  0       3      23     10     
15/04/1981  0       3      23     9      
16/04/1981  0       5      24     10     
17/04/1981  0       3      23     11     
18/04/1981  0       3      24     10     
19/04/1981  0       4.1    28     10     
20/04/1981  0       3      25     13     
21/04/1981  0       3      23.5   12     
22/04/1981  0       4      23     9      
23/04/1981  0       3      23.5   9      
24/04/1981  0       3.1    23     9      
25/04/1981  0       3      23     9.5    
26/04/1981  0       4      24.5   9      
27/04/1981  0       5.1    25     11     
28/04/1981  0       2      28     11     
29/04/1981  0       4.4    28     12     
30/04/1981  0       5.2    23.5   12     
01/05/1981  0       5.1    26     11     
02/05/1981  0       5      28     10     
03/05/1981  0       3.7    25     12     
04/05/1981  0       6.3    26     9      
05/05/1981  0       4.9    25.5   10     
06/05/1981  0       7.6    28     11     
07/05/1981  0       8.5    28     12     
08/05/1981  0       6.1    30     12     
09/05/1981  0       4.8    29     13     
10/05/1981  0       7.2    27.5   13.5   
11/05/1981  0       3.1    27     12.5   
12/05/1981  0       6.1    28     11     
13/05/1981  0       4      27     11     
14/05/1981  0       5.7    30     10     
15/05/1981  0       4.3    30     14     
16/05/1981  0       5      29     14.5   
17/05/1981  0       5.2    27     12.5   
18/05/1981  0       4.8    26     12     
19/05/1981  0       5.1    26     9      
20/05/1981  0       5      26     9      
21/05/1981  0       7.1    28     9.5    
22/05/1981  0       4.1    29     12     
23/05/1981  0       4.6    29.5   12.5   
24/05/1981  0       6.8    27     13     
25/05/1981  0       4.5    26     11     
26/05/1981  0       5.6    28     9      
27/05/1981  0       4.5    29     10     
28/05/1981  0       4.2    28     12     
29/05/1981  0       4.3    30     13     
30/05/1981  0       5.5    30     15     
31/05/1981  5       5      29     14     
01/06/1981  10      4      24     12     
02/06/1981  5       4      23     11     
03/06/1981  0       4.7    22     10     
04/06/1981  0       5.4    23     10     
05/06/1981  6       7      25     11     
06/06/1981  22      4.8    24     10     
07/06/1981  20      5.1    26     9      
08/06/1981  28      3.4    28     11     
09/06/1981  10      2.8    20     11     
10/06/1981  6       3.2    21     10     
11/06/1981  0       3.6    23     9      
12/06/1981  0       3      20     10     
13/06/1981  0       5.4    25     9      
14/06/1981  0       3.7    22     12     
15/06/1981  0       5.9    21     10     
16/06/1981  0       4.1    26     9      
17/06/1981  0       5.1    26     12     
18/06/1981  10      4.5    25     14     
19/06/1981  11      4.5    22     12     
20/06/1981  14      4.4    20     9      
21/06/1981  3       4.8    21     8      
22/06/1981  0       3.5    28     11     
23/06/1981  0       3.6    24     10     
24/06/1981  0       4      22     11     
25/06/1981  0       4.6    29     8      
26/06/1981  1       4.5    23     11     
27/06/1981  6       5      24     12     
28/06/1981  10      6.8    25     9      
29/06/1981  0       3.9    23     10     
30/06/1981  0       5      24     9      
01/07/1981  2       5.8    25     9      
02/07/1981  0       4      27     13     
03/07/1981  6       4.8    24     10     
04/07/1981  0       3.2    22     10     
05/07/1981  6       4.8    23     10     
06/07/1981  0       3.2    24     10     
07/07/1981  4.5     3.7    22     10     
08/07/1981  0       2.8    21     11     
09/07/1981  9       3.1    22     12     
10/07/1981  12      3.2    21     11     
11/07/1981  0       2      22     10     
12/07/1981  0       3.7    27     11     
13/07/1981  10      5.4    20     12     
14/07/1981  0       3.9    25     9      
15/07/1981  0       3.8    23     13     
16/07/1981  0       4.7    28     10     
17/07/1981  6       4.8    22     12     
18/07/1981  6       5.7    23     9      
19/07/1981  4       5.8    23     11     
20/07/1981  9       3.7    22     9      
21/07/1981  9       3.2    20     11     
22/07/1981  0       2.8    24     10     
23/07/1981  0       3.4    24     10     
24/07/1981  38      2.8    20     9      
25/07/1981  0       1.9    25     11     
26/07/1981  3       3.6    24     11     
27/07/1981  8       3.8    26     11     
28/07/1981  0       4.4    24     11     
29/07/1981  18      3.2    26     6      
30/07/1981  0       4.1    26     12     
31/07/1981  0       6      22     12     
01/08/1981  0       5.2    24     11     
02/08/1981  5       5.6    22     12     
03/08/1981  12      4.7    23     10     
04/08/1981  10      3.8    24     11     
05/08/1981  0       3.8    23     12     
06/08/1981  0       3.8    24     10     
07/08/1981  0       3.9    24     9      
08/08/1981  25      4.8    26     11     
09/08/1981  12      3.7    20     10     
10/08/1981  0       2.2    20     8      
11/08/1981  0       3.6    23     7      
12/08/1981  0       5.9    24     10     
13/08/1981  0       6.4    23     13     
14/08/1981  0       6.8    25     12     
15/08/1981  0       7.2    20     12     
16/08/1981  7       5.6    22     10     
17/08/1981  16      5.2    24     11     
18/08/1981  10      4.2    24     10     
19/08/1981  0       3.1    21     12     
20/08/1981  0       4      20     10     
21/08/1981  0       4.8    21     10     
22/08/1981  0       4.8    26     10     
23/08/1981  0       5.6    20     10     
24/08/1981  0       5.7    23     12     
25/08/1981  0       6.4    20     10     
26/08/1981  1       6.8    20     7      
27/08/1981  9       5.3    22     9      
28/08/1981  10      4.7    20     9      
29/08/1981  0       4.7    23     11     
30/08/1981  0       4.9    24     10     
31/08/1981  0       4.6    23     12     
01/09/1981  0       3.6    23     11     
02/09/1981  0       4.8    26     10     
03/09/1981  0       5.8    20     11     
04/09/1981  0       5.6    23     10     
05/09/1981  0       5.8    24     9      
06/09/1981  3       4.7    24     11     
07/09/1981  4       3.9    21     12     
08/09/1981  0       3.6    20     9      
09/09/1981  0       5.9    21     9      
10/09/1981  0       5.7    25     10     
11/09/1981  0       7.1    23     13     
12/09/1981  0       6.6    22     11     
13/09/1981  0       4.8    26     11     
14/09/1981  2       5.8    25     13     
15/09/1981  0       6.1    24     12     
16/09/1981  0       5.8    26     11     
17/09/1981  0       5.8    24     14     
18/09/1981  0       6.1    20     14     
19/09/1981  0       5.4    20     11     
20/09/1981  0       7.8    20     8      
21/09/1981  0       4.8    22     10     
22/09/1981  0       5.9    23     10     
23/09/1981  0       4.7    20     11     
24/09/1981  0       5.9    24     7      
25/09/1981  0       6.2    23     10     
26/09/1981  0       6.2    25     11     
27/09/1981  0       6.1    26     12     
28/09/1981  0       5.2    25     12     
29/09/1981  0       5.6    26     13     
30/09/1981  0       6.4    22     13     
01/10/1981  0       5.5    22     10     
02/10/1981  0       6.3    26     10     
03/10/1981  0       3      22     9      
04/10/1981  0       3.2    20     9      
05/10/1981  0       4.3    20     6      
06/10/1981  0       3.5    21.5   6      
07/10/1981  0       3.7    24     8      
08/10/1981  0       4.4    25     7      
09/10/1981  0       5.7    24     9      
10/10/1981  0       5.7    23     7      
11/10/1981  0       5.7    26     7      
12/10/1981  0       6.3    27     11     
13/10/1981  0       4.9    24     8      
14/10/1981  0       4.2    25     9      
15/10/1981  0       5.6    26     8      
16/10/1981  0       6.4    26.5   8      
17/10/1981  0       4.4    23     10     
18/10/1981  0       5.8    27     9      
19/10/1981  0       5.1    26     11     
20/10/1981  0       4.9    25     10     
21/10/1981  0       4.6    26     10.5   
22/10/1981  0       4.8    27     10     
23/10/1981  0       7.6    26     10     
24/10/1981  0       4.7    24     9      
25/10/1981  0       5.7    25     8      
26/10/1981  0       5.4    26     7      
27/10/1981  0       6.2    25     8      
28/10/1981  0       7.2    26.5   9      
29/10/1981  0       6.4    25     10     
30/10/1981  0       6.2    26     9      
31/10/1981  0       5      24     8      
01/11/1981  0       3      23     6      
02/11/1981  0       5      24     7      
03/11/1981  0       5.3    25     6      
04/11/1981  0       3.8    24     7      
05/11/1981  0       4.1    26     8      
06/11/1981  0       7.3    26.5   10     
07/11/1981  0       3.8    25     11     
08/11/1981  0       3.1    27     9      
09/11/1981  0       3.2    24     11     
10/11/1981  0       4.9    27     10     
11/11/1981  0       4.5    25     11.5   
12/11/1981  0       4.2    26     9.5    
13/11/1981  0       4.3    24     8      
14/11/1981  0       6.2    26     7      
15/11/1981  0       2.8    24     9      
16/11/1981  0       7      23     8      
17/11/1981  0       4.6    23     7      
18/11/1981  0       3.1    25     7      
19/11/1981  0       3.4    22     9      
20/11/1981  0       3      23     6      
21/11/1981  0       5.8    24.5   7      
22/11/1981  0       4.6    25     9      
23/11/1981  0       6.7    26     10     
24/11/1981  0       4.1    26.5   11     
25/11/1981  0       6.6    27     11.5   
26/11/1981  0       4.4    24     11     
27/11/1981  0       2.8    22     10     
28/11/1981  0       3.5    20     8      
29/11/1981  0       5.4    20     3      
30/11/1981  0       4.5    21     3      
01/12/1981  0       5      20     8      
02/12/1981  0       2.2    24     6      
03/12/1981  0       3.5    22     6      
04/12/1981  0       3.8    22     8      
05/12/1981  0       3.2    20     9      
06/12/1981  0       3.3    20     9      
07/12/1981  0       2.7    19     5      
08/12/1981  0       5      20     4      
09/12/1981  0       3      21     5      
10/12/1981  5       2.2    21     5      
11/12/1981  22      2      21     6      
12/12/1981  15      2      19     6      
13/12/1981  0       4.2    21     6      
14/12/1981  0       3.6    19     5      
15/12/1981  0       3.1    20     4      
16/12/1981  0       5.5    22     6      
17/12/1981  0       3.1    19     7      
18/12/1981  0       3.2    20     3      
19/12/1981  0       4.2    23     3      
20/12/1981  0       3.3    21     8      
21/12/1981  0       3.6    19     6      
22/12/1981  0       4.1    18     3      
23/12/1981  0       3.2    19     2      
24/12/1981  0       3.7    20     6      
25/12/1981  0       3.1    23     5      
26/12/1981  0       3.5    19     8      
27/12/1981  0       3.5    20     4      
28/12/1981  0       5.1    21     5      
29/12/1981  0       3.2    22     6      
30/12/1981  0       4.1    23     8      
31/12/1981  0       3.5    20     7      
01/01/1982  0       2.1    21     7      
02/01/1982  0       3.2    23     10     
03/01/1982  0       4.6    25     7      
04/01/1982  0       3.5    23     7      
05/01/1982  0       5.3    22     6      
06/01/1982  0       3.2    22     10     
07/01/1982  0       2.9    24     9      
08/01/1982  0       4.3    21     10     
09/01/1982  0       3.8    19     10     
10/01/1982  0       4.5    20     8      
11/01/1982  0       2.5    20     9      
12/01/1982  0       5.5    21     10     
13/01/1982  0       5.5    26     11     
14/01/1982  0       4.3    20     8      
15/01/1982  0       3.4    23     8      
16/01/1982  0       2.5    22     8      
17/01/1982  0       5.5    24     10     
18/01/1982  0       3.9    21     6      
19/01/1982  0       4.1    22     9      
20/01/1982  0       3.3    23     9      
21/01/1982  0       3.5    23     10     
22/01/1982  0       4.2    20     8      
23/01/1982  0       3.4    20     11     
24/01/1982  0       5.1    20     9      
25/01/1982  0       4.3    20     10     
26/01/1982  0       2.5    22     9      
27/01/1982  0       3.1    24     8      
28/01/1982  0       3.1    21     8      
29/01/1982  0       3      21     8      
30/01/1982  0       2.5    20     6      
31/01/1982  0       2.1    22     8      
01/02/1982  0       3      21     8      
02/02/1982  0       2.1    20     6      
03/02/1982  0       4      22     5      
04/02/1982  0       3.1    20     4      
05/02/1982  0       3.3    21     6      
06/02/1982  0       5.1    23     7      
07/02/1982  0       5.2    21     8      
08/02/1982  0       4.6    25     5      
09/02/1982  0       6.2    20     9      
10/02/1982  0       4.7    26     5      
11/02/1982  0       5.9    22     4      
12/02/1982  0       5.3    23     6      
13/02/1982  0       5.8    21     8      
14/02/1982  0       4.7    22     5      
15/02/1982  0       5.2    26     9      
16/02/1982  0       5.7    26     10     
17/02/1982  0       3.9    20     8      
18/02/1982  0       3.9    23     6      
19/02/1982  0       4.7    20     8      
20/02/1982  0       5.1    26     9      
21/02/1982  0       5.3    25     7      
22/02/1982  0       4.7    20     6      
23/02/1982  0       4.2    20     6      
24/02/1982  0       5.7    23     7      
25/02/1982  0       4.3    21     8      
26/02/1982  0       5.9    20     5      
27/02/1982  0       4.7    20     6      
28/02/1982  0       6.2    23     6      
01/03/1982  0       4.4    21     14     
02/03/1982  0       2      20     15     
03/03/1982  0       5.6    30     12     
04/03/1982  0       1.5    24     14     
05/03/1982  0       8      31     10     
06/03/1982  0       2      23     14     
07/03/1982  0       3      29     10     
08/03/1982  0       2.7    20     8      
09/03/1982  0       4.1    29     9      
10/03/1982  0       4.9    20     9      
11/03/1982  0       5.1    27     8      
12/03/1982  0       6.2    20     10     
13/03/1982  0       4.3    23     12     
14/03/1982  0       7.5    28     9      
15/03/1982  0       5.4    27     10     
16/03/1982  0       5.6    30     11     
17/03/1982  0       5.6    31     10     
18/03/1982  0       6.9    32     13     
19/03/1982  0       8.7    33     12     
20/03/1982  0       4.2    29     14     
21/03/1982  0       6.4    29     10     
22/03/1982  0       5.4    29     13     
23/03/1982  0       7.2    23     14     
24/03/1982  0       6      21     13     
25/03/1982  0       7.3    29     11     
26/03/1982  0       8.2    23     13     
27/03/1982  0       7.4    29     13.5   
28/03/1982  0       6.6    29     13     
29/03/1982  0       8.3    30     12.5   
30/03/1982  0       6.7    31     13     
31/03/1982  0       5.2    30     12     
01/04/1982  0       5.7    25.5   11.5   
02/04/1982  0       5.7    24     10     
03/04/1982  0       6.2    25     9      
04/04/1982  0       4.7    22     10     
05/04/1982  0       5.2    23.5   8      
06/04/1982  0       6.4    22     8.5    
07/04/1982  0       6.2    24     7.5    
08/04/1982  0       5.7    26     10     
09/04/1982  0       4.8    26.5   12     
10/04/1982  0       4.7    25     12.5   
11/04/1982  0       5.7    26     10     
12/04/1982  0       6.4    26.5   11     
13/04/1982  0       5.8    27     12     
14/04/1982  0       7.1    27.5   13     
15/04/1982  0       6.4    25.5   13.5   
16/04/1982  0       6.8    24     11     
17/04/1982  0       7.7    26     10     
18/04/1982  0       6.4    26.5   11.5   
19/04/1982  0       5.3    27     11     
20/04/1982  0       4.9    26.5   12.5   
21/04/1982  0       5.8    27     12     
22/04/1982  0       5.6    28     13.5   
23/04/1982  0       5.8    27     14     
24/04/1982  0       5.2    25     12     
25/04/1982  0       6.4    24     11     
26/04/1982  0       6.2    25     10     
27/04/1982  0       6.8    24     9      
28/04/1982  0       7.1    24.5   10     
29/04/1982  0       8.2    22.5   11     
30/04/1982  0       7.4    25     10.5   
01/05/1982  0       6.1    25.5   13.5   
02/05/1982  0       5.1    26     12.5   
03/05/1982  0       5.2    26     10     
04/05/1982  0       7.5    23     10.5   
05/05/1982  0       6.7    22     9      
06/05/1982  0       6.8    25     11     
07/05/1982  0       6.4    23     11     
08/05/1982  0       5.7    25     10     
09/05/1982  0       5.3    26     11.5   
10/05/1982  0       5.3    23     10.5   
11/05/1982  0       5.7    26     9      
12/05/1982  0       5.7    27     12     
13/05/1982  0       8.7    23     14     
14/05/1982  0       6.8    22.5   11     
15/05/1982  0       6.7    22     11     
16/05/1982  0       7.1    21.5   10     
17/05/1982  0       8      22     12     
18/05/1982  0       7.1    23     13.5   
19/05/1982  0       6.4    22     12     
20/05/1982  0       5.4    22.5   12     
21/05/1982  0       5.7    23.5   11     
22/05/1982  0       5.3    24     10     
23/05/1982  0       6.1    22.5   10.5   
24/05/1982  0       5.9    26     10.5   
25/05/1982  0       4.8    22     12     
26/05/1982  0       3.7    26     11.5   
27/05/1982  0       4.7    23     12     
28/05/1982  0       5.5    24     12     
29/05/1982  0       5.7    23     13     
30/05/1982  0       5.7    25     12     
31/05/1982  0       5.7    22     13     
01/06/1982  0       5.7    21.5   8      
02/06/1982  0       4.8    20     5      
03/06/1982  0       6.2    21     8      
04/06/1982  0       5.7    22     7      
05/06/1982  0       5.8    21     6      
06/06/1982  0       5.4    23     6.5    
07/06/1982  0       5.9    20.5   7.5    
08/06/1982  0       6.2    20     8      
09/06/1982  0       6.3    21     9      
10/06/1982  0       5.7    22     9.5    
11/06/1982  0       7.1    23.5   10     
12/06/1982  0       6.6    24     12     
13/06/1982  0       6.8    24     10     
14/06/1982  0       5.7    22     12.5   
15/06/1982  0       4.8    23     8.5    
16/06/1982  0       3.8    25     9.5    
17/06/1982  0       4.7    23     11     
18/06/1982  0       5.7    26     10     
19/06/1982  0       8      24     12     
20/06/1982  0       6.7    23.5   10     
21/06/1982  0       5.7    22     12     
22/06/1982  0       4.7    24     12     
23/06/1982  0       5.8    25     14     
24/06/1982  0       5.6    24.5   14     
25/06/1982  0       5.3    26     12     
26/06/1982  0       6.4    24     12.5   
27/06/1982  0       5.9    23     11     
28/06/1982  0       7.1    24.5   13     
29/06/1982  0       6.8    25     10     
30/06/1982  0       5.3    24     10.5   
01/07/1982  0       5.4    23     12     
02/07/1982  0       6.2    22     12     
03/07/1982  0       5.2    20     10     
04/07/1982  40      4.8    21.5   8      
05/07/1982  0       4.6    22     11     
06/07/1982  0       2.7    23     10     
07/07/1982  0       4.7    26     11     
08/07/1982  0       5.2    24     13     
09/07/1982  0       4.2    23.5   11     
10/07/1982  7.5     3.9    23     9      
11/07/1982  10.5    2.8    24     12     
12/07/1982  22.5    3      23     10     
13/07/1982  17      3.2    23.5   10     
14/07/1982  36      3.8    24     12     
15/07/1982  0       4.6    26     11     
16/07/1982  0       4.9    24     13     
17/07/1982  0       5.2    22     12.5   
18/07/1982  0       4.7    26     11     
19/07/1982  0       5.3    23     13     
20/07/1982  0       5.8    22     12     
21/07/1982  0       5.7    24     10     
22/07/1982  0       5.7    22     10.5   
23/07/1982  0       6.4    26     11     
24/07/1982  0       5.2    24     12     
25/07/1982  6       3      24.5   10.5   
26/07/1982  14      5.7    23     11     
27/07/1982  10      2.8    22     12     
28/07/1982  0       4.8    27     12     
29/07/1982  0       7.4    25     14     
30/07/1982  0       5.1    23.5   11     
31/07/1982  0       6.8    24     11.5   
01/08/1982  0       4.4    22     10     
02/08/1982  0       4.8    24     11     
03/08/1982  0       5.8    26     12     
04/08/1982  0       4.8    24.5   13.5   
05/08/1982  0       5.9    23     12     
06/08/1982  3       5.2    20     13     
07/08/1982  19      4.7    22     10     
08/08/1982  36      3.4    24     12     
09/08/1982  10.5    1.7    22     10.5   
10/08/1982  0       2      24     11     
11/08/1982  0       2.8    25     10     
12/08/1982  0       3.9    26     11     
13/08/1982  0       3.9    25     13     
14/08/1982  0       5.3    25.5   12.5   
15/08/1982  0       5.1    24     13     
16/08/1982  0       4.8    23     11     
17/08/1982  0       5.4    22     10     
18/08/1982  3.5     5.1    24     10.5   
19/08/1982  21.5    4.8    25     11     
20/08/1982  26      3.9    24.5   11     
21/08/1982  0       3.5    24.5   12.5   
22/08/1982  0       4.1    24     13     
23/08/1982  0       4.8    22     11     
24/08/1982  0       5.9    25     10     
25/08/1982  0       5.8    24     11     
26/08/1982  0       6.7    23.5   12     
27/08/1982  0       5.3    24     10     
28/08/1982  0       5.4    25     12     
29/08/1982  0       4.7    24     13.5   
30/08/1982  0       5.4    24.5   10     
31/08/1982  0       3.6    21     12     
01/09/1982  0       3.6    20     12     
02/09/1982  0       4.8    22     11     
03/09/1982  0       3.9    21.5   12     
04/09/1982  0       3.8    20     11     
05/09/1982  0       4.7    21     10     
06/09/1982  0       5.2    22     8      
07/09/1982  0       4.8    21     7      
08/09/1982  0       4.7    21     6      
09/09/1982  0       3.7    22     6      
10/09/1982  0       3.9    20     7      
11/09/1982  0       5.2    21     8      
12/09/1982  0       5.1    21     7      
13/09/1982  0       4.7    20     6      
14/09/1982  0       4.8    21     6      
15/09/1982  0       4.7    21     8      
16/09/1982  0       5.2    20     10     
17/09/1982  0       5.8    22     9      
18/09/1982  0       5.1    22     9      
19/09/1982  0       5.2    21     8      
20/09/1982  0       4.7    21     7      
21/09/1982  0       5.3    21     9      
22/09/1982  0       5.6    21     9      
23/09/1982  0       4.8    21     7      
24/09/1982  0       3.9    20     7      
25/09/1982  0       5.4    22     9      
26/09/1982  0       6.2    22     7      
27/09/1982  0       5.3    21     8      
28/09/1982  0       5.2    21     9      
29/09/1982  0       4.3    20     10     
30/09/1982  0       5.1    20     9      
01/10/1982  0       5.1    21.5   8      
02/10/1982  0       4.7    20     7      
03/10/1982  0       5.7    22     6      
04/10/1982  0       5.3    25     5      
05/10/1982  0       5.2    20     7      
06/10/1982  0       4.8    21.5   8      
07/10/1982  0       4.7    22     8      
08/10/1982  0       4.3    21     4      
09/10/1982  0       5.6    21     5      
10/10/1982  0       3.4    22     6      
11/10/1982  0       3.9    21     6      
12/10/1982  0       6.2    20     5      
13/10/1982  0       5.4    20     6      
14/10/1982  0       7.1    21.5   5.5    
15/10/1982  0       4.7    21     5      
16/10/1982  0       5.8    20     4      
17/10/1982  0       5.1    22     6      
18/10/1982  0       5.8    21     8      
19/10/1982  0       5.7    21.5   6      
20/10/1982  0       6.1    22     6      
21/10/1982  10      4.7    17     8      
22/10/1982  10      3.8    18     7      
23/10/1982  10      2      19     7      
24/10/1982  0       2.2    20.5   3.5    
25/10/1982  0       2      21     9      
26/10/1982  0       2.2    22     8      
27/10/1982  0       3      23     8      
28/10/1982  0       4.8    26     9      
29/10/1982  0       5.3    25     11     
30/10/1982  0       5.2    24     8      
31/10/1982  0       3      23     7      
01/11/1982  0       3.7    23     10     
02/11/1982  0       3.8    22     9      
03/11/1982  0       3.7    21.5   11     
04/11/1982  0       3.1    20.5   10     
05/11/1982  0       3.7    22     10     
06/11/1982  0       4.2    23.5   9      
07/11/1982  0       5.3    24     11     
08/11/1982  0       4.8    20     10     
09/11/1982  0       4.2    21.5   9      
10/11/1982  0       3.7    25     8      
11/11/1982  0       5.2    24     9      
12/11/1982  0       3.8    26     9      
13/11/1982  0       3.2    23     8      
14/11/1982  0       4.2    20     6      
15/11/1982  0       3.3    23     7      
16/11/1982  0       4.7    23     11     
17/11/1982  0       3.7    22     10     
18/11/1982  0       4.2    21     9      
19/11/1982  25      3.2    20     8      
20/11/1982  30      2.2    20     7      
21/11/1982  12      1.7    21.5   8      
22/11/1982  8       1.8    21     7      
23/11/1982  0       4.1    18     9      
24/11/1982  2       3.7    19     7      
25/11/1982  3       2.2    22     8      
26/11/1982  10      2.5    21     10     
27/11/1982  0       1.9    20     9      
28/11/1982  0       3      21.5   8      
29/11/1982  0       3.8    21     6      
30/11/1982  0       2.7    20     11     
01/12/1982  0       3.9    21     3.5    
02/12/1982  0       4.6    22     1.5    
03/12/1982  0       5.4    18     3      
04/12/1982  0       5.2    20     1.5    
05/12/1982  0       4.7    21     2      
06/12/1982  0       4.2    18.5   2      
07/12/1982  0       4.2    18     1.5    
08/12/1982  5.5     4.9    21     -2     
09/12/1982  9       3.2    23     5      
10/12/1982  1.5     2.2    24     9.5    
11/12/1982  0       1.8    21     10     
12/12/1982  5.8     3.2    21.5   3.5    
13/12/1982  6       2.8    22     4      
14/12/1982  0       2.7    23     5      
15/12/1982  0       3.9    21     8      
16/12/1982  0       3.9    20     -1     
17/12/1982  0       4.7    19.5   2      
18/12/1982  0       4.6    19     -1.5   
19/12/1982  0       3.2    20     2      
20/12/1982  0       4.2    18     2      
21/12/1982  0       4.2    18.5   1      
22/12/1982  0       3.7    20     1.5    
23/12/1982  0       3.2    21     2      
24/12/1982  0       4.2    19     2      
25/12/1982  0       4.8    18.5   -1.5   
26/12/1982  0       5.3    20     -1     
27/12/1982  0       5.2    22.5   1.5    
28/12/1982  0       4.7    21.5   2      
29/12/1982  0       4.7    22     -1     
30/12/1982  5.1     5.2    20     4      
31/12/1982  18.5    5.2    23     5      
01/01/1983  0       4.9    22     7.5    
02/01/1983  0       4.1    20.5   4      
03/01/1983  0       3.5    20     3      
04/01/1983  0       3.7    22     1.5    
05/01/1983  0       4.2    21.5   4      
06/01/1983  0       4.2    21     3.5    
07/01/1983  0       3.9    20     1      
08/01/1983  0       4.7    20.5   1.5    
09/01/1983  0       4.7    22     2      
10/01/1983  0       3.7    22.5   6.5    
11/01/1983  0       3.8    21.5   7      
12/01/1983  0       3.4    22     6.5    
13/01/1983  0       2.9    21.5   6      
14/01/1983  11.8    3.9    21     7.5    
15/01/1983  22.8    2.6    20     7      
16/01/1983  0       1.7    21.5   6      
17/01/1983  37.2    2.2    20     6.5    
18/01/1983  45.6    1.8    22     6      
19/01/1983  38.5    0.9    21     5      
20/01/1983  0       1      21     4      
21/01/1983  0       2.7    19     3.5    
22/01/1983  0       3      18     2      
23/01/1983  0       3.4    20     -2.5   
24/01/1983  0       4.2    18     -2     
25/01/1983  0       3.2    19     -1     
26/01/1983  0       3.7    21.5   -2     
27/01/1983  0       4.6    20     -1     
28/01/1983  0       4.6    22     1.5    
29/01/1983  0       3.8    25     2      
30/01/1983  0       5.9    24     2      
31/01/1983  0       4.7    23     1.5    
01/02/1983  0       4.7    25     7.5    
02/02/1983  0       4.7    21.5   6      
03/02/1983  0       4.7    22     6.5    
04/02/1983  0       3.9    22     7      
05/02/1983  0       2.9    21.5   7.5    
06/02/1983  0       3.2    21     6.5    
07/02/1983  0       5.2    20.5   4      
08/02/1983  0       5.7    23     2      
09/02/1983  0       5      23     3.5    
10/02/1983  0       4.7    20     3.5    
11/02/1983  0       4.7    19.5   2      
12/02/1983  0       3.9    20     1.5    
13/02/1983  0       3.8    21.5   2      
14/02/1983  0       3.7    22     2      
15/02/1983  0       3.5    23     4      
16/02/1983  0       3.9    17     5      
17/02/1983  0       4.7    18     1.5    
18/02/1983  0       5.2    20.5   2      
19/02/1983  0       4.7    21.5   2      
20/02/1983  0       4.8    22     6      
21/02/1983  0       5.2    21.5   6.5    
22/02/1983  0       4.9    22     7.5    
23/02/1983  0       4.8    24     7      
24/02/1983  0       3.9    24.5   7.5    
25/02/1983  0       5.4    24.5   7      
26/02/1983  0       6.2    23     9      
27/02/1983  0       6.1    23.5   8      
28/02/1983  0       7.6    25.5   6.5    
01/03/1983  0       4.3    25.5   2      
02/03/1983  0       5.4    24     1.5    
03/03/1983  4.9     3.9    20     2      
04/03/1983  0       4.6    22     3.5    
05/03/1983  0       4.7    25     7      
06/03/1983  0       5.1    24     9      
07/03/1983  0       6.7    25     8      
08/03/1983  0       5.6    25.5   8      
09/03/1983  0       6.4    26     8      
10/03/1983  0       5.2    24     11     
11/03/1983  0       5.2    25     11     
12/03/1983  16.5    3.7    24     10     
13/03/1983  0       2      21     9.5    
14/03/1983  0       3.2    22     9      
15/03/1983  2.5     3.8    18     7.5    
16/03/1983  0       3      19.5   3      
17/03/1983  0       3.6    23     3      
18/03/1983  0       5.4    24     7      
19/03/1983  0       5.1    25     7      
20/03/1983  0       6.5    24     7      
21/03/1983  0       6.6    22     6      
22/03/1983  0       5.3    20     4.5    
23/03/1983  0       5.8    21     1.5    
24/03/1983  0       5.9    23     2      
25/03/1983  0       6.1    24     2      
26/03/1983  0       6.4    25     7      
27/03/1983  0       5.9    25     6      
28/03/1983  0       5.2    25     9      
29/03/1983  0       5.4    24.5   10     
30/03/1983  0       7.1    24     11     
31/03/1983  0       8.1    25.5   10.5   
01/04/1983  0       7.5    26     8      
02/04/1983  0       6.9    27     7.5    
03/04/1983  0       7.8    27.5   6      
04/04/1983  0       7.2    26     7.5    
05/04/1983  0       6.8    25     9.5    
06/04/1983  0       5.2    26.5   8.5    
07/04/1983  0       7.1    25     8      
08/04/1983  0       6.2    24     9      
09/04/1983  0       7.2    21     7.5    
10/04/1983  0       9.4    23     2.5    
11/04/1983  0       11.1   25     4.5    
12/04/1983  0       9.6    25.5   6.5    
13/04/1983  0       8.2    25     9      
14/04/1983  0       7.7    24     9      
15/04/1983  0       9.1    25     8      
16/04/1983  0       10.5   26     8.5    
17/04/1983  0       9.4    27     9      
18/04/1983  0       9.2    28     9.5    
19/04/1983  0       10.1   28.5   8      
20/04/1983  0       8.9    29.5   10     
21/04/1983  0       11.2   30     11     
22/04/1983  0       10.3   31     10.5   
23/04/1983  0       9.9    30     10     
24/04/1983  0       8.2    29     11     
25/04/1983  0       7.1    28     9.5    
26/04/1983  0       7.2    27     9      
27/04/1983  0       9.8    30     8      
28/04/1983  0       10.2   30     8.5    
29/04/1983  0       9.5    32.5   9.5    
30/04/1983  0       11.5   34     11     
01/05/1983  0       6.8    28     13     
02/05/1983  0       7.2    27     12     
03/05/1983  0       7.3    29.5   11     
04/05/1983  0       6.6    30     13     
05/05/1983  0       5.9    31     15     
06/05/1983  0       6.8    32     14.5   
07/05/1983  0       7.5    31.5   15     
08/05/1983  0       7.1    32     13.5   
09/05/1983  0       7.2    31.5   14     
10/05/1983  0       6.9    28     14     
11/05/1983  0       6.2    27     13     
12/05/1983  0       7.4    28     11.5   
13/05/1983  0       7.2    27.5   12     
14/05/1983  0       6.8    28     13.5   
15/05/1983  0       6.8    30     12     
16/05/1983  0       6.9    31     13     
17/05/1983  0       7.1    29.5   14     
18/05/1983  0       7.1    31     13     
19/05/1983  0       6.8    32     13.5   
20/05/1983  0       6.8    31     12     
21/05/1983  0       7.1    29     13.5   
22/05/1983  0       5.9    29.5   12     
23/05/1983  0       6.2    28     12.5   
24/05/1983  1.5     5.2    27     12     
25/05/1983  9.5     3.6    24     11     
26/05/1983  8.5     2.2    25.5   9      
27/05/1983  2.5     2      26     11     
28/05/1983  0       3.7    28     12     
29/05/1983  1.5     4.7    31     13     
30/05/1983  0.5     5.2    30     13.5   
31/05/1983  0       7.8    32.5   13     
01/06/1983  0       5.7    27     10     
02/06/1983  0       4.8    28     11     
03/06/1983  0       5.2    30     12     
04/06/1983  0       5.7    28     14     
05/06/1983  0       6.8    27     12.5   
06/06/1983  0       7.1    26.5   11     
07/06/1983  0       8.2    25     11     
08/06/1983  0       7.1    26     10     
09/06/1983  0       6.7    27     10     
10/06/1983  0       7.1    28     11     
11/06/1983  0       7.2    29     12     
12/06/1983  0       5.1    30     12.5   
13/06/1983  0       6.1    31     12.5   
14/06/1983  1.5     8.8    28     13     
15/06/1983  2.5     5.7    26     12.5   
16/06/1983  0       6.8    24     11     
17/06/1983  0       6.1    25.5   9      
18/06/1983  0       4.9    29     10     
19/06/1983  0       5.3    27.5   11     
20/06/1983  5.5     5.2    29     11.5   
21/06/1983  4.8     4.7    27     12     
22/06/1983  4.1     4.6    26     11     
23/06/1983  2.3     5.9    24     9      
24/06/1983  0       5.7    24     8      
25/06/1983  0       5.8    27     9      
26/06/1983  0       5.1    28     10     
27/06/1983  0       4.8    29     11.5   
28/06/1983  18.5    5.6    27     13     
29/06/1983  0       6.4    28     11     
30/06/1983  0       5.2    29.5   12.5   
01/07/1983  9.5     4.1    27     12     
02/07/1983  7.5     3.7    28     11     
03/07/1983  2       3.8    29     12.5   
04/07/1983  3       4.1    27     13     
05/07/1983  21      6.2    29.5   12.5   
06/07/1983  3.8     5.3    25     12     
07/07/1983  0       5.2    26     11     
08/07/1983  0       4.1    29     11     
09/07/1983  0       5.2    31.5   13     
10/07/1983  1.8     7.1    30     13.5   
11/07/1983  0       6.2    31     14     
12/07/1983  35.6    5.2    25     14     
13/07/1983  10.9    3.1    24     10     
14/07/1983  15      2.8    24     9      
15/07/1983  11      2.2    25     9.5    
16/07/1983  1       3.1    26     10     
17/07/1983  2.8     2.9    26.5   11     
18/07/1983  11      3.6    23     10.5   
19/07/1983  63.5    1.6    22     8      
20/07/1983  0       0.6    23     7      
21/07/1983  1.9     2      25.5   8      
22/07/1983  2.3     2.4    27     9      
23/07/1983  0       3.7    28     10     
24/07/1983  0       3.6    27     11     
25/07/1983  0       5.1    26     10.5   
26/07/1983  2       5.2    27     9      
27/07/1983  0.3     6.4    28     10     
28/07/1983  12      4.8    26     10.5   
29/07/1983  0       3.1    29.5   9      
30/07/1983  0       5.2    29     11     
31/07/1983  67.8    3.1    29.5   12     
01/08/1983  32.5    3.8    27     10.5   
02/08/1983  1       1.6    27     11     
03/08/1983  0       3      28     12     
04/08/1983  0       4.6    28     13     
05/08/1983  0       4.3    29     13     
06/08/1983  0       3.8    28     13     
07/08/1983  21      3.1    27     14     
08/08/1983  6.2     2.5    25     13     
09/08/1983  7       3      26     11     
10/08/1983  0       3.5    27     11.5   
11/08/1983  0       3.2    28     12     
12/08/1983  11      4.5    27     13     
13/08/1983  13.8    3.6    29     13     
14/08/1983  4.6     3.9    30     14     
15/08/1983  1       5.2    30     13     
16/08/1983  2.5     6.8    27     13     
17/08/1983  8.2     5.2    26     11     
18/08/1983  0       4.1    27     10     
19/08/1983  5       3.7    27.5   11.5   
20/08/1983  3.1     3.7    26     12     
21/08/1983  0       4.2    26.5   11     
22/08/1983  0       4.3    27     12     
23/08/1983  0.5     4.8    28     12     
24/08/1983  0       5.6    28.5   12.5   
25/08/1983  0       5.2    29     13     
26/08/1983  6       4.8    29     14     
27/08/1983  0       3.9    28     13     
28/08/1983  10.5    3.7    28.5   12     
29/08/1983  22.5    3.1    27     12.5   
30/08/1983  0       3      25.5   11     
31/08/1983  0       2      27     9      
01/09/1983  0       4.1    26.5   9      
02/09/1983  0       3.8    26     9.5    
03/09/1983  0       3.7    27     10     
04/09/1983  3.7     4.1    27.5   11     
05/09/1983  0       5.9    25     12     
06/09/1983  0       4.2    26     11     
07/09/1983  0       4.7    24     11     
08/09/1983  8.5     3.2    25     9      
09/09/1983  0.5     4.8    24     10     
10/09/1983  24      3.2    22     8      
11/09/1983  42.5    2.8    22.5   7      
12/09/1983  6.5     0.9    25     6      
13/09/1983  4       1.9    26     7.5    
14/09/1983  0       2.2    26.5   9      
15/09/1983  0.5     3.8    24     10     
16/09/1983  0       3.2    23.5   8      
17/09/1983  5.5     4.1    24     7.5    
18/09/1983  20.8    3.1    23     7      
19/09/1983  11      2      24     5.5    
20/09/1983  20      2.2    23.5   7      
21/09/1983  15.1    2.2    22     6      
22/09/1983  0       3.1    23     5      
23/09/1983  0       3.9    25     7      
24/09/1983  0       5.1    25.5   10     
25/09/1983  0       3.9    26     11     
26/09/1983  0       3.2    26     10.5   
27/09/1983  0       4.6    25     10     
28/09/1983  15.5    4.8    26     9      
29/09/1983  21      3.1    24     7      
30/09/1983  16.5    1.8    23.5   4.5    
01/10/1983  0       5.2    25     5.5    
02/10/1983  0       5.1    25     6      
03/10/1983  0       4.8    26.5   8      
04/10/1983  0       4.1    26     12.5   
05/10/1983  0       5.5    27     11     
06/10/1983  0       4.8    26.5   12     
07/10/1983  0       3.7    26     10     
08/10/1983  0       3.1    24     8      
09/10/1983  0       4.7    22.5   7      
10/10/1983  0       5.8    26.5   3.5    
11/10/1983  0       5.4    26.5   7      
12/10/1983  0       5.5    26.5   10     
13/10/1983  0       4.5    25     10     
14/10/1983  0       4.2    26     9      
15/10/1983  0       4.1    24     8      
16/10/1983  0       3.7    25     8      
17/10/1983  6.9     4.6    24     5      
18/10/1983  7.4     2.5    23     3      
19/10/1983  0       2      22     3.5    
20/10/1983  0       4.1    25     5      
21/10/1983  0       3.1    25     6      
22/10/1983  0       3.9    26     6      
23/10/1983  0       3      27     7      
24/10/1983  0       3.7    26     9      
25/10/1983  0       6.2    26     10     
26/10/1983  0       5.8    27     10     
27/10/1983  0       3.1    26.5   11     
28/10/1983  0       4.7    26.5   10.5   
29/10/1983  0       5.8    27     10.5   
30/10/1983  0       3.2    24     9      
31/10/1983  0       3.9    25     8.5    
01/11/1983  0       3.8    24     4      
02/11/1983  5.2     4.8    23.5   5      
03/11/1983  3.6     3.2    22     6      
04/11/1983  1       3.7    24     3.5    
05/11/1983  0       4.2    23     3      
06/11/1983  0       3.8    26     4      
07/11/1983  0       5.2    23     6      
08/11/1983  0       3.2    23     3.5    
09/11/1983  0       5.1    21.5   4      
10/11/1983  0       4.2    20     3      
11/11/1983  0       3.8    20.5   2      
12/11/1983  0       2.8    21     2      
13/11/1983  0       2.2    22     3      
14/11/1983  0       3.8    24     4      
15/11/1983  0       3.4    25     5      
16/11/1983  0       4.5    22.5   6      
17/11/1983  0       5      20     3      
18/11/1983  0       3.9    20.5   2      
19/11/1983  0       3.2    21     1      
20/11/1983  0       3.8    21.5   2      
21/11/1983  0       2.2    22.5   3      
22/11/1983  0       4.1    21.5   4      
23/11/1983  0       3.2    22     4      
24/11/1983  0       3.7    23     5      
25/11/1983  0       3.8    21     3      
26/11/1983  0       3.6    19.5   2      
27/11/1983  0       3.4    18     1      
28/11/1983  0       3.8    21     -1.5   
29/11/1983  0       3.7    22     2      
30/11/1983  0       3.8    21     3.5    
01/12/1983  0       3.8    26     5      
02/12/1983  0       4.2    26.5   7      
03/12/1983  0       3.2    27     8      
04/12/1983  0       5.8    26     9      
05/12/1983  0       4.2    23     10     
06/12/1983  0       3.7    20     9      
07/12/1983  0       3.7    21.5   7      
08/12/1983  0       2.2    22     6      
09/12/1983  0       3.8    20.5   5      
10/12/1983  0       4.6    19.5   3      
11/12/1983  0       4.7    18     1      
12/12/1983  0       3.7    20     -1.5   
13/12/1983  0       4.7    22     1      
14/12/1983  0       3.8    23     2      
15/12/1983  0       4.6    23.5   3      
16/12/1983  0       3.8    21     4      
17/12/1983  0       3.7    23     3      
18/12/1983  0       3.6    24     4      
19/12/1983  0       3.7    25.5   5      
20/12/1983  0       3.8    25     7      
21/12/1983  0       3.7    22     8      
22/12/1983  0       3.7    24     7      
23/12/1983  0       4.5    22     6      
24/12/1983  0       2.2    21     2      
25/12/1983  0       3.7    19     1      
26/12/1983  0       3.9    18     -1     
27/12/1983  0       1.7    19     -2     
28/12/1983  0       3.2    20     1      
29/12/1983  0       3.2    22     1      
30/12/1983  0       4.1    23     3      
31/12/1983  0       3.2    24     4      
01/01/1984  0       3.8    24     Nulo   
02/01/1984  16      3.2    23     10     
03/01/1984  5       2.1    20     2.5    
04/01/1984  3       2.7    21     3      
05/01/1984  1       2.8    23     3      
06/01/1984  0       4      20     5      
07/01/1984  1       3.7    24     9      
08/01/1984  0       3.4    25     11     
09/01/1984  4       3      24     11     
10/01/1984  1       3.8    24.5   11.5   
11/01/1984  0       3.2    24     10     
12/01/1984  3       4.2    25.5   10     
13/01/1984  0       5.7    24     9      
14/01/1984  5       4.1    21     13     
15/01/1984  0       3.7    24     5.5    
16/01/1984  1       3.2    23     6.5    
17/01/1984  2       4      22     7      
18/01/1984  0       4.1    20     6      
19/01/1984  0       4.5    21.5   2      
20/01/1984  5       3.8    22     2      
21/01/1984  0       4.1    22     7      
22/01/1984  0       3.7    21     9      
23/01/1984  4       3.1    22     9      
24/01/1984  1       3      23     9      
25/01/1984  1       2.6    20     7      
26/01/1984  2       2.6    23     5      
27/01/1984  1       3.2    24     10     
28/01/1984  1       3.4    24     12     
29/01/1984  20      2.8    24.5   10     
30/01/1984  48      1.7    19     10     
31/01/1984  0       0.8    23     7      
01/02/1984  3       3.2    21     3      
02/02/1984  0       2.1    22     4      
03/02/1984  0       3.8    21     3.5    
04/02/1984  0       3.7    24     4      
05/02/1984  0       4.6    23.5   5      
06/02/1984  1       3.6    22     6      
07/02/1984  2       3      20.5   3.5    
08/02/1984  0       3      22     3      
09/02/1984  0       2.9    22     4      
10/02/1984  1       3.8    22     5      
11/02/1984  0       3.6    24     3      
12/02/1984  0       4.4    22     4      
13/02/1984  0       4.7    24     3.5    
14/02/1984  0       5.4    26.5   8      
15/02/1984  0       6.8    24     8      
16/02/1984  0       5.2    26     8.5    
17/02/1984  0       5      24     7      
18/02/1984  0       6.2    24     7      
19/02/1984  0       5      24     6      
20/02/1984  0       5.2    22     7      
21/02/1984  0       4.6    21     3      
22/02/1984  0       4.7    25     1      
23/02/1984  0       4.2    26     3.5    
24/02/1984  0       3.8    21.5   5      
25/02/1984  0       3.7    25     1      
26/02/1984  0       4.4    25     2      
27/02/1984  0       4.8    24     3.5    
28/02/1984  0       5.6    25     4      
29/02/1984  0       5.7    22     5      
01/12/1984  0       3.8    16     4      
02/12/1984  0       4.6    14     2.5    
03/12/1984  2       3.2    17     4      
04/12/1984  0       3.8    18.5   5.5    
05/12/1984  0       2.7    18     5.5    
06/12/1984  0       2.6    18     6      
07/12/1984  0       3.7    17.5   6.5    
08/12/1984  0       3.2    19     6      
09/12/1984  0       4      20     7      
10/12/1984  0       4.2    20     5.5    
11/12/1984  0       3.9    18     6.5    
12/12/1984  15      3.4    16     4.5    
13/12/1984  23      1.7    17     3      
14/12/1984  3       0.6    15     2.5    
15/12/1984  0       0.6    14     5      
16/12/1984  0       2.8    19     2.5    
17/12/1984  0       3.7    20     5      
18/12/1984  0       3.1    19     Nulo   
19/12/1984  0       4.6    20     5      
20/12/1984  0       4.2    18     2.5    
21/12/1984  0       5.2    21     6      
22/12/1984  0       4.3    20     3.5    
23/12/1984  0       3.2    20     5      
24/12/1984  0       2.8    18     3.5    
25/12/1984  0       2.8    15     4.5    
26/12/1984  0       2.6    15     6.5    
27/12/1984  0       3.7    18     5      
28/12/1984  0       3.8    18     7      
29/12/1984  6       3.9    17     6      
30/12/1984  0       2.7    17     7      
31/12/1984  0       3.2    16     2.5    
01/01/1985  0       1.3    16     2      
02/01/1985  0       2.2    14     2      
03/01/1985  0       1.4    14     7      
04/01/1985  0       0.5    14     7      
05/01/1985  0       1.9    12     7      
06/01/1985  0       2      13     6      
07/01/1985  0       4.8    15     3      
08/01/1985  0       5.5    16     3.5    
09/01/1985  0       1.7    13     3      
10/01/1985  3       3.4    12     4      
11/01/1985  5       2.1    12     5.5    
12/01/1985  6       2.1    13     3.5    
13/01/1985  3       3.6    14     2      
14/01/1985  50      2.8    15     1      
15/01/1985  48      0.5    15     2      
16/01/1985  4       0.4    16     3      
17/01/1985  56      0.3    17     2      
18/01/1985  10      1.6    18     1.5    
19/01/1985  1       2.1    15     2      
20/01/1985  0       3.7    13     4      
21/01/1985  0       2.1    14     1      
22/01/1985  0       1.9    21     6      
23/01/1985  0       2.9    20     6      
24/01/1985  0       3.7    24     0      
25/01/1985  1       2.4    21     1      
26/01/1985  0       2.5    22     2      
27/01/1985  0       2.3    21     1      
28/01/1985  0       4.3    23     3      
29/01/1985  0       3.2    19     4      
30/01/1985  0       1.2    19     2      
31/01/1985  0       2.5    21     2      
01/06/1987  0       3.9    25     7.5    
02/06/1987  0       5.2    23     7      
03/06/1987  0       4      24     5      
04/06/1987  0       3.2    25     10     
05/06/1987  2       0.1    23     11     
06/06/1987  0       1.9    28.5   10     
07/06/1987  0       2.3    27     8      
08/06/1987  15      2.1    18     6.5    
09/06/1987  0       2.2    22     6.5    
10/06/1987  10      2.1    26     6.5    
11/06/1987  3       2.2    25     8      
12/06/1987  2.8     9.2    27     12     
13/06/1987  0       1.6    26     7.5    
14/06/1987  18      10.8   26     8      
15/06/1987  0       2.3    24     10     
16/06/1987  0       3.2    23     11     
17/06/1987  0       3      23     5      
18/06/1987  0       2      21     9      
19/06/1987  0       4.5    29     7.5    
20/06/1987  35      3.3    18     9      
21/06/1987  0       3.9    24     6.5    
22/06/1987  10      3.6    29.5   10     
23/06/1987  68      3.8    23     8      
24/06/1987  0       3.7    27     6.5    
25/06/1987  0       3.8    27     10     
26/06/1987  0       9.5    28     6.5    
27/06/1987  40      5.4    28     6.5    
28/06/1987  0       4.6    26     6      
29/06/1987  25      5      28     6      
30/06/1987  0       4.8    27     8      
01/10/1987  35      Nulo   27     8      
02/10/1987  24      Nulo   28     11     
03/10/1987  18      Nulo   28     12     
04/10/1987  0       Nulo   29     10     
05/10/1987  14      Nulo   28     11     
06/10/1987  0       Nulo   24     9      
07/10/1987  0       Nulo   24     4      
08/10/1987  0       Nulo   26     7      
09/10/1987  0       Nulo   29     10     
10/10/1987  10      Nulo   27     10     
11/10/1987  0       Nulo   26     9      
12/10/1987  0       Nulo   26     9      
13/10/1987  0       Nulo   27     10.5   
14/10/1987  22      Nulo   28     7      
15/10/1987  0       Nulo   26     11     
16/10/1987  0       Nulo   24     11     
17/10/1987  43      Nulo   22     8      
18/10/1987  5       Nulo   22     12     
19/10/1987  8       Nulo   23     10     
20/10/1987  0       Nulo   27     9      
21/10/1987  24      Nulo   28     9      
22/10/1987  0       Nulo   29     10     
23/10/1987  0       Nulo   28     11     
24/10/1987  5       Nulo   27     10     
25/10/1987  4.6     Nulo   22     11     
26/10/1987  38      Nulo   26     7      
27/10/1987  40      Nulo   24     8      
28/10/1987  55      Nulo   25     9      
29/10/1987  0       Nulo   24     10     
30/10/1987  0       Nulo   26     12     
31/10/1987  0       Nulo   24     8      
10/03/1988  0       Nulo   18     Nulo   
11/03/1988  0       Nulo   14     6      
12/03/1988  0       Nulo   18     5      
13/03/1988  0       Nulo   18     6.5    
14/03/1988  0       Nulo   16     1      
15/03/1988  0       Nulo   15     1      
16/03/1988  0       Nulo   18     3      
17/03/1988  0       Nulo   20     2      
18/03/1988  0       Nulo   22     2      
19/03/1988  0       Nulo   20     3      
20/03/1988  0       Nulo   19     3      
21/03/1988  0       Nulo   18     3      
22/03/1988  0       Nulo   19     4      
23/03/1988  0       Nulo   20     2      
24/03/1988  0       Nulo   23     3      
25/03/1988  0       Nulo   22     2      
26/03/1988  0       Nulo   25     4      
27/03/1988  0       Nulo   20     3      
28/03/1988  0       Nulo   22     4.5    
29/03/1988  0       Nulo   20     3      
30/03/1988  0       Nulo   20     3      
31/03/1988  0       Nulo   21     2      
01/04/1988  0       Nulo   Nulo   Nulo   
02/04/1988  0       Nulo   Nulo   Nulo   
03/04/1988  0       Nulo   Nulo   Nulo   
04/04/1988  0       Nulo   Nulo   Nulo   
05/04/1988  0       Nulo   Nulo   Nulo   
06/04/1988  0       Nulo   Nulo   Nulo   
07/04/1988  0       Nulo   Nulo   Nulo   
08/04/1988  0       Nulo   Nulo   Nulo   
09/04/1988  0       Nulo   Nulo   Nulo   
10/04/1988  0       Nulo   Nulo   Nulo   
11/04/1988  0       Nulo   Nulo   Nulo   
12/04/1988  0       Nulo   Nulo   Nulo   
13/04/1988  0       Nulo   Nulo   Nulo   
14/04/1988  0       Nulo   Nulo   Nulo   
15/04/1988  0       Nulo   Nulo   Nulo   
16/04/1988  0       Nulo   Nulo   Nulo   
17/04/1988  0       Nulo   Nulo   Nulo   
18/04/1988  0       Nulo   Nulo   Nulo   
19/04/1988  0       Nulo   Nulo   Nulo   
20/04/1988  0       Nulo   Nulo   Nulo   
21/04/1988  0       Nulo   Nulo   Nulo   
22/04/1988  0       Nulo   Nulo   Nulo   
23/04/1988  0       Nulo   Nulo   Nulo   
24/04/1988  0       Nulo   Nulo   Nulo   
25/04/1988  0       Nulo   Nulo   Nulo   
26/04/1988  0       Nulo   Nulo   Nulo   
27/04/1988  0       Nulo   Nulo   Nulo   
28/04/1988  0       Nulo   Nulo   Nulo   
29/04/1988  0       Nulo   Nulo   Nulo   
30/04/1988  0       Nulo   Nulo   Nulo   
01/05/1988  0       Nulo   Nulo   Nulo   
02/05/1988  0       Nulo   Nulo   Nulo   
03/05/1988  0       Nulo   Nulo   Nulo   
04/05/1988  0       Nulo   Nulo   Nulo   
05/05/1988  0       Nulo   Nulo   Nulo   
06/05/1988  0       Nulo   Nulo   Nulo   
07/05/1988  0       Nulo   Nulo   Nulo   
08/05/1988  0       Nulo   Nulo   Nulo   
09/05/1988  0       Nulo   Nulo   Nulo   
10/05/1988  0       Nulo   Nulo   Nulo   
11/05/1988  0       Nulo   Nulo   Nulo   
12/05/1988  0       Nulo   Nulo   Nulo   
13/05/1988  0       Nulo   Nulo   Nulo   
14/05/1988  0       Nulo   Nulo   Nulo   
15/05/1988  0       Nulo   Nulo   Nulo   
16/05/1988  0       Nulo   Nulo   Nulo   
17/05/1988  0       Nulo   Nulo   Nulo   
18/05/1988  0       Nulo   Nulo   Nulo   
19/05/1988  0       Nulo   Nulo   Nulo   
20/05/1988  0       Nulo   Nulo   Nulo   
21/05/1988  0       Nulo   Nulo   Nulo   
22/05/1988  0       Nulo   Nulo   Nulo   
23/05/1988  0       Nulo   Nulo   Nulo   
24/05/1988  0       Nulo   Nulo   Nulo   
25/05/1988  0       Nulo   Nulo   Nulo   
26/05/1988  0       Nulo   Nulo   Nulo   
27/05/1988  0       Nulo   Nulo   Nulo   
28/05/1988  0       Nulo   Nulo   Nulo   
29/05/1988  0       Nulo   Nulo   Nulo   
30/05/1988  0       Nulo   Nulo   Nulo   
31/05/1988  0       Nulo   Nulo   Nulo   
15/06/1988  28.2    Nulo   37     Nulo   
16/06/1988  33      Nulo   20     10     
17/06/1988  2       Nulo   33     10     
18/06/1988  8.5     Nulo   22.5   10.5   
19/06/1988  3       Nulo   22     10     
20/06/1988  0       Nulo   33     10     
21/06/1988  0       Nulo   21.5   10     
22/06/1988  3       Nulo   22     10.5   
23/06/1988  7       Nulo   20     10     
24/06/1988  5       Nulo   21     10.5   
25/06/1988  26      Nulo   23     11     
26/06/1988  13      Nulo   26     12     
27/06/1988  1       Nulo   13     11     
28/06/1988  21      Nulo   17     12     
29/06/1988  0       Nulo   33     13     
30/06/1988  0       Nulo   Nulo   19     
--------------------------------------
