CNA-SMN-CG-GMC-SMAA-CLIMATOLOGIA
BASE DE DATOS CLIMATOLOGICA
DATOS DISPONIBLES EN LA BASE DE DATOS A JULIO 2022

ESTACION  : 26402
NOMBRE    : BASCONCOBE
ESTADO    : SONORA
MUNICIPIO : ETCHOJOA
SITUACION : SUSPENDIDA
ORGANISMO : CONAGUA-DGE
CVE-OMM   : Nulo
LATITUD   : 026.95°
LONGITUD  : -109.667°
ALTITUD   : 18 msnm

EMISIÓN   : 04/07/2022

            PRECIP  EVAP   TMAX   TMIN   
  Fecha     (MM)    (MM)   (°C)   (°C)   
01/02/1984  0       2.4    26     8      
02/02/1984  0       2.5    26     7      
03/02/1984  0       2.5    27     6      
04/02/1984  0       2.8    26.5   6.5    
05/02/1984  2.3     2.5    27     6      
06/02/1984  0       2.4    25     8      
07/02/1984  0       2.4    26     8.5    
08/02/1984  0       2.4    25.5   6      
09/02/1984  0       3      26     8      
10/02/1984  0       2.9    25.8   8      
11/02/1984  0       2.6    26     7      
12/02/1984  0       3.8    26.5   8      
13/02/1984  0       2.5    26.5   9      
14/02/1984  0       2.7    25     4      
15/02/1984  0       2.6    25.5   4      
16/02/1984  0       2.8    26.5   5      
17/02/1984  0       2.5    25     4      
18/02/1984  0       2.5    25.5   2      
19/02/1984  0       8.1    26     2      
20/02/1984  0       3      21     1      
21/02/1984  0       2.9    22.5   1      
22/02/1984  0       3.8    25     2      
23/02/1984  0       2.4    22     5      
24/02/1984  0       2.4    22     0      
25/02/1984  0       2.4    21     5      
26/02/1984  0       2.4    24     5      
27/02/1984  0       2.8    23     1.5    
28/02/1984  0       3      23     4      
29/02/1984  Nulo    3.1    26.5   5      
01/06/1984  0       9.2    37     16     
02/06/1984  0       9.6    36     15     
03/06/1984  0       9.2    37     14     
04/06/1984  0       10     37     14     
05/06/1984  0       9      37     15     
06/06/1984  0       8.9    34     16     
07/06/1984  0       8.2    35     12     
08/06/1984  0       8.1    37     12     
09/06/1984  0       8.2    36     14.5   
10/06/1984  0       8.3    35     15     
11/06/1984  0       8.5    35     14     
12/06/1984  0       9      36     20     
13/06/1984  0       9.4    36     20     
14/06/1984  0       9      36.5   23     
15/06/1984  0       9      37.5   22     
16/06/1984  0       9      37.5   25     
17/06/1984  0       8.9    36.8   26     
18/06/1984  0       10.2   37.5   22     
19/06/1984  0       10     37     24     
20/06/1984  0       10.1   38.5   23     
21/06/1984  0       9.9    37     24     
22/06/1984  0       10.3   36     24     
23/06/1984  19.5    9.1    36     21     
24/06/1984  0       8.2    36.5   22     
25/06/1984  0       8.1    38     21.5   
26/06/1984  0       8.1    35     22.5   
27/06/1984  8.5     8.5    32     18     
28/06/1984  0       8.2    33     22.8   
29/06/1984  2.8     8      31     22     
30/06/1984  Nulo    9.1    37.8   20     
01/08/1984  0       7.9    36     23     
02/08/1984  0       7.9    37     19.5   
03/08/1984  0       7.2    36     22     
04/08/1984  0       7.8    37.5   24     
05/08/1984  0       7.2    36     24     
06/08/1984  2.5     7.1    37.5   24     
07/08/1984  0       7.3    38     24     
08/08/1984  56      5.6    36     26     
09/08/1984  11.5    2.1    32.5   23     
10/08/1984  2       5.1    31     21     
11/08/1984  0       6.2    32     22     
12/08/1984  110     Nulo   33     24     
13/08/1984  0       7.1    34     22     
14/08/1984  0       6.1    35     22     
15/08/1984  4       5.1    30     23     
16/08/1984  22.5    5.1    33     21     
17/08/1984  0       6      33     20.5   
18/08/1984  2.5     6.1    34     21     
19/08/1984  0       6.1    36     24     
20/08/1984  0       6.2    37     21.5   
21/08/1984  4.5     6.1    32.5   22.5   
22/08/1984  0       6.5    37.5   21.5   
23/08/1984  0       6.1    36     23     
24/08/1984  0       5.1    36     20     
25/08/1984  0       4.3    36     23     
26/08/1984  0       4.4    37     22     
27/08/1984  0       5.1    33     22     
28/08/1984  0       7.6    38.5   23     
29/08/1984  0       8      38     24     
30/08/1984  0       6.2    36.5   24     
31/08/1984  10.4    6.2    31     21     
01/07/1986  0       12.2   35     22     
02/07/1986  0       11.9   37     24     
03/07/1986  0       11.6   38     24     
04/07/1986  0       8.4    36     22     
05/07/1986  0       10.9   37     24     
06/07/1986  0       11.2   38     25     
07/07/1986  0       8.4    37     25     
08/07/1986  29.3    9      34     23     
09/07/1986  1.5     6.8    32     23     
10/07/1986  0       12.8   38     25     
11/07/1986  0       8.4    39     24     
12/07/1986  2       9.4    39     23     
13/07/1986  0       5.5    35     24     
14/07/1986  0       10     36     24     
15/07/1986  0       10.8   35     24     
16/07/1986  16      6.8    35     22     
17/07/1986  0       10.7   36     24     
18/07/1986  0       9.1    35     23     
19/07/1986  0       8.5    35     23     
20/07/1986  0       9      36     24     
21/07/1986  0       9      33     22     
22/07/1986  0       11     40     23     
23/07/1986  0       10     35     24     
24/07/1986  0       11.8   39     24     
25/07/1986  0       10.2   40     24     
26/07/1986  3       8.6    37     24     
27/07/1986  0       10.9   32.5   24     
28/07/1986  0       11.1   38     26     
29/07/1986  0       10.1   37     24     
30/07/1986  0       11     38     26     
31/07/1986  0       10.9   38     23     
01/08/1986  0       10.4   37     25     
02/08/1986  0       10.2   37     25     
03/08/1986  0       9.8    40     25     
04/08/1986  0       10.2   39     28     
05/08/1986  0       10.1   40     23     
06/08/1986  0       9.6    38.5   27     
07/08/1986  0       9.4    36     24     
08/08/1986  0       5.3    40     27     
09/08/1986  0       8.4    37.5   25     
10/08/1986  5       6.2    34     27     
11/08/1986  0       0.3    37     24     
12/08/1986  0       8.6    37     24.5   
13/08/1986  0       9.2    38     26     
14/08/1986  0       3.4    34     26     
15/08/1986  0       7      35     24     
16/08/1986  0       6.9    35     25     
17/08/1986  0       5.9    37     25     
18/08/1986  18      7.7    34     26     
19/08/1986  0       6.8    35     24     
20/08/1986  0       8.2    36     24     
21/08/1986  0       3.4    35     27     
22/08/1986  0       9.2    38     24     
23/08/1986  0       4      32     22     
24/08/1986  0       8.5    33     23     
25/08/1986  0       7.4    34.5   23     
26/08/1986  0       8.4    39     25.5   
27/08/1986  14.5    4      36     24     
28/08/1986  0       5.8    34     24     
29/08/1986  0       5      32     25     
30/08/1986  0       6      34     24     
31/08/1986  0       9.7    35     25     
01/09/1986  10      7.4    36     28     
02/09/1986  0       7      33     23     
03/09/1986  3       6.4    37     23     
04/09/1986  0       5.2    35     24     
05/09/1986  63      Nulo   35     24     
06/09/1986  0       6.4    33     22     
07/09/1986  20      5.1    34     25     
08/09/1986  0       4.5    33     22     
09/09/1986  105     Nulo   36     24     
10/09/1986  0       5.6    36     22     
11/09/1986  0       6.5    33     23     
12/09/1986  0       5.2    34     23     
13/09/1986  0       7.4    35     23     
14/09/1986  0       6.4    34     21     
15/09/1986  0       5.1    35     21     
16/09/1986  0       6.1    36     25     
17/09/1986  0       4.4    36     25     
18/09/1986  0       4.8    36     20     
19/09/1986  0       5      37     25     
20/09/1986  0       6      36     24     
21/09/1986  0       5.4    36     23     
22/09/1986  26      4.1    36     25     
23/09/1986  0       5.2    36     22     
24/09/1986  0       4.9    32     22     
25/09/1986  0       4.5    33     19     
26/09/1986  0       4.6    34     20     
27/09/1986  0       5      34     21     
28/09/1986  0       6.1    33     20     
29/09/1986  0       5.1    33     16     
30/09/1986  0       6.4    34     14     
01/10/1986  0       5.1    33     19     
02/10/1986  3       4.4    31     18     
03/10/1986  0       4      31     20     
04/10/1986  0       4.1    31     20     
05/10/1986  0       5      32     21     
06/10/1986  0       6      35     19     
07/10/1986  0       6.1    35     19     
08/10/1986  0       6.1    35     20     
09/10/1986  0       5.4    33     21     
10/10/1986  0       3.5    29     21     
11/10/1986  0       4      31     18     
12/10/1986  0       7.4    32     16     
13/10/1986  0       7.3    33     15     
14/10/1986  0       6.8    33     15     
15/10/1986  0       6.5    35     14     
16/10/1986  0       6.2    34     14     
17/10/1986  0       3.5    29     16     
18/10/1986  0       3.5    34     11     
19/10/1986  0       4      33     18     
20/10/1986  0       3.4    34     19     
21/10/1986  0       3.7    33     20     
22/10/1986  0       4.5    34     19     
23/10/1986  0       4      35     17     
24/10/1986  0       6.5    31     17     
25/10/1986  0       2.9    32     16     
26/10/1986  0       3.7    32     13     
27/10/1986  0       4.3    32     15     
28/10/1986  0       4.6    36     15     
29/10/1986  0       5      37     14     
30/10/1986  0       5.3    35     14     
31/10/1986  0       4.2    33     14     
01/11/1986  0       4.5    34     15     
02/11/1986  16      3.3    32     15     
03/11/1986  0       4.1    33.5   14     
04/11/1986  0       3.4    31     10.5   
05/11/1986  0       3.7    31     10     
06/11/1986  0       3.5    29     10     
07/11/1986  0       3.6    31     12     
08/11/1986  0       3.4    30     13     
09/11/1986  0       3.1    28     9      
10/11/1986  0       3.1    28     11     
11/11/1986  0       3.4    29     10     
12/11/1986  0       3.4    30     12     
13/11/1986  0       3.8    30     15     
14/11/1986  0       3.8    33     15     
15/11/1986  0       3.3    30     16     
16/11/1986  0       Nulo   29     18     
17/11/1986  0       Nulo   32     17     
18/11/1986  0       Nulo   32     17     
19/11/1986  0       Nulo   32     15     
20/11/1986  0       Nulo   29     11     
21/11/1986  0       Nulo   27     13     
22/11/1986  0       Nulo   27     12     
23/11/1986  0       Nulo   23     12     
24/11/1986  0       Nulo   28     8      
25/11/1986  0       Nulo   28     14     
26/11/1986  0       Nulo   27     12     
27/11/1986  0       Nulo   29     7      
28/11/1986  0       Nulo   30     6      
29/11/1986  0       Nulo   30     6      
30/11/1986  0       Nulo   26     7      
01/12/1986  0       1.5    27     6      
02/12/1986  0       2.7    27     6      
03/12/1986  0       2.7    27     8      
04/12/1986  0       3.3    28     8      
05/12/1986  0       1.1    27     8      
06/12/1986  0       2.5    27     14     
07/12/1986  0       2.5    28     15     
08/12/1986  0       3.1    25     15     
09/12/1986  0       2.1    23     5      
10/12/1986  0       4.2    22     4      
11/12/1986  0       2.3    26     2      
12/12/1986  0       4.5    24.5   2      
13/12/1986  0       3.1    25     7.5    
14/12/1986  0       2.4    26     8      
15/12/1986  2       2.6    27     8      
16/12/1986  0.8     2.4    23     13     
17/12/1986  26      2.5    20     15     
18/12/1986  0       3.1    24     9      
19/12/1986  0       1.8    24     10     
20/12/1986  0       2      23     9      
21/12/1986  0       2      22     8      
22/12/1986  0       1      21     7      
23/12/1986  0       2      23     7      
24/12/1986  0       2.1    24     6      
25/12/1986  0       2.3    26     7      
26/12/1986  0       3.1    23     5      
27/12/1986  0       1.6    25     4      
28/12/1986  0       1.8    24     4      
29/12/1986  0       2.4    23     4      
30/12/1986  0       2.1    23     6      
31/12/1986  0       2      25     5      
01/01/1987  0       3.1    29     5      
02/01/1987  0       1.5    26     5      
03/01/1987  0       2.5    24     2      
04/01/1987  0       3.5    28     5      
05/01/1987  0       0.9    25     5      
06/01/1987  0       2.8    24     6      
07/01/1987  0       3      24     5      
08/01/1987  0       4.4    24     4      
09/01/1987  0       2.5    23     2      
10/01/1987  0       3.5    22     2      
11/01/1987  0       2.4    27     2      
12/01/1987  0       1.3    25     6      
13/01/1987  0       3.1    27     7      
14/01/1987  0       2      26     7      
15/01/1987  0       3.4    26     7      
16/01/1987  0       3.5    22     6      
17/01/1987  0       3      11     9      
18/01/1987  0       1.1    14     -0.1   
19/01/1987  0       1      20     -0.2   
20/01/1987  0       2.4    17     0      
21/01/1987  0       3.1    19     0      
22/01/1987  0       2      23     0      
23/01/1987  0       4      28     3      
24/01/1987  0       4.1    25     6      
25/01/1987  0       4.2    24     3      
26/01/1987  0       3.5    29     4      
27/01/1987  0       3      30     4      
28/01/1987  0       4      30     6      
29/01/1987  0       4.1    30     7      
30/01/1987  0       3.8    30     7      
31/01/1987  0       3.9    30     7      
01/02/1987  0       2.9    26     7      
02/02/1987  0       2.4    28     4      
03/02/1987  0       2.2    26     8      
04/02/1987  0       2.6    25     7      
05/02/1987  0       2.7    27     6      
06/02/1987  0       2.4    28     7      
07/02/1987  0       2.4    27     8      
08/02/1987  0       2.7    30     7      
09/02/1987  0       2.5    31     8      
10/02/1987  0       2.6    29     9      
11/02/1987  0       2.4    25     8      
12/02/1987  0       2.2    21     7      
13/02/1987  0       1.9    21     9      
14/02/1987  0       2.4    26     4      
15/02/1987  0       2.2    24     7      
16/02/1987  0       2.4    25     4      
17/02/1987  0       1.7    25     4      
18/02/1987  0       2.2    24     4      
19/02/1987  0       2.3    22     4      
20/02/1987  0       2.4    24     4      
21/02/1987  0       2.3    21     3      
22/02/1987  0       2.3    22     4      
23/02/1987  0       2.2    20     4      
24/02/1987  0       2.7    21     6      
25/02/1987  4.5     3.1    25     9      
26/02/1987  11      2.8    19     10     
27/02/1987  0       2      13     6      
28/02/1987  0       2      20     4      
01/03/1987  0       3      24     6      
02/03/1987  0       2.8    25     4      
03/03/1987  0       2.8    27     4      
04/03/1987  0       3.1    34     9      
05/03/1987  0       2.9    32     9      
06/03/1987  0       2.9    33     11     
07/03/1987  0       3.1    30     12     
08/03/1987  0       3      27     13     
09/03/1987  0       2.8    27     10     
10/03/1987  0       2.6    26     8      
11/03/1987  0       2.6    28     9      
12/03/1987  0       2.3    29     6      
13/03/1987  0       2.1    29     7      
14/03/1987  0       2.9    29     5      
15/03/1987  0       3.1    26     8      
16/03/1987  0       1.9    20     9      
17/03/1987  0       2.3    23     2      
18/03/1987  0       3.9    25     5      
19/03/1987  0       2.9    25     7      
20/03/1987  0       2.8    26     7      
21/03/1987  0       3      23     7      
22/03/1987  0       2.3    24     6      
23/03/1987  0       1.9    23     5      
24/03/1987  0       2.1    24     4      
25/03/1987  0       2      23     3      
26/03/1987  0       2.5    25     3      
27/03/1987  0       3      24     4      
28/03/1987  0       2.2    27     4      
29/03/1987  0       2.5    26     3      
30/03/1987  0       2.1    28     4      
31/03/1987  0       2.8    28     2      
01/04/1987  0       2.8    29     4      
02/04/1987  0       3      30     4      
03/04/1987  0       2.8    28     6      
04/04/1987  0       2.8    26     6      
05/04/1987  0       2.9    26     7      
06/04/1987  0       3.1    28     7      
07/04/1987  0       3.1    29     10     
08/04/1987  0       1.6    29     10     
09/04/1987  0       3.1    30     9      
10/04/1987  0       3.1    30     10     
11/04/1987  0       2.6    30     7      
12/04/1987  0       3.8    29     9      
13/04/1987  0       4      31     9      
14/04/1987  0       4.2    30     9      
15/04/1987  0       4.2    33     9      
16/04/1987  0       4.2    30     11     
17/04/1987  0       3.8    30     10     
18/04/1987  0       3.9    31     10     
19/04/1987  0       4.1    33     11     
20/04/1987  0       5      30     11     
21/04/1987  0       5.5    29     12     
22/04/1987  0       5.1    30     12     
23/04/1987  0       5.1    31     12     
24/04/1987  0       6.1    34     13     
25/04/1987  0       6.7    33     13     
26/04/1987  0       5.4    34     12     
27/04/1987  0       5.9    33     12     
28/04/1987  0       6.1    32     12     
29/04/1987  0       5.9    32     13     
30/04/1987  0       5.1    32     14     
01/05/1987  0       Nulo   30     10     
02/05/1987  0       Nulo   30     11     
03/05/1987  0       Nulo   30     12     
04/05/1987  0       Nulo   31     10     
05/05/1987  0       Nulo   31     11     
06/05/1987  0       Nulo   34     12     
07/05/1987  0       Nulo   35     14     
08/05/1987  0       Nulo   34     16     
09/05/1987  0       Nulo   31     17     
10/05/1987  0       Nulo   31     14     
11/05/1987  0       Nulo   31     13     
12/05/1987  0       Nulo   28     13     
13/05/1987  0       Nulo   29     12     
14/05/1987  0       Nulo   30     11     
15/05/1987  0       Nulo   34     11     
16/05/1987  0       Nulo   34     16     
17/05/1987  0       Nulo   34     14     
18/05/1987  0       Nulo   31     17     
19/05/1987  0       Nulo   30     16     
20/05/1987  0       Nulo   31     16     
21/05/1987  0       Nulo   33     13     
22/05/1987  0       Nulo   32     12     
23/05/1987  0       Nulo   33     11     
24/05/1987  0       Nulo   34     12     
25/05/1987  0       Nulo   33     11     
26/05/1987  0       Nulo   34     10     
27/05/1987  0       Nulo   31     9      
28/05/1987  0       Nulo   31     11     
29/05/1987  0       Nulo   30.5   12     
30/05/1987  0       Nulo   31     14     
31/05/1987  0       Nulo   32     15     
01/06/1987  0       Nulo   32     20     
02/06/1987  0       Nulo   31     18     
03/06/1987  0       Nulo   30     20     
04/06/1987  0       Nulo   42     20     
05/06/1987  0       Nulo   41     19     
06/06/1987  0       Nulo   33     19     
07/06/1987  0       Nulo   36     20     
08/06/1987  0       Nulo   37     15     
09/06/1987  0       Nulo   35     15     
10/06/1987  0       Nulo   33     17     
11/06/1987  0       Nulo   34     17     
12/06/1987  0       Nulo   37     15     
13/06/1987  0       Nulo   39     16     
14/06/1987  0       Nulo   40     18     
15/06/1987  0       Nulo   36     22     
16/06/1987  0       Nulo   36     20     
17/06/1987  0       Nulo   31     20     
18/06/1987  0       Nulo   38     22     
19/06/1987  0       Nulo   31     21     
20/06/1987  0       Nulo   37     19     
21/06/1987  0       Nulo   36     20     
22/06/1987  0       Nulo   31     19     
23/06/1987  0       Nulo   31     21     
24/06/1987  0       Nulo   37     18     
25/06/1987  0       Nulo   37     17     
26/06/1987  0       Nulo   37     17     
27/06/1987  0       Nulo   38     22     
28/06/1987  0       Nulo   38     22     
29/06/1987  0       Nulo   38     21     
30/06/1987  0       Nulo   39     19     
01/07/1987  0       Nulo   38     21     
02/07/1987  0       Nulo   39     23     
03/07/1987  0       Nulo   40     24     
04/07/1987  0       Nulo   36     27     
05/07/1987  0       Nulo   38     26     
06/07/1987  0       Nulo   37     24     
07/07/1987  0       Nulo   39     24     
08/07/1987  0       Nulo   36     26     
09/07/1987  0       Nulo   37     25     
10/07/1987  0       Nulo   37     22     
11/07/1987  0       Nulo   37     24     
12/07/1987  0       Nulo   37     24     
13/07/1987  0       Nulo   38     23     
14/07/1987  0       Nulo   39     24     
15/07/1987  0       Nulo   37     25     
16/07/1987  0       Nulo   35     26     
17/07/1987  0       Nulo   35     27     
18/07/1987  0       Nulo   35     26     
19/07/1987  0       Nulo   37     24     
20/07/1987  0       Nulo   39     24     
21/07/1987  0       Nulo   38     25     
22/07/1987  0       Nulo   40     26     
23/07/1987  0       Nulo   39     26     
24/07/1987  34.2    Nulo   37     25     
25/07/1987  0       6.9    35     20     
26/07/1987  20      Nulo   34     23     
27/07/1987  0       Nulo   33     24     
28/07/1987  0       9      35     24     
29/07/1987  0       10.1   35     25     
30/07/1987  53      Nulo   37     25     
31/07/1987  0       Nulo   32     23     
01/08/1987  0       3      34     25     
02/08/1987  21      4      34     26     
03/08/1987  1       5.6    33     22     
04/08/1987  0.8     3.2    35     22     
05/08/1987  0       6      34     23     
06/08/1987  8       6.2    35     25     
07/08/1987  0       9.6    34     22     
08/08/1987  17.2    6.1    34     23     
09/08/1987  0       5.8    35     19     
10/08/1987  0       8      35     25     
11/08/1987  0       7.8    36     24     
12/08/1987  0       8.8    37     25     
13/08/1987  0       9.8    37     25     
14/08/1987  0       4      37     26     
15/08/1987  0       6.8    36     25     
16/08/1987  0       10     37     23     
17/08/1987  6.2     5.1    39     24     
18/08/1987  0       9.4    35     22     
19/08/1987  0       7.3    38     22     
20/08/1987  0       3.2    35     24     
21/08/1987  0       5.7    38     22     
22/08/1987  0       8.2    36     21     
23/08/1987  0       9.6    38     22     
24/08/1987  0       8.6    36     22     
25/08/1987  0       6.4    37     24     
26/08/1987  0       5.6    36     22     
27/08/1987  0       6      37     24     
28/08/1987  0       10.6   37     25     
29/08/1987  0       9.8    37     24     
30/08/1987  0       7.6    37     24     
31/08/1987  0       7.8    38     23     
01/09/1987  0       8.8    41     24     
02/09/1987  0       5.2    36     24     
03/09/1987  0.4     3.9    36     25     
04/09/1987  0       8.3    36     22     
05/09/1987  0       6.6    35     22     
06/09/1987  0       7.4    37     22     
07/09/1987  0       8.8    38     20     
08/09/1987  0       11.4   37     17     
09/09/1987  0       9.8    38     17     
10/09/1987  0       8.6    39     20     
11/09/1987  0       9.5    37     20     
12/09/1987  0       9.5    37     23     
13/09/1987  0       9      36     26     
14/09/1987  0       7      36     24     
15/09/1987  0       6.7    36     19     
16/09/1987  0       5.4    35     20     
17/09/1987  0       7.9    38     20     
18/09/1987  0       7.7    36     21     
19/09/1987  0       5.5    34     24     
20/09/1987  0       6.9    35     23     
21/09/1987  0       9.4    36     21     
22/09/1987  0       9      35     23     
23/09/1987  0       7.1    35     20     
24/09/1987  0       7.5    36     23     
25/09/1987  0       6.9    35     24     
26/09/1987  0       6.7    36     23     
27/09/1987  35      8.9    36     24     
28/09/1987  0       7.6    34     22     
29/09/1987  0       5      33     20     
30/09/1987  0       6.7    35     23     
01/10/1987  0       7.2    33     22     
02/10/1987  0       10.1   36     22     
03/10/1987  0       6.8    37     24     
04/10/1987  0       7.1    37     24     
05/10/1987  0       7.8    36     25     
06/10/1987  0       9.2    38     20     
07/10/1987  0       5.9    35     19     
08/10/1987  0       9.3    35     20     
09/10/1987  0       7.5    35     24     
10/10/1987  0       6      38     22     
11/10/1987  0       5.4    38     20     
12/10/1987  0       5.3    36     22     
13/10/1987  0       11.2   35     20     
14/10/1987  0       6.6    35     18     
15/10/1987  0       3.2    33     18     
16/10/1987  0       7.8    34     18     
17/10/1987  0       5.2    34     19     
18/10/1987  0       5.2    35     21     
19/10/1987  0       7.9    34     20     
20/10/1987  0       7      35     20     
21/10/1987  0       6.1    35     19     
22/10/1987  0       5.8    34     20     
23/10/1987  0       6.2    34     19     
24/10/1987  0       6.4    36     18     
25/10/1987  0       5      35     17     
26/10/1987  0       4.6    34     16     
27/10/1987  0       6.9    35     17     
28/10/1987  0       5.4    34     18     
29/10/1987  0       3.6    33     17     
30/10/1987  0       8.1    34     17     
31/10/1987  0       6.1    33     18     
01/11/1987  0       5.6    33     18     
02/11/1987  0       5.1    34     17     
03/11/1987  0       4.9    33     16     
04/11/1987  0       4.7    32     18     
05/11/1987  0       5      31     19     
06/11/1987  0       5.1    33     18     
07/11/1987  0       4.9    34     19     
08/11/1987  0       5.2    35     18     
09/11/1987  0       5.1    35     19     
10/11/1987  0       6      34     18     
11/11/1987  0       5      31     19     
12/11/1987  0       4.1    32     18     
13/11/1987  0       4.3    34     19     
14/11/1987  0       4.2    35     17     
15/11/1987  0       4      34     16     
16/11/1987  0       4.1    30.5   18     
17/11/1987  0       5.1    31     17     
18/11/1987  0       6      30     16     
19/11/1987  0       5.5    29     15     
20/11/1987  0       5.6    30     16     
21/11/1987  0       4.8    29     14     
22/11/1987  0       4.9    30     15     
23/11/1987  0       4      29     16     
24/11/1987  0       5      30     15     
25/11/1987  0       3.9    29     14     
26/11/1987  0       3.7    28     14     
27/11/1987  0       3.4    29     12     
28/11/1987  1.5     3.6    27     11     
29/11/1987  0       3.7    26     10     
30/11/1987  0       3.7    25     10     
01/12/1987  0       3.5    25     10     
02/12/1987  0       2.9    27     5      
03/12/1987  0       2.1    28     5      
04/12/1987  0       5      29     8      
05/12/1987  0       4      29     10     
06/12/1987  0       4.1    26     7      
07/12/1987  0       3.7    26     9      
08/12/1987  0       4.8    27     6      
09/12/1987  0       3.2    25     4      
10/12/1987  0       2.2    28     5      
11/12/1987  0       2      26     4      
12/12/1987  0       3.4    26     2      
13/12/1987  0       4.1    20     14     
14/12/1987  0       2.7    12     6      
15/12/1987  0       1.1    20     0      
16/12/1987  0       1.5    22     1      
17/12/1987  0       2.1    26     8      
18/12/1987  1.5     2.4    22     16     
19/12/1987  0       3.4    24     8      
20/12/1987  0       2.6    24     5      
21/12/1987  0       2.1    25     6      
22/12/1987  0       1.7    26     6      
23/12/1987  0       1.8    23     10     
24/12/1987  0       3      28     11     
25/12/1987  0       3      21     1      
26/12/1987  0       3.5    16     0      
27/12/1987  0       4.8    20     0      
28/12/1987  0       4.8    25     0.2    
29/12/1987  0       3.8    19     7      
30/12/1987  0       3.3    23     9      
31/12/1987  0       3.1    22     5      
01/01/1988  0       3.2    23     5      
02/01/1988  0       2.9    24     1      
03/01/1988  0       4.3    25     3      
04/01/1988  0       4.2    27     8      
05/01/1988  0       4      27     5      
06/01/1988  0       2      24     8      
07/01/1988  0       1.8    25     4      
08/01/1988  0       1.1    26     10     
09/01/1988  0       4.1    24     3      
10/01/1988  0       2.9    25     4      
11/01/1988  0       1.7    23     4      
12/01/1988  0       1.6    27     8      
13/01/1988  0       2.4    26     7      
14/01/1988  0       2.6    25     6      
15/01/1988  0       1.8    24     4      
16/01/1988  0       2      27     7      
17/01/1988  0       2      24     7      
18/01/1988  0       3      20     6      
19/01/1988  0       3.8    20     5      
20/01/1988  0       1.1    17     0      
21/01/1988  0       4.3    21     0      
22/01/1988  0       2.3    23     1      
23/01/1988  0       3      23     2      
24/01/1988  0       4.2    23     1      
25/01/1988  0       2.6    27     1.5    
26/01/1988  0       3.9    26     2      
27/01/1988  0       2      26     3      
28/01/1988  0       1.6    28     6      
29/01/1988  0       3.4    27     8      
30/01/1988  0       4      25     9      
31/01/1988  0       2      25     9      
01/02/1988  0       2.1    23     8      
02/02/1988  0       5.6    29     7      
03/02/1988  0       4.3    28     10     
04/02/1988  0       2.2    23     12     
05/02/1988  0       4.5    24     8      
06/02/1988  0       4.5    24     4      
07/02/1988  0       5      25     5      
08/02/1988  0       1      23     5      
09/02/1988  0       5      27     2.5    
10/02/1988  0       1.2    27     3      
11/02/1988  0       4.1    28     5      
12/02/1988  0       2.6    29     6      
13/02/1988  0       2.6    26     6      
14/02/1988  0       2.7    28     5      
15/02/1988  0       4.9    24     6      
16/02/1988  0       4.1    25     8      
17/02/1988  0       2      26     8      
18/02/1988  0       3.6    23     3      
19/02/1988  0       2.1    20     3      
20/02/1988  0       3.2    26     3      
21/02/1988  0       3.4    26     4      
22/02/1988  0       2.9    27     4      
23/02/1988  0       3      28     5      
24/02/1988  0       4.5    24     6      
25/02/1988  0       5.1    28     11     
26/02/1988  0       4.9    29     8      
27/02/1988  0       3.8    30     8      
28/02/1988  0       3.4    30     8      
29/02/1988  0       4      28     8      
01/03/1988  0       2.5    24     6      
02/03/1988  0       3.5    25     5      
03/03/1988  0       4      20     5      
04/03/1988  0       3.7    24     5      
05/03/1988  0       4      26     6      
06/03/1988  0       4.4    27     5      
07/03/1988  0       3.8    27     6      
08/03/1988  0       2      26     5      
09/03/1988  0       4      27     5      
10/03/1988  0       5.4    29     4      
11/03/1988  0       5.6    25     7      
12/03/1988  0       4.6    24     7      
13/03/1988  0       3      23     7      
14/03/1988  0       9      25     6      
15/03/1988  0       2.7    25     9      
16/03/1988  0       5.9    27     8      
17/03/1988  0       6.4    24     7      
18/03/1988  0       6      30     7      
19/03/1988  0       5.1    29     7      
20/03/1988  0       4.9    29     6      
21/03/1988  0       4.1    31     7      
22/03/1988  0       5.4    30     7      
23/03/1988  0       6.9    31     7      
24/03/1988  0       7.1    32     7      
25/03/1988  0       7.4    29     6      
26/03/1988  0       6.4    28     9      
27/03/1988  0       6      32     8      
28/03/1988  0       6.5    31     9      
29/03/1988  0       6      30     6      
30/03/1988  0       4.7    28     6      
31/03/1988  0       4.1    28     8      
01/04/1988  0       Nulo   30.5   7      
02/04/1988  0       Nulo   31     8      
03/04/1988  0       Nulo   28     8      
04/04/1988  0       Nulo   29     8      
05/04/1988  0       Nulo   30.5   12     
06/04/1988  0       Nulo   31     10     
07/04/1988  0       Nulo   31     9      
08/04/1988  0       Nulo   30.5   10     
09/04/1988  0       Nulo   31.5   10     
10/04/1988  0       Nulo   31     11     
11/04/1988  0       Nulo   31     12     
12/04/1988  0       Nulo   33     12     
13/04/1988  0       Nulo   30.5   13     
14/04/1988  0       Nulo   27     14     
15/04/1988  0       Nulo   28     14     
16/04/1988  0       Nulo   28     10     
17/04/1988  0       Nulo   30.5   8      
18/04/1988  0       Nulo   31     10     
19/04/1988  0       Nulo   30.5   9      
20/04/1988  0       Nulo   31     9      
21/04/1988  0       Nulo   30.5   17     
22/04/1988  0       Nulo   30.5   12     
23/04/1988  0       Nulo   30.5   8      
24/04/1988  0       Nulo   29     11     
25/04/1988  0       Nulo   30     8      
26/04/1988  0       Nulo   32     7      
27/04/1988  0       Nulo   33     10     
28/04/1988  0       Nulo   33     8      
29/04/1988  0       Nulo   32     14     
30/04/1988  0       Nulo   32     10     
01/05/1988  0       Nulo   33     12     
02/05/1988  0       Nulo   30     10     
03/05/1988  0       Nulo   31     8      
04/05/1988  0       Nulo   32     6      
05/05/1988  0       Nulo   33     10     
06/05/1988  0       Nulo   31     11     
07/05/1988  0       Nulo   32     11     
08/05/1988  0       Nulo   32     10     
09/05/1988  0       Nulo   32     12     
10/05/1988  0       Nulo   33     12     
11/05/1988  0       Nulo   33     13     
12/05/1988  0       Nulo   36     13     
13/05/1988  0       Nulo   32     16     
14/05/1988  0       Nulo   32     17     
15/05/1988  0       Nulo   32     14     
16/05/1988  0       Nulo   31     15     
17/05/1988  0       Nulo   31     14     
18/05/1988  0       Nulo   30     13     
19/05/1988  0       Nulo   31     14     
20/05/1988  0       Nulo   30     14     
21/05/1988  0       Nulo   33     14     
22/05/1988  0       Nulo   34     13     
23/05/1988  0       Nulo   33     14     
24/05/1988  0       Nulo   33     14     
25/05/1988  0       Nulo   34     12     
26/05/1988  0       Nulo   34     13     
27/05/1988  0       Nulo   35     11     
28/05/1988  0       Nulo   36     14     
29/05/1988  0       Nulo   35     15     
30/05/1988  0       Nulo   36     12     
31/05/1988  0       Nulo   35     10.5   
01/06/1988  0       Nulo   34     15     
02/06/1988  0       Nulo   36     17     
03/06/1988  0       Nulo   35     16     
04/06/1988  0       Nulo   36     18     
05/06/1988  0       Nulo   37     17     
06/06/1988  0       Nulo   34     16     
07/06/1988  0       Nulo   38     17     
08/06/1988  0       Nulo   39     18     
09/06/1988  0       Nulo   39     20     
10/06/1988  0       Nulo   40     24     
11/06/1988  0       Nulo   39     20     
12/06/1988  0       Nulo   38     19     
13/06/1988  0       Nulo   37     18     
14/06/1988  0       Nulo   38     19     
15/06/1988  0       Nulo   39     22     
16/06/1988  0       Nulo   38     20     
17/06/1988  0       Nulo   38     24     
18/06/1988  0       Nulo   37     24     
19/06/1988  0       Nulo   39     23     
20/06/1988  0       Nulo   39     22     
21/06/1988  0       Nulo   40     24     
22/06/1988  0       Nulo   39     25     
23/06/1988  0       Nulo   38     23     
24/06/1988  0       Nulo   37     24     
25/06/1988  0       Nulo   38     25     
26/06/1988  0       Nulo   39     24     
27/06/1988  0       Nulo   37     24     
28/06/1988  0       Nulo   37     25     
29/06/1988  0       Nulo   36     20     
30/06/1988  0       Nulo   37     23     
01/07/1988  0       Nulo   38     19     
02/07/1988  59      Nulo   35     21     
03/07/1988  0       Nulo   32     23     
04/07/1988  27.5    Nulo   34     21     
05/07/1988  0       Nulo   32     22     
06/07/1988  0       Nulo   33     23     
07/07/1988  0       Nulo   35     25     
08/07/1988  2       Nulo   36     25     
09/07/1988  1.5     Nulo   33     25     
10/07/1988  0       Nulo   34     25     
11/07/1988  0       Nulo   38     24     
12/07/1988  0       Nulo   39     23     
13/07/1988  0       Nulo   40     22     
14/07/1988  0       Nulo   40     23     
15/07/1988  0       Nulo   41     23     
16/07/1988  1.8     Nulo   39     28     
17/07/1988  9       Nulo   40     25     
18/07/1988  0       Nulo   35     24     
19/07/1988  0       Nulo   34     23     
20/07/1988  0       Nulo   34     24     
21/07/1988  24.5    Nulo   38     23     
22/07/1988  0       Nulo   42     22     
23/07/1988  0       Nulo   35     23     
24/07/1988  1       Nulo   36     23     
25/07/1988  0       Nulo   35     24     
26/07/1988  0.5     Nulo   37     25     
27/07/1988  2       Nulo   34     21     
28/07/1988  2.2     Nulo   35     21     
29/07/1988  0       Nulo   35     23     
30/07/1988  47.8    Nulo   34     22     
31/07/1988  0       Nulo   35     24     
01/08/1988  0       Nulo   36     24     
02/08/1988  0       Nulo   36     24     
03/08/1988  0       Nulo   37     25     
04/08/1988  0       Nulo   37     24     
05/08/1988  0       Nulo   38     24     
06/08/1988  0       Nulo   36     27     
07/08/1988  0       Nulo   34     24     
08/08/1988  0       Nulo   37     25     
09/08/1988  0       Nulo   37     24     
10/08/1988  0       Nulo   38     23     
11/08/1988  0       Nulo   38     24     
12/08/1988  0       Nulo   40     27     
13/08/1988  0       Nulo   41     26     
14/08/1988  0       Nulo   39     27     
15/08/1988  0       Nulo   38     25     
16/08/1988  0       Nulo   39     24     
17/08/1988  0       Nulo   38     23     
18/08/1988  0       Nulo   34     24     
19/08/1988  9.7     Nulo   32     25     
20/08/1988  0       Nulo   32     24     
21/08/1988  26.1    Nulo   33     25     
22/08/1988  0       Nulo   31     24     
23/08/1988  8       Nulo   32     25     
24/08/1988  0       Nulo   38     24     
25/08/1988  0       Nulo   36     24     
26/08/1988  4.8     Nulo   38     23     
27/08/1988  0       Nulo   35     23     
28/08/1988  0       Nulo   36     25     
29/08/1988  0       Nulo   40     26     
30/08/1988  0       Nulo   40     26     
31/08/1988  0       Nulo   37     27     
01/09/1988  0       Nulo   36     27     
02/09/1988  0       Nulo   36     24     
03/09/1988  3       Nulo   36     24     
04/09/1988  0       Nulo   36     24     
05/09/1988  0       Nulo   37     22     
06/09/1988  3       Nulo   34     22     
07/09/1988  0       Nulo   33     23     
08/09/1988  0       Nulo   35     25     
09/09/1988  0       Nulo   36     25     
10/09/1988  0       Nulo   34     26     
11/09/1988  0       Nulo   35     26     
12/09/1988  0       Nulo   37     25     
13/09/1988  0       Nulo   37     23     
14/09/1988  0       Nulo   38     24     
15/09/1988  0       Nulo   39     22     
16/09/1988  0       Nulo   37     24     
17/09/1988  0       Nulo   39     22     
18/09/1988  0       Nulo   37     24     
19/09/1988  0       Nulo   35     26     
20/09/1988  0       Nulo   36     24     
21/09/1988  0       Nulo   38     24     
22/09/1988  0       Nulo   36     26     
23/09/1988  0       Nulo   36     20     
24/09/1988  0       Nulo   36.5   22     
25/09/1988  0       Nulo   36.5   21     
26/09/1988  0       Nulo   37     23     
27/09/1988  0       Nulo   40     22     
28/09/1988  0       Nulo   36     23     
29/09/1988  0       Nulo   36     24     
30/09/1988  0       Nulo   37     22     
01/10/1988  0       Nulo   38     21     
02/10/1988  0       Nulo   39     19     
03/10/1988  0       Nulo   40     22     
04/10/1988  0       Nulo   36     19     
05/10/1988  0       Nulo   36     22     
06/10/1988  0       Nulo   37     18     
07/10/1988  0       Nulo   40     19     
08/10/1988  0       Nulo   37     20     
09/10/1988  0       Nulo   36     22     
10/10/1988  0       Nulo   35     20     
11/10/1988  0       Nulo   35     24     
12/10/1988  0       Nulo   36     21     
13/10/1988  0       Nulo   36     18     
14/10/1988  0       Nulo   35     19     
15/10/1988  0       Nulo   34     22     
16/10/1988  0       Nulo   33     20     
17/10/1988  0       Nulo   34     19     
18/10/1988  0       Nulo   35     14     
19/10/1988  0       Nulo   34     17     
20/10/1988  0       Nulo   32     15     
21/10/1988  0       Nulo   31     18     
22/10/1988  0       Nulo   33     16     
23/10/1988  0       Nulo   34     18     
24/10/1988  0       Nulo   35     19     
25/10/1988  0       Nulo   33     17     
26/10/1988  0       Nulo   32     18     
27/10/1988  0       Nulo   31     17     
28/10/1988  0       Nulo   33     19     
29/10/1988  0       Nulo   32     14     
30/10/1988  0       Nulo   32     15     
31/10/1988  0       Nulo   35     12     
01/12/1988  0       Nulo   27     6      
02/12/1988  0       Nulo   27     8      
03/12/1988  0       Nulo   26     8      
04/12/1988  0       Nulo   27     9      
05/12/1988  0       Nulo   26     7      
06/12/1988  0       Nulo   25     6      
07/12/1988  22      Nulo   25     4      
08/12/1988  7.9     Nulo   25     3      
09/12/1988  46.5    Nulo   27     2      
10/12/1988  0       Nulo   24     9      
11/12/1988  0       Nulo   23     8      
12/12/1988  0       Nulo   25     7      
13/12/1988  0       Nulo   24     7      
14/12/1988  0       Nulo   25     6      
15/12/1988  0       Nulo   24     7      
16/12/1988  0       Nulo   27     8      
17/12/1988  0       Nulo   27     12     
18/12/1988  0       Nulo   26     10     
19/12/1988  0       Nulo   24     10     
20/12/1988  0       Nulo   22     8      
21/12/1988  0       Nulo   23     3      
22/12/1988  0       Nulo   23     4      
23/12/1988  0       Nulo   25     3      
24/12/1988  0       Nulo   24     5      
25/12/1988  0       Nulo   24     3      
26/12/1988  0       Nulo   18     9      
27/12/1988  0       Nulo   20     2.5    
28/12/1988  0       Nulo   20     -0.5   
29/12/1988  0       Nulo   12     -2.5   
30/12/1988  0       Nulo   12     -1     
31/12/1988  0       Nulo   19     -3     
01/01/1989  8.5     Nulo   Nulo   Nulo   
02/01/1989  10      Nulo   Nulo   Nulo   
03/01/1989  10.5    Nulo   Nulo   Nulo   
04/01/1989  0       Nulo   Nulo   Nulo   
05/01/1989  0       Nulo   Nulo   Nulo   
06/01/1989  0       Nulo   Nulo   Nulo   
07/01/1989  0       Nulo   Nulo   Nulo   
08/01/1989  0       Nulo   Nulo   Nulo   
09/01/1989  0       Nulo   Nulo   Nulo   
10/01/1989  0       Nulo   Nulo   Nulo   
11/01/1989  0       Nulo   Nulo   Nulo   
12/01/1989  0       Nulo   Nulo   Nulo   
13/01/1989  0       Nulo   Nulo   Nulo   
14/01/1989  0       Nulo   Nulo   Nulo   
15/01/1989  0       Nulo   Nulo   Nulo   
16/01/1989  0       Nulo   Nulo   Nulo   
17/01/1989  0       Nulo   Nulo   Nulo   
18/01/1989  0       Nulo   Nulo   Nulo   
19/01/1989  0       Nulo   Nulo   Nulo   
20/01/1989  0       Nulo   Nulo   Nulo   
21/01/1989  0       Nulo   Nulo   Nulo   
22/01/1989  0       Nulo   Nulo   Nulo   
23/01/1989  0       Nulo   Nulo   Nulo   
24/01/1989  0       Nulo   Nulo   Nulo   
25/01/1989  0       Nulo   Nulo   Nulo   
26/01/1989  0       Nulo   Nulo   Nulo   
27/01/1989  0       Nulo   Nulo   Nulo   
28/01/1989  0       Nulo   Nulo   Nulo   
29/01/1989  0       Nulo   Nulo   Nulo   
30/01/1989  0       Nulo   Nulo   Nulo   
31/01/1989  0       Nulo   Nulo   Nulo   
01/02/1989  40.3    Nulo   24     9      
02/02/1989  0       Nulo   25     9      
03/02/1989  0       Nulo   25     8      
04/02/1989  0       Nulo   26     7      
05/02/1989  0       Nulo   23     5      
06/02/1989  0       Nulo   21     5      
07/02/1989  0       Nulo   19     4      
08/02/1989  0       Nulo   20     5.5    
09/02/1989  0       Nulo   23     8      
10/02/1989  0       Nulo   24     8      
11/02/1989  0       Nulo   28     8      
12/02/1989  0       Nulo   26     8      
13/02/1989  19      Nulo   25     11     
14/02/1989  11.5    Nulo   20     9      
15/02/1989  0       Nulo   21     8      
16/02/1989  0       Nulo   26     8      
17/02/1989  0       Nulo   24     7      
18/02/1989  0       Nulo   24     6      
19/02/1989  0       Nulo   26     6      
20/02/1989  0       Nulo   26     5      
21/02/1989  0       Nulo   27     5      
22/02/1989  0       Nulo   28     5      
23/02/1989  0       Nulo   29     6      
24/02/1989  0       Nulo   30     6      
25/02/1989  0       Nulo   31     7      
26/02/1989  0       Nulo   30     12     
27/02/1989  0       Nulo   28     6      
28/02/1989  0       Nulo   29     10     
01/03/1989  0       Nulo   25     12     
02/03/1989  0       Nulo   26     8      
03/03/1989  0       Nulo   26     10     
04/03/1989  0       Nulo   22     8      
05/03/1989  0       Nulo   23     3      
06/03/1989  0       Nulo   28     4      
07/03/1989  0       Nulo   27     4      
08/03/1989  0       Nulo   28     7      
09/03/1989  0       Nulo   28     8      
10/03/1989  0       Nulo   27     9      
11/03/1989  0       Nulo   30     9      
12/03/1989  0       Nulo   30     9      
13/03/1989  0       Nulo   28     10     
14/03/1989  0       Nulo   29     14     
15/03/1989  0       Nulo   28     9      
16/03/1989  0       Nulo   26     10     
17/03/1989  0       Nulo   28     12     
18/03/1989  0       Nulo   28     16     
19/03/1989  0       Nulo   29     17     
20/03/1989  0       Nulo   29     13     
21/03/1989  0       Nulo   30     12     
22/03/1989  0       Nulo   29     11     
23/03/1989  0       Nulo   29     12     
24/03/1989  0       Nulo   29     12     
25/03/1989  0       Nulo   30     8      
26/03/1989  0       Nulo   27     8      
27/03/1989  1.3     Nulo   21     10     
28/03/1989  0       Nulo   28     7      
29/03/1989  0       Nulo   28     7      
30/03/1989  0       Nulo   30     8      
31/03/1989  0       Nulo   31     9      
01/04/1989  0       Nulo   31     9      
02/04/1989  0       Nulo   32     10     
03/04/1989  0       Nulo   32     10     
04/04/1989  0       Nulo   31     11     
05/04/1989  0       Nulo   33     11     
06/04/1989  0       Nulo   33     13     
07/04/1989  0       Nulo   35     13     
08/04/1989  0       Nulo   32     10     
09/04/1989  0       Nulo   31     10     
10/04/1989  0       Nulo   32     11     
11/04/1989  0       Nulo   31     10     
12/04/1989  0       Nulo   32     10     
13/04/1989  0       Nulo   31     11     
14/04/1989  0       Nulo   31     8      
15/04/1989  0       Nulo   31     10     
16/04/1989  0       Nulo   32     11     
17/04/1989  0       Nulo   31     12     
18/04/1989  0       Nulo   31     14     
19/04/1989  0       Nulo   32     12     
20/04/1989  0       Nulo   32     11     
21/04/1989  0       Nulo   31     12     
22/04/1989  0       Nulo   32     14     
23/04/1989  0       Nulo   34     12     
24/04/1989  0       Nulo   35     10     
25/04/1989  0       Nulo   32     11     
26/04/1989  0       Nulo   32     10     
27/04/1989  0       Nulo   31     11     
28/04/1989  0       Nulo   32     8      
29/04/1989  0       Nulo   31     8      
30/04/1989  0       Nulo   34     7      
01/05/1989  0       Nulo   33     7      
02/05/1989  0       Nulo   34     9      
03/05/1989  0       Nulo   34     9      
04/05/1989  0       Nulo   35     12     
05/05/1989  0       Nulo   34     13     
06/05/1989  0       Nulo   35     13     
07/05/1989  0       Nulo   35     18     
08/05/1989  0       Nulo   34     18     
09/05/1989  0       Nulo   34     12     
10/05/1989  0       Nulo   35     12     
11/05/1989  0       Nulo   36     15     
12/05/1989  0       Nulo   31     17     
13/05/1989  0       Nulo   32     9      
14/05/1989  0       Nulo   31     11     
15/05/1989  0       Nulo   31     13     
16/05/1989  0       Nulo   29     12     
17/05/1989  0       Nulo   30     10     
18/05/1989  0       Nulo   35     10     
19/05/1989  0       Nulo   36     12     
20/05/1989  0       Nulo   37     12     
21/05/1989  0       Nulo   37     15     
22/05/1989  0       Nulo   35     15     
23/05/1989  0       Nulo   36     16     
24/05/1989  0       Nulo   34     16     
25/05/1989  0       Nulo   35     18     
26/05/1989  0       Nulo   35     18     
27/05/1989  0       Nulo   35     17     
28/05/1989  0       Nulo   33     19     
29/05/1989  0       Nulo   34     20     
30/05/1989  0       Nulo   34     18     
31/05/1989  0       Nulo   33     15     
01/06/1989  0       Nulo   35     14     
02/06/1989  0       Nulo   36     11     
03/06/1989  0       Nulo   36     12     
04/06/1989  0       Nulo   35     13     
05/06/1989  0       Nulo   36     12     
06/06/1989  0       Nulo   35     12     
07/06/1989  0       Nulo   36     15     
08/06/1989  0       Nulo   35     15     
09/06/1989  0       Nulo   35     14     
10/06/1989  0       Nulo   36     14     
11/06/1989  0       Nulo   35     15     
12/06/1989  0       Nulo   35     14     
13/06/1989  0       Nulo   35     14     
14/06/1989  0       Nulo   34     15     
15/06/1989  0       Nulo   35     18     
16/06/1989  0       Nulo   36     16     
17/06/1989  0       Nulo   37     18     
18/06/1989  0       Nulo   38     19     
19/06/1989  0       Nulo   36     23     
20/06/1989  0       Nulo   37     22     
21/06/1989  0       Nulo   38     21     
22/06/1989  0       Nulo   36     24     
23/06/1989  0       Nulo   36     25     
24/06/1989  0       Nulo   34     24     
25/06/1989  0       Nulo   35     23     
26/06/1989  0       Nulo   35     21     
27/06/1989  0       Nulo   35     24     
28/06/1989  0       Nulo   34     23     
29/06/1989  0       Nulo   36     22     
30/06/1989  0       Nulo   36     24     
01/07/1989  0       Nulo   39     27     
02/07/1989  0       Nulo   35     25     
03/07/1989  0       Nulo   36     26     
04/07/1989  6       Nulo   39     25     
05/07/1989  0       Nulo   34     22     
06/07/1989  0       Nulo   36     23     
07/07/1989  0       Nulo   35     22     
08/07/1989  0       Nulo   36     23     
09/07/1989  0       Nulo   38     23     
10/07/1989  0       Nulo   37     24     
11/07/1989  0       Nulo   37     24     
12/07/1989  0       Nulo   37     25     
13/07/1989  3.6     Nulo   37.5   25     
14/07/1989  0       Nulo   36     24     
15/07/1989  8.9     Nulo   37     25     
16/07/1989  0       Nulo   37     23     
17/07/1989  0       Nulo   38     24     
18/07/1989  0       Nulo   40     24     
19/07/1989  0       Nulo   38     26     
20/07/1989  0       Nulo   37     25     
21/07/1989  0       Nulo   37     24     
22/07/1989  0       Nulo   36     25     
23/07/1989  0       Nulo   37     25     
24/07/1989  40.5    Nulo   36     24     
25/07/1989  0       Nulo   34     22     
26/07/1989  0       Nulo   34     22     
27/07/1989  0       Nulo   38     23     
28/07/1989  0       Nulo   38     23     
29/07/1989  0       Nulo   39     24     
30/07/1989  9.5     Nulo   40     24     
31/07/1989  0       Nulo   37     27     
01/08/1989  1.8     Nulo   33     23     
02/08/1989  0       Nulo   39     22     
03/08/1989  0       Nulo   35     25     
04/08/1989  40.5    Nulo   31     24     
05/08/1989  0       Nulo   34     22     
06/08/1989  0       Nulo   34     24     
07/08/1989  22.6    Nulo   35     25     
08/08/1989  0       Nulo   34     22     
09/08/1989  0       Nulo   33     23     
10/08/1989  0       Nulo   34     23     
11/08/1989  0       Nulo   35     24     
12/08/1989  0       Nulo   35     23     
13/08/1989  33      Nulo   36     24     
14/08/1989  3.5     Nulo   34     23     
15/08/1989  0       Nulo   36     23     
16/08/1989  0       Nulo   35     23     
17/08/1989  0       Nulo   37     25     
18/08/1989  0       Nulo   37     24     
19/08/1989  0       Nulo   35     24     
20/08/1989  26.1    Nulo   36     23     
21/08/1989  0       Nulo   35     22     
22/08/1989  0.2     Nulo   34     23     
23/08/1989  0       Nulo   35     22     
24/08/1989  0       Nulo   36     23     
25/08/1989  0       Nulo   36     24     
26/08/1989  0       Nulo   35     23     
27/08/1989  0       Nulo   35     23     
28/08/1989  0       Nulo   35     24     
29/08/1989  0       Nulo   36     22     
30/08/1989  17      Nulo   32     24     
31/08/1989  7.2     Nulo   35     23     
01/09/1989  0       Nulo   34     23     
02/09/1989  0       Nulo   33.5   24     
03/09/1989  0       Nulo   34     23     
04/09/1989  0       Nulo   35     24     
05/09/1989  0       Nulo   34     24     
06/09/1989  0       Nulo   37     23     
07/09/1989  0       Nulo   35     25     
08/09/1989  0       Nulo   37     24     
09/09/1989  0       Nulo   38     25     
10/09/1989  0       Nulo   35     24     
11/09/1989  0       Nulo   36     23     
12/09/1989  0       Nulo   35     24     
13/09/1989  0       Nulo   36     24     
14/09/1989  0       Nulo   35     24     
15/09/1989  0       Nulo   36     23     
16/09/1989  0       Nulo   36     24     
17/09/1989  0       Nulo   37     22     
18/09/1989  0       Nulo   38     23     
19/09/1989  0       Nulo   39     25     
20/09/1989  0       Nulo   37     23     
21/09/1989  0       Nulo   38     20     
22/09/1989  0       Nulo   37     21     
23/09/1989  0       Nulo   38     25     
24/09/1989  0       Nulo   37     20     
25/09/1989  0       Nulo   38.5   21     
26/09/1989  0       Nulo   41     21     
27/09/1989  0       Nulo   40     19     
28/09/1989  0       Nulo   39     16     
29/09/1989  0       Nulo   40     15     
30/09/1989  0       Nulo   39     15     
01/10/1989  0       Nulo   38     18     
02/10/1989  0       Nulo   38     20     
03/10/1989  0       Nulo   37     20     
04/10/1989  7.5     Nulo   33     25     
05/10/1989  0       Nulo   31     23     
06/10/1989  0       Nulo   36.5   19     
07/10/1989  0       Nulo   37     18     
08/10/1989  0       Nulo   37     17     
09/10/1989  0       Nulo   38     18     
10/10/1989  0       Nulo   37     16     
11/10/1989  0       Nulo   37     16     
12/10/1989  0       Nulo   38     17     
13/10/1989  0       Nulo   37     18     
14/10/1989  0       Nulo   38     17     
15/10/1989  0       Nulo   35     15.5   
16/10/1989  0       Nulo   34.5   14     
17/10/1989  0       Nulo   34     16     
18/10/1989  0       Nulo   36     15     
19/10/1989  0       Nulo   35     18     
20/10/1989  0       Nulo   36     17     
21/10/1989  0       Nulo   36     17     
22/10/1989  0       Nulo   37     16     
23/10/1989  0       Nulo   37.5   16     
24/10/1989  0       Nulo   37     15     
25/10/1989  0       Nulo   34     14     
26/10/1989  0       Nulo   34     13     
27/10/1989  0       Nulo   35     13.5   
28/10/1989  0       Nulo   34     14     
29/10/1989  0       Nulo   33     13     
30/10/1989  0       Nulo   31     11     
31/10/1989  0       Nulo   32     11     
01/11/1989  0       Nulo   32     11     
02/11/1989  0       Nulo   32     10     
03/11/1989  0       Nulo   29     11     
04/11/1989  0       Nulo   32     11.5   
05/11/1989  0       Nulo   32     13     
06/11/1989  0       Nulo   33     12     
07/11/1989  0       Nulo   32     12     
08/11/1989  0       Nulo   32     9      
09/11/1989  0       Nulo   32.5   9      
10/11/1989  0       Nulo   31     10     
11/11/1989  0       Nulo   29     12     
12/11/1989  0       Nulo   31.5   13     
13/11/1989  0       Nulo   30     12     
14/11/1989  0       Nulo   32     12     
15/11/1989  0       Nulo   32     13     
16/11/1989  0       Nulo   26     11     
17/11/1989  0       Nulo   29     12     
18/11/1989  0       Nulo   30     16     
19/11/1989  31.4    Nulo   31     16     
20/11/1989  0       Nulo   27     14     
21/11/1989  0       Nulo   29     14     
22/11/1989  0       Nulo   28     11     
23/11/1989  0       Nulo   30     13     
24/11/1989  0       Nulo   24     13     
25/11/1989  0       Nulo   28     13.5   
26/11/1989  0       Nulo   27     14     
27/11/1989  0       Nulo   27     12     
28/11/1989  0       Nulo   26     13     
29/11/1989  0       Nulo   28     12     
30/11/1989  0       Nulo   28     3      
01/12/1989  0       Nulo   28     11     
02/12/1989  0       Nulo   27     9      
03/12/1989  0       Nulo   30     9      
04/12/1989  0       Nulo   27     10     
05/12/1989  0       Nulo   26     7      
06/12/1989  0       Nulo   27.5   7      
07/12/1989  0       Nulo   26     6      
08/12/1989  0       Nulo   24     6      
09/12/1989  0       Nulo   29     4      
10/12/1989  0       Nulo   30     4      
11/12/1989  0       Nulo   30     1      
12/12/1989  0       Nulo   24     1      
13/12/1989  0       Nulo   25     1.5    
14/12/1989  0       Nulo   23     2      
15/12/1989  0       Nulo   27     3      
16/12/1989  9.5     Nulo   20     4.5    
17/12/1989  12.5    Nulo   20     11     
18/12/1989  1       Nulo   23     11     
19/12/1989  0       Nulo   25.5   10     
20/12/1989  0       Nulo   23     8      
21/12/1989  0       Nulo   23.5   8      
22/12/1989  0       Nulo   24     8      
23/12/1989  0       Nulo   23.5   8      
24/12/1989  0       Nulo   25     8      
25/12/1989  0       Nulo   25     7      
26/12/1989  0       Nulo   23.5   6      
27/12/1989  0       Nulo   22.5   10     
28/12/1989  0       Nulo   25     11     
29/12/1989  0       Nulo   22     10.5   
30/12/1989  2.2     Nulo   23     6      
31/12/1989  0       Nulo   22     5      
01/01/1990  0       Nulo   25     5      
02/01/1990  0       Nulo   24     5      
03/01/1990  0       Nulo   23     8      
04/01/1990  0       Nulo   15     7      
05/01/1990  0       Nulo   19.5   5      
06/01/1990  0       Nulo   20     1      
07/01/1990  0       Nulo   24     2.5    
08/01/1990  0       Nulo   25     1.5    
09/01/1990  0       Nulo   27     3      
10/01/1990  0       Nulo   29     5      
11/01/1990  0       Nulo   27     6.5    
12/01/1990  0       Nulo   27     10     
13/01/1990  0       Nulo   29     6.5    
14/01/1990  0       Nulo   26     4.5    
15/01/1990  0       Nulo   25.5   4      
16/01/1990  0       Nulo   23     7      
17/01/1990  0       Nulo   23     3      
18/01/1990  0       Nulo   21     3      
19/01/1990  0       Nulo   11     3      
20/01/1990  0       Nulo   20     0.5    
21/01/1990  0       Nulo   23.5   1.5    
22/01/1990  0       Nulo   23     3      
23/01/1990  0       Nulo   25     9.5    
24/01/1990  0       Nulo   29     12     
25/01/1990  0       Nulo   31     10     
26/01/1990  0       Nulo   24     9      
27/01/1990  0       Nulo   29     10     
28/01/1990  0       Nulo   28     9      
29/01/1990  0       Nulo   27     8      
30/01/1990  0       Nulo   25     7      
31/01/1990  7       Nulo   22     9      
01/02/1990  0       Nulo   22     7      
02/02/1990  0       Nulo   20     5      
03/02/1990  0       Nulo   23.5   2.5    
04/02/1990  0       Nulo   23     3      
05/02/1990  0       Nulo   24     2      
06/02/1990  0       Nulo   23     3      
07/02/1990  0       Nulo   25     7      
08/02/1990  0       Nulo   23     10     
09/02/1990  0       Nulo   22     12     
10/02/1990  0       Nulo   25     4.5    
11/02/1990  0       Nulo   26.5   3      
12/02/1990  0       Nulo   27     4      
13/02/1990  14      Nulo   24     8      
14/02/1990  3       Nulo   18     10     
15/02/1990  0       Nulo   19     8      
16/02/1990  0       Nulo   20     0      
17/02/1990  0       Nulo   22     1      
18/02/1990  0       Nulo   23     1.5    
19/02/1990  0       Nulo   24     2      
20/02/1990  0       Nulo   23     3      
21/02/1990  0       Nulo   24     3      
22/02/1990  0       Nulo   23     4      
23/02/1990  0       Nulo   28     4      
24/02/1990  0       Nulo   30     4      
25/02/1990  0       Nulo   29     6      
26/02/1990  0       Nulo   28     9      
27/02/1990  0       Nulo   28     9      
28/02/1990  0       Nulo   28     9      
01/03/1990  0       Nulo   29     7      
02/03/1990  0       Nulo   28     8      
03/03/1990  0       Nulo   31     7      
04/03/1990  0       Nulo   30     7      
05/03/1990  0       Nulo   29     8.5    
06/03/1990  0       Nulo   25     9      
07/03/1990  0       Nulo   26     7      
08/03/1990  0       Nulo   27.5   4      
09/03/1990  8.4     Nulo   28     6.5    
10/03/1990  0       Nulo   27     6      
11/03/1990  0       Nulo   27     7      
12/03/1990  0       Nulo   24     6      
13/03/1990  0       Nulo   22     7      
14/03/1990  0       Nulo   22     3      
15/03/1990  0       Nulo   25     2      
16/03/1990  0       Nulo   28     2.5    
17/03/1990  0       Nulo   29     3      
18/03/1990  0       Nulo   28     4.5    
19/03/1990  0       Nulo   30     4      
20/03/1990  0       Nulo   33     5      
21/03/1990  0       Nulo   31     5      
22/03/1990  0       Nulo   31.5   7      
23/03/1990  0       Nulo   30     7      
24/03/1990  0       Nulo   31     7      
25/03/1990  0       Nulo   32     8      
26/03/1990  0       Nulo   28     8      
27/03/1990  0       Nulo   30     13     
28/03/1990  0       Nulo   31     10     
29/03/1990  0       Nulo   24     10.5   
30/03/1990  0       Nulo   27     7      
31/03/1990  0       Nulo   29     8      
01/04/1990  0       Nulo   25     10     
02/04/1990  0       Nulo   28     9      
03/04/1990  0       Nulo   26     10     
04/04/1990  0       Nulo   30     8      
05/04/1990  0       Nulo   27     11     
06/04/1990  0       Nulo   28     9      
07/04/1990  0       Nulo   29     10     
08/04/1990  0       Nulo   31     10     
09/04/1990  0       Nulo   33     10     
10/04/1990  0       Nulo   30     10     
11/04/1990  0       Nulo   32     12     
12/04/1990  0       Nulo   30     9      
13/04/1990  0       Nulo   31     10     
14/04/1990  0       Nulo   31     10     
15/04/1990  0       Nulo   31     10     
16/04/1990  0       Nulo   32     10     
17/04/1990  0       Nulo   34     12     
18/04/1990  0       Nulo   32     10     
19/04/1990  0       Nulo   31     11     
20/04/1990  0       Nulo   32     10     
21/04/1990  0       Nulo   33     12     
22/04/1990  0       Nulo   34     12     
23/04/1990  0       Nulo   30     11     
24/04/1990  0       Nulo   30     11     
25/04/1990  0       Nulo   31     10     
26/04/1990  0       Nulo   30     11     
27/04/1990  0       Nulo   32     11     
28/04/1990  0       Nulo   34     12     
29/04/1990  0       Nulo   36     11     
30/04/1990  0       Nulo   36     12     
01/05/1990  0       Nulo   31     14     
02/05/1990  0       Nulo   30.5   12     
03/05/1990  0       Nulo   32     13     
04/05/1990  0       Nulo   31     14     
05/05/1990  0       Nulo   30     16     
06/05/1990  0       Nulo   31     14     
07/05/1990  0       Nulo   34     15     
08/05/1990  0       Nulo   35     17     
09/05/1990  0       Nulo   36     16     
10/05/1990  0       Nulo   34     18     
11/05/1990  0       Nulo   35     21     
12/05/1990  0       Nulo   36     19     
13/05/1990  0       Nulo   37     18     
14/05/1990  0       Nulo   36     16     
15/05/1990  0       Nulo   35     19     
16/05/1990  0       Nulo   36     16     
17/05/1990  0       Nulo   37     20     
18/05/1990  0       Nulo   39     22     
19/05/1990  0       Nulo   38     19     
20/05/1990  0       Nulo   37     21     
21/05/1990  0       Nulo   36     20     
22/05/1990  0       Nulo   34     22     
23/05/1990  0       Nulo   35     23     
24/05/1990  0       Nulo   37     20     
25/05/1990  0       Nulo   36     21     
26/05/1990  0       Nulo   37     24     
27/05/1990  0       Nulo   38     21     
28/05/1990  0       Nulo   39     20     
29/05/1990  0       Nulo   38     21     
30/05/1990  0       Nulo   39     19     
31/05/1990  0       Nulo   38     22     
01/06/1990  0       Nulo   36     12     
02/06/1990  0       Nulo   36     13     
03/06/1990  0       Nulo   38.5   15     
04/06/1990  0       Nulo   38     18     
05/06/1990  0       Nulo   35     24     
06/06/1990  0       Nulo   37     24     
07/06/1990  0       Nulo   35     25     
08/06/1990  0       Nulo   37     24     
09/06/1990  0       Nulo   37     21     
10/06/1990  0       Nulo   37     20     
11/06/1990  0       Nulo   38     21     
12/06/1990  0       Nulo   38     22     
13/06/1990  0       Nulo   40     23     
14/06/1990  0       Nulo   37     22     
15/06/1990  0       Nulo   38     18     
16/06/1990  0       Nulo   39     19     
17/06/1990  0       Nulo   37     20     
18/06/1990  0       Nulo   41     21     
19/06/1990  0       Nulo   37     23     
20/06/1990  0       Nulo   38.5   25     
21/06/1990  0       Nulo   39     25     
22/06/1990  0       Nulo   40     25     
23/06/1990  0       Nulo   41     24     
24/06/1990  0       Nulo   38     25     
25/06/1990  0       Nulo   39     24     
26/06/1990  0       Nulo   41     25     
27/06/1990  0       Nulo   42     27     
28/06/1990  2.8     Nulo   38     25     
29/06/1990  0       Nulo   40     23     
30/06/1990  0       Nulo   39     26     
01/07/1990  0       Nulo   41     26     
02/07/1990  0       Nulo   39     25     
03/07/1990  0       Nulo   40     24     
04/07/1990  0       Nulo   39     26     
05/07/1990  0       Nulo   38     25     
06/07/1990  0       Nulo   36     24     
07/07/1990  8.5     Nulo   36     24     
08/07/1990  0       Nulo   35     23     
09/07/1990  4.8     Nulo   34     25     
10/07/1990  0       Nulo   36     26     
11/07/1990  0       Nulo   37     24     
12/07/1990  12.2    Nulo   35     26     
13/07/1990  0       Nulo   36     23     
14/07/1990  0       Nulo   35     24     
15/07/1990  12.5    Nulo   36     21     
16/07/1990  0       Nulo   35     22     
17/07/1990  1.2     Nulo   36     24     
18/07/1990  1.5     Nulo   37     22     
19/07/1990  2.9     Nulo   35     21     
20/07/1990  0       Nulo   34     22     
21/07/1990  0       Nulo   35     20     
22/07/1990  3.8     Nulo   34     22     
23/07/1990  0       Nulo   34     22     
24/07/1990  0       Nulo   32     24     
25/07/1990  0       Nulo   31     25     
26/07/1990  12.6    Nulo   36     22     
27/07/1990  7       Nulo   32     24     
28/07/1990  0       Nulo   33     22     
29/07/1990  0.2     Nulo   34     22     
30/07/1990  13.4    Nulo   35     24     
31/07/1990  0       Nulo   32     22     
01/08/1990  0       Nulo   34     23     
02/08/1990  0       Nulo   35     24     
03/08/1990  0       Nulo   36     23     
04/08/1990  0       Nulo   36.5   24     
05/08/1990  1       Nulo   34     24     
06/08/1990  0       Nulo   35     23     
07/08/1990  0       Nulo   36     25     
08/08/1990  0       Nulo   37.5   24     
09/08/1990  0       Nulo   36     23     
10/08/1990  28.5    Nulo   34     22     
11/08/1990  28.5    Nulo   27     21     
12/08/1990  41.4    Nulo   30     23     
13/08/1990  0       Nulo   30     23     
14/08/1990  0       Nulo   31     22     
15/08/1990  0       Nulo   33     21     
16/08/1990  0       Nulo   34     22     
17/08/1990  0       Nulo   35     23     
18/08/1990  0       Nulo   36     23     
19/08/1990  0       Nulo   37     24     
20/08/1990  0       Nulo   39     22     
21/08/1990  0       Nulo   39     19     
22/08/1990  0       Nulo   40     19     
23/08/1990  0       Nulo   39     20     
24/08/1990  0       Nulo   38     22     
25/08/1990  0       Nulo   38     23     
26/08/1990  0       Nulo   36     21     
27/08/1990  0       Nulo   36     20     
28/08/1990  0       Nulo   37     21     
29/08/1990  6.7     Nulo   36     22     
30/08/1990  0       Nulo   37     24     
31/08/1990  0       Nulo   37     24     
01/09/1990  0       Nulo   37     20     
02/09/1990  0       Nulo   38     21     
03/09/1990  0       Nulo   37     20     
04/09/1990  0       Nulo   38     22     
05/09/1990  0       Nulo   36     21     
06/09/1990  0       Nulo   37     20     
07/09/1990  0       Nulo   40     21     
08/09/1990  6       Nulo   40     24     
09/09/1990  25.5    Nulo   39     23     
10/09/1990  0       Nulo   38     22     
11/09/1990  1.2     Nulo   36     23     
12/09/1990  0       Nulo   38     20     
13/09/1990  0       Nulo   36     22     
14/09/1990  0       Nulo   34     22     
15/09/1990  0       Nulo   35     22     
16/09/1990  0       Nulo   34     23     
17/09/1990  0       Nulo   36     22     
18/09/1990  0       Nulo   37     21     
19/09/1990  0       Nulo   36     24     
20/09/1990  0       Nulo   35     25     
21/09/1990  0       Nulo   36     23     
22/09/1990  0       Nulo   30     24     
23/09/1990  0       Nulo   36     22     
24/09/1990  0       Nulo   38     23     
25/09/1990  0       Nulo   38     22     
26/09/1990  0       Nulo   37     23     
27/09/1990  0       Nulo   38     21     
28/09/1990  0       Nulo   37     21     
29/09/1990  0       Nulo   36     23     
30/09/1990  0       Nulo   35     19     
01/10/1990  68      Nulo   30     19     
02/10/1990  6.1     Nulo   29     18     
03/10/1990  0       Nulo   32.5   19     
04/10/1990  0       Nulo   36     18     
05/10/1990  0       Nulo   37     19     
06/10/1990  0       Nulo   36     18     
07/10/1990  0       Nulo   37     19     
08/10/1990  0       Nulo   36.5   20     
09/10/1990  0       Nulo   37     20     
10/10/1990  0       Nulo   36     21     
11/10/1990  0       Nulo   37     20     
12/10/1990  0       Nulo   37     19     
13/10/1990  0       Nulo   36     18     
14/10/1990  0       Nulo   36.5   18     
15/10/1990  0       Nulo   37     17.5   
16/10/1990  0       Nulo   36     18     
17/10/1990  0       Nulo   36     19     
18/10/1990  0       Nulo   35     17     
19/10/1990  0       Nulo   36     18     
20/10/1990  0       Nulo   35     17     
21/10/1990  0       Nulo   36     16     
22/10/1990  0       Nulo   34     16     
23/10/1990  0       Nulo   35     17     
24/10/1990  0       Nulo   36     17     
25/10/1990  0       Nulo   35.5   17     
26/10/1990  0       Nulo   36     18     
27/10/1990  0       Nulo   35     17     
28/10/1990  0       Nulo   37     17     
29/10/1990  0       Nulo   36     16     
30/10/1990  0       Nulo   35     17     
31/10/1990  0       Nulo   30     16     
01/11/1990  40.2    Nulo   27     18     
02/11/1990  64      Nulo   30     17     
03/11/1990  0       Nulo   24.5   14     
04/11/1990  0       Nulo   26.5   7      
05/11/1990  0       Nulo   28.5   9      
06/11/1990  0       Nulo   30     12     
07/11/1990  0       Nulo   33     9      
08/11/1990  0       Nulo   30     10     
09/11/1990  0       Nulo   30     10     
10/11/1990  0       Nulo   32     11     
11/11/1990  0       Nulo   32     10     
12/11/1990  0       Nulo   32     11     
13/11/1990  0       Nulo   32     12     
14/11/1990  0       Nulo   31     10     
15/11/1990  0       Nulo   33     10.5   
16/11/1990  0       Nulo   32     11     
17/11/1990  0       Nulo   31     11     
18/11/1990  0       Nulo   30.5   11     
19/11/1990  0       Nulo   32     10     
20/11/1990  0       Nulo   34     12     
21/11/1990  0       Nulo   33     13     
22/11/1990  0       Nulo   30     13     
23/11/1990  0.5     Nulo   32     12     
24/11/1990  0       Nulo   32     12     
25/11/1990  0       Nulo   30     13     
26/11/1990  0       Nulo   29     16     
27/11/1990  0       Nulo   27     9      
28/11/1990  0       Nulo   28     9      
29/11/1990  0       Nulo   28     7      
30/11/1990  0       Nulo   30     9      
01/12/1990  0       Nulo   30.5   13     
02/12/1990  0       Nulo   29     12     
03/12/1990  0       Nulo   28     11     
04/12/1990  0       Nulo   29     10     
05/12/1990  0       Nulo   28     12     
06/12/1990  0       Nulo   28     11     
07/12/1990  0       Nulo   31     12     
08/12/1990  0       Nulo   30     11     
09/12/1990  0       Nulo   30     10     
10/12/1990  0       Nulo   29     12     
11/12/1990  0       Nulo   29     13     
12/12/1990  0       Nulo   30     14     
13/12/1990  0       Nulo   34     16     
14/12/1990  0       Nulo   30     14     
15/12/1990  31      Nulo   24     13     
16/12/1990  50.2    Nulo   21     12     
17/12/1990  0       Nulo   22     10     
18/12/1990  0       Nulo   24     7      
19/12/1990  0       Nulo   22     8      
20/12/1990  0       Nulo   24     7      
21/12/1990  0       Nulo   25     10     
22/12/1990  0       Nulo   24     10     
23/12/1990  0       Nulo   20     11     
24/12/1990  0       Nulo   19     6      
25/12/1990  0       Nulo   20     6      
26/12/1990  0       Nulo   22     7      
27/12/1990  0       Nulo   22     10     
28/12/1990  0       Nulo   24     12     
29/12/1990  0       Nulo   23     10     
30/12/1990  0       Nulo   26     14     
31/12/1990  0       Nulo   25     12     
01/01/1991  0       Nulo   29     11     
02/01/1991  0       Nulo   28     12     
03/01/1991  0       Nulo   30     12     
04/01/1991  0.5     Nulo   29     13     
05/01/1991  7.3     Nulo   28     12     
06/01/1991  0       Nulo   29     11     
07/01/1991  0       Nulo   29     12     
08/01/1991  0       Nulo   28     12     
09/01/1991  0       Nulo   27     10     
10/01/1991  0       Nulo   29     10     
11/01/1991  0       Nulo   28     10     
12/01/1991  0       Nulo   27     9      
13/01/1991  0       Nulo   27     9      
14/01/1991  0       Nulo   27     8      
15/01/1991  0       Nulo   28     13     
16/01/1991  0       Nulo   25     7      
17/01/1991  0       Nulo   24     5      
18/01/1991  0       Nulo   24     3      
19/01/1991  0       Nulo   23     4      
20/01/1991  0       Nulo   25     2      
21/01/1991  0       Nulo   26     7      
22/01/1991  1.2     Nulo   28     6      
23/01/1991  0       Nulo   27     8      
24/01/1991  0       Nulo   26     8      
25/01/1991  0       Nulo   27     7      
26/01/1991  0       Nulo   24     7      
27/01/1991  0       Nulo   25     6      
28/01/1991  0       Nulo   24     6      
29/01/1991  0       Nulo   24     5      
30/01/1991  0       Nulo   26     6      
31/01/1991  0       Nulo   26     6      
01/02/1991  0       Nulo   30     6      
02/02/1991  0       Nulo   32     7.5    
03/02/1991  0       Nulo   29     9      
04/02/1991  0       Nulo   31.5   7      
05/02/1991  0       Nulo   29     7      
06/02/1991  0       Nulo   30     6.5    
07/02/1991  0       Nulo   32     7.5    
08/02/1991  0       Nulo   34     7      
09/02/1991  0       Nulo   28     9      
10/02/1991  3.2     Nulo   29     6      
11/02/1991  0       Nulo   34     7      
12/02/1991  0       Nulo   33     8      
13/02/1991  0       Nulo   31     7.5    
14/02/1991  0       Nulo   32     9.5    
15/02/1991  0       Nulo   29     8      
16/02/1991  0       Nulo   29     6      
17/02/1991  0       Nulo   34     9      
18/02/1991  0       Nulo   29     8.5    
19/02/1991  0       Nulo   31     8      
20/02/1991  0       Nulo   30     9      
21/02/1991  0       Nulo   34     7      
22/02/1991  0       Nulo   29.5   8      
23/02/1991  0       Nulo   30.5   7      
24/02/1991  0       Nulo   34.5   9      
25/02/1991  0       Nulo   29     9      
26/02/1991  0       Nulo   28     9.5    
27/02/1991  4       Nulo   27.5   9      
28/02/1991  7.5     Nulo   29     8      
01/03/1991  0       Nulo   31     7      
02/03/1991  0       Nulo   32     9      
03/03/1991  0       Nulo   29     10     
04/03/1991  0       Nulo   29     9.5    
05/03/1991  0       Nulo   34     7      
06/03/1991  0       Nulo   32     6.5    
07/03/1991  0       Nulo   29     10     
08/03/1991  0       Nulo   31     7.5    
09/03/1991  0       Nulo   30     9.5    
10/03/1991  0       Nulo   31.5   8      
11/03/1991  0       Nulo   29.5   9      
12/03/1991  0       Nulo   28     8      
13/03/1991  0       Nulo   26     7      
14/03/1991  0       Nulo   32     6      
15/03/1991  0       Nulo   31     8      
16/03/1991  0       Nulo   25     7.5    
17/03/1991  0       Nulo   24     6      
18/03/1991  0       Nulo   26     7      
19/03/1991  0       Nulo   22     8      
20/03/1991  0       Nulo   22     12     
21/03/1991  0       Nulo   22     5.5    
22/03/1991  0       Nulo   24     6      
23/03/1991  0       Nulo   26     7.5    
24/03/1991  0       Nulo   27     5.5    
25/03/1991  0       Nulo   26     7.5    
26/03/1991  0       Nulo   22     12     
27/03/1991  0       Nulo   24     9      
28/03/1991  0       Nulo   25     8      
29/03/1991  0       Nulo   27     6      
30/03/1991  0       Nulo   26.5   7      
31/03/1991  0       Nulo   31     4      
01/04/1991  0       Nulo   30     12     
02/04/1991  0       Nulo   26     6      
03/04/1991  0       Nulo   29     8      
04/04/1991  0       Nulo   31     5      
05/04/1991  0       Nulo   29     7      
06/04/1991  0       Nulo   32     8      
07/04/1991  0       Nulo   31     9      
08/04/1991  0       Nulo   32     10     
09/04/1991  0       Nulo   35     9      
10/04/1991  0       Nulo   31     11     
11/04/1991  0       Nulo   27     8      
12/04/1991  0       Nulo   27     7      
13/04/1991  0       Nulo   31     5      
14/04/1991  0       Nulo   32     7      
15/04/1991  0       Nulo   31     9      
16/04/1991  0       Nulo   30     10.5   
17/04/1991  0       Nulo   29     14     
18/04/1991  0       Nulo   30     13     
19/04/1991  0       Nulo   31     12     
20/04/1991  0       Nulo   34     10.5   
21/04/1991  0       Nulo   32     10     
22/04/1991  0       Nulo   32.5   10     
23/04/1991  0       Nulo   33.5   12     
24/04/1991  0       Nulo   28     13     
25/04/1991  0       Nulo   27     10     
26/04/1991  0       Nulo   26.5   8.5    
27/04/1991  0       Nulo   30     9      
28/04/1991  0       Nulo   30     9      
29/04/1991  0       Nulo   29     7      
30/04/1991  0       Nulo   32     10     
01/05/1991  0       Nulo   28.5   10.5   
02/05/1991  0       Nulo   33     10     
03/05/1991  0       Nulo   32     12     
04/05/1991  0       Nulo   30     12.5   
05/05/1991  0       Nulo   33.5   9      
06/05/1991  0       Nulo   33     7.5    
07/05/1991  0       Nulo   35     8      
08/05/1991  0       Nulo   34.5   9      
09/05/1991  0       Nulo   33     7.5    
10/05/1991  0       Nulo   34.5   10.5   
11/05/1991  0       Nulo   35     11     
12/05/1991  0       Nulo   35.5   12.5   
13/05/1991  0       Nulo   34     12.5   
14/05/1991  0       Nulo   33.5   10     
15/05/1991  0       Nulo   32.5   10     
16/05/1991  0       Nulo   30.5   9.5    
17/05/1991  0       Nulo   34.5   10     
18/05/1991  0       Nulo   31.5   11     
19/05/1991  0       Nulo   34.5   13.5   
20/05/1991  0       Nulo   34.5   12.5   
21/05/1991  0       Nulo   32     9.5    
22/05/1991  0       Nulo   30.5   12.5   
23/05/1991  0       Nulo   32.5   13     
24/05/1991  0       Nulo   32.5   15     
25/05/1991  0       Nulo   33.5   14.5   
26/05/1991  0       Nulo   33.5   15     
27/05/1991  0       Nulo   34     15     
28/05/1991  0       Nulo   33.5   12.5   
29/05/1991  0       Nulo   34     13     
30/05/1991  0       Nulo   33.5   11.5   
31/05/1991  0       Nulo   35     12.5   
01/06/1991  0       Nulo   33     11     
02/06/1991  0       Nulo   33     11.5   
03/06/1991  0       Nulo   32     11.5   
04/06/1991  0       Nulo   36     12     
05/06/1991  0       Nulo   35     17     
06/06/1991  0       Nulo   34     14.5   
07/06/1991  0       Nulo   36     13     
08/06/1991  0       Nulo   35     16     
09/06/1991  0       Nulo   36     15     
10/06/1991  0       Nulo   34.5   16     
11/06/1991  0       Nulo   35.5   15     
12/06/1991  0       Nulo   36     15.5   
13/06/1991  0       Nulo   37     16     
14/06/1991  0       Nulo   39     12.5   
15/06/1991  0       Nulo   36.5   17.5   
16/06/1991  0       Nulo   38.5   16     
17/06/1991  0       Nulo   Nulo   15     
--------------------------------------
