CNA-SMN-CG-GMC-SMAA-CLIMATOLOGIA
BASE DE DATOS CLIMATOLOGICA
DATOS DISPONIBLES EN LA BASE DE DATOS A JULIO 2022

ESTACION  : 26242
NOMBRE    : MOVAS
ESTADO    : SONORA
MUNICIPIO : ROSARIO
SITUACION : SUSPENDIDA
ORGANISMO : CONAGUA-DGE
CVE-OMM   : Nulo
LATITUD   : 028.161°
LONGITUD  : -109.443°
ALTITUD   : 230 msnm

EMISIÓN   : 04/07/2022

            PRECIP  EVAP   TMAX   TMIN   
  Fecha     (MM)    (MM)   (°C)   (°C)   
01/01/1982  0       2.5    28     4      
02/01/1982  0       2      23     8      
03/01/1982  0       4.4    22     3      
04/01/1982  0       3.3    26     0      
05/01/1982  0       3      29     2      
06/01/1982  0       2.3    28     3      
07/01/1982  0       3.1    26     4      
08/01/1982  0       3.7    25     5      
09/01/1982  0       3.7    33     8      
10/01/1982  2.5     1.5    33     12     
11/01/1982  12      0.6    20     13     
12/01/1982  0       2      22     13     
13/01/1982  0       3.3    21     8      
14/01/1982  0       2.7    25     1      
15/01/1982  0       3.7    28     3      
16/01/1982  0       3.2    23     4      
17/01/1982  0       2.1    30     4      
18/01/1982  0       3.8    24     5      
19/01/1982  3.5     2.5    27     10     
20/01/1982  0       0.4    23     12     
21/01/1982  0       3.2    27     9      
22/01/1982  0       1.9    23     4      
23/01/1982  0       3.4    23     1      
24/01/1982  0       3.3    31     2      
25/01/1982  0       4.6    33     4      
26/01/1982  0       3.7    32     5      
27/01/1982  0       2.8    30     5      
28/01/1982  0       5.7    30     4      
29/01/1982  0       2.6    22     7      
30/01/1982  0       3.7    22     1      
31/01/1982  0       2.8    28     0      
01/02/1982  0       Nulo   27     2      
02/02/1982  0       4.2    24     2      
03/02/1982  0       3.3    25     1      
04/02/1982  0       5.4    28     3      
05/02/1982  0       3.4    26     6      
06/02/1982  0       3.5    25     7      
07/02/1982  0       4.3    28     4      
08/02/1982  0       3.2    25     6      
09/02/1982  0       4.2    28     5      
10/02/1982  0       3.1    28     7      
11/02/1982  0       3.9    29     8      
12/02/1982  0       3.6    28     7      
13/02/1982  0       5      27     6      
14/02/1982  0       4.2    28     6      
15/02/1982  0       4.7    29     5      
16/02/1982  0       4.8    32     6      
17/02/1982  Nulo    5.2    Nulo   Nulo   
18/02/1982  0       4.2    Nulo   Nulo   
19/02/1982  0       Nulo   28     8      
20/02/1982  0       Nulo   32     6      
21/02/1982  0       Nulo   34     7      
22/02/1982  0       Nulo   35     7      
23/02/1982  0       5.9    34     9      
24/02/1982  0       7.3    30     5      
25/02/1982  0       7.9    29     11     
26/02/1982  0       5.2    31     10     
27/02/1982  0       5      32     8      
28/02/1982  0       1      32     9      
01/03/1982  0       6.5    35     9      
02/03/1982  0       4.3    32     12     
03/03/1982  0       6.4    31     9      
04/03/1982  0       5.1    31     10     
05/03/1982  0       6.1    30     7      
06/03/1982  0       5.6    28     7      
07/03/1982  0       6      32     3      
08/03/1982  0       4.7    33     6      
09/03/1982  0       6.8    34     8      
10/03/1982  0       7      35     9.5    
11/03/1982  0       7.2    37     12     
12/03/1982  0       8.5    34     11     
13/03/1982  0       7.1    28     14     
14/03/1982  0       6.4    31     8      
15/03/1982  0       5.6    29     11     
16/03/1982  0       5.7    30     10     
17/03/1982  0       5.7    31     11     
18/03/1982  0       6.1    30     10     
19/03/1982  0       Nulo   31     8      
20/03/1982  0       Nulo   32     4      
21/03/1982  0       6.4    32     5      
22/03/1982  0       5.4    33     5      
23/03/1982  0       6.4    31     6      
24/03/1982  0       7.3    33     11     
25/03/1982  0       7.3    35     9      
26/03/1982  0       4.7    32     13.5   
27/03/1982  0       7.4    32     16.5   
28/03/1982  0       7.7    33     8      
29/03/1982  0       7      30     12     
30/03/1982  0       5.8    31     7      
31/03/1982  0       5.5    31     10.5   
01/04/1982  0       3.3    33     10     
02/04/1982  0       6.3    34     8      
03/04/1982  0       4.9    33     10     
04/04/1982  0       8.8    32     9      
05/04/1982  0       9.5    37     8      
06/04/1982  0       10.4   38     8      
07/04/1982  0       10.1   36     13     
08/04/1982  0       8      34     13     
10/04/1982  0       Nulo   Nulo   Nulo   
11/04/1982  0       Nulo   41     12     
12/04/1982  0       Nulo   39     18     
13/04/1982  0       Nulo   41     16     
14/04/1982  0       9.8    37     16     
15/04/1982  0       10.1   35     10     
16/04/1982  0       9.2    35     9      
17/04/1982  0       10     36     9      
18/04/1982  0       7.3    37     10     
19/04/1982  0       9.6    36     10     
20/04/1982  0       8      37     11     
21/04/1982  0       Nulo   34     15     
22/04/1982  0       4.2    35     20     
23/04/1982  0       9.3    35     15     
24/04/1982  0       9.2    34     10     
25/04/1982  0       9.8    36     10     
26/04/1982  0       8.9    38     11     
27/04/1982  0       8.9    36     17     
28/04/1982  0       8.4    35     15     
29/04/1982  0       5.6    37     20     
01/05/1982  0       Nulo   35     16     
02/05/1982  0       Nulo   35     17     
03/05/1982  0       Nulo   36     16     
04/05/1982  0       4.6    30     18     
05/05/1982  0       7.9    31     11     
06/05/1982  0       10.1   36     11     
07/05/1982  0       9.8    38     14     
08/05/1982  0       11.4   36     14     
09/05/1982  0       9.3    34     14     
10/05/1982  0       9.5    34     10     
11/05/1982  0       9.4    34     10     
12/05/1982  0       Nulo   30     13     
13/05/1982  0       4.9    33     10     
14/05/1982  0       6      38     9      
15/05/1982  0       13     38     14     
16/05/1982  0       10     38     13     
17/05/1982  0       9.9    39     13     
18/05/1982  0       12     38     14     
19/05/1982  0       9.4    38     16     
20/05/1982  0       Nulo   38     16     
21/05/1982  0       Nulo   40     17     
22/05/1982  0       7.9    39     14     
23/05/1982  0       8.7    38     16     
24/05/1982  0       9.5    38     15     
25/05/1982  0       11     38     18     
26/05/1982  0       9.6    37     17     
27/05/1982  0       12.1   34     23     
28/05/1982  0       9.8    36     17     
29/05/1982  0       Nulo   39     18     
30/05/1982  0       Nulo   38     20     
01/06/1982  0       Nulo   41     16     
02/06/1982  0       Nulo   39     17     
03/06/1982  0       Nulo   39     18     
04/06/1982  0       11     42     18     
05/06/1982  0       11.8   39     19     
06/06/1982  0       6.9    37     26     
07/06/1982  0       11.1   40     23     
08/06/1982  0       10.5   41     24     
09/06/1982  0       12.8   43     18     
10/06/1982  0       Nulo   42     20     
11/06/1982  0       Nulo   39     19     
12/06/1982  0       12.1   41     21     
13/06/1982  0       10.9   41     19     
14/06/1982  0       12.6   40     16     
15/06/1982  0       11.1   40     15     
16/06/1982  0       10.6   41     21     
17/06/1982  0       12.7   41     20     
18/06/1982  0       Nulo   40     18     
19/06/1982  0       9.9    40     19     
20/06/1982  0       11.5   41     20     
21/06/1982  0       13.2   40     20     
22/06/1982  0       11.3   41     19     
23/06/1982  0       12.8   41     19     
24/06/1982  0       10.8   42     18     
25/06/1982  0       Nulo   42     19     
26/06/1982  0       Nulo   42     18     
27/06/1982  0       10.5   42     21     
28/06/1982  3       9.9    41     27     
29/06/1982  0       11     41     20     
30/06/1982  3       Nulo   Nulo   Nulo   
01/07/1982  0       10.5   40     27     
02/07/1982  26.5    9.7    41     24     
03/07/1982  6       8      38     23     
04/07/1982  40      3.3    31     24     
05/07/1982  21      3.7    29     22     
06/07/1982  0       9.2    36     22     
07/07/1982  0       11.6   39     23     
08/07/1982  0       10.4   42     22     
09/07/1982  0       9.9    39     27     
10/07/1982  0       9.5    39     26     
11/07/1982  0       9.7    39     28.5   
12/07/1982  0       10.6   37     22     
13/07/1982  8       8.2    39     25     
14/07/1982  8       7.7    37     24     
15/07/1982  4       9.8    37     24     
16/07/1982  16      9.2    36     24     
17/07/1982  3       3      39     22     
18/07/1982  15      6      39     21     
19/07/1982  3       12.9   36     17     
20/07/1982  2       10.5   36     23     
21/07/1982  0       7.6    37     22     
22/07/1982  16      0.4    36     23     
23/07/1982  4       3.8    34     22     
24/07/1982  0       5.7    35     21     
25/07/1982  0       6.9    36     23     
26/07/1982  0       5.7    35     22     
27/07/1982  0       8.1    38     24     
28/07/1982  0       6.2    38     24     
01/08/1982  4.5     4.7    38     24     
02/08/1982  0       3.3    33     22     
03/08/1982  68      2.1    37     22     
04/08/1982  1       4.3    34     20     
05/08/1982  0       6.8    35     23     
06/08/1982  0       6.4    37     23     
07/08/1982  0       6.2    39     23     
08/08/1982  4.5     7.5    39     25     
09/08/1982  5.3     6.8    35     22     
10/08/1982  28.7    4.8    34     23     
11/08/1982  0.5     3.6    32     22     
12/08/1982  0       5.5    34     24     
13/08/1982  0       6      35     23     
14/08/1982  6.2     6.9    35     22     
15/08/1982  0.3     5.9    35     22     
16/08/1982  13.4    5.7    36     23     
17/08/1982  0       6.2    36     22     
18/08/1982  0       5.4    38     23     
19/08/1982  0       5      38     22     
20/08/1982  0       6.2    36     25     
21/08/1982  0       5.4    36     26     
22/08/1982  2.8     6.5    38     22     
23/08/1982  17      6.8    36     22     
24/08/1982  0       4.8    36     22     
25/08/1982  0       7.5    37     22     
26/08/1982  0       4.9    36     23     
27/08/1982  0       6.4    39     21     
28/08/1982  21      Nulo   41     22     
29/08/1982  0       5.4    36     22     
30/08/1982  0       7.6    38     23     
01/09/1982  22.3    6.2    41     27     
02/09/1982  0       4.5    38     23     
03/09/1982  2.6     7.1    39     24     
04/09/1982  0       4.8    31     23     
05/09/1982  0       7.4    37     22     
06/09/1982  22.5    5.3    36     23     
07/09/1982  8       3.8    34     21     
08/09/1982  0       3.4    33     21     
09/09/1982  36.4    Nulo   34     20     
10/09/1982  18      7.5    27     20     
11/09/1982  0       5.5    32     21     
12/09/1982  20      7.5    30     21     
13/09/1982  0       8.4    33     19     
14/09/1982  0       7.6    33     19     
15/09/1982  0       6.5    34     17     
16/09/1982  0       4.1    35     17     
17/09/1982  0       6.8    36     19     
18/09/1982  0       9      39     20     
20/09/1982  0       Nulo   Nulo   Nulo   
21/09/1982  0       5.6    42     20     
22/09/1982  0       5      39     20     
23/09/1982  0       2.8    39     25     
24/09/1982  0       7.4    40     24     
25/09/1982  0       6.2    40     24     
26/09/1982  0       5.6    39     23     
27/09/1982  0       5.2    35     23     
28/09/1982  17      4.1    34     23     
29/09/1982  6.4     3.8    32     21     
01/10/1982  0       5.1    35     20     
02/10/1982  0       3.1    36     17     
03/10/1982  0       5.9    37     16     
04/10/1982  0       5      38     16     
05/10/1982  0       8.8    37     17     
06/10/1982  0       3.6    38     13     
07/10/1982  0       8.2    37     12     
08/10/1982  0       5.2    35     13     
09/10/1982  0       5.2    35     12     
10/10/1982  0       4.5    33     10     
11/10/1982  0       4.4    32     9      
12/10/1982  0       6.4    33     6      
13/10/1982  0       4.8    35     6      
14/10/1982  0       5.1    35     8      
15/10/1982  0       6.1    32     11     
16/10/1982  0       6.2    37     16     
17/10/1982  0       6.6    38     15     
18/10/1982  0       4.6    37     18     
19/10/1982  0       6.6    37     13     
20/10/1982  0       4.6    37     11     
21/10/1982  0       5.7    37     10     
22/10/1982  0       9.3    39     9      
23/10/1982  0       5.2    39     11     
24/10/1982  0       4.6    39     12     
25/10/1982  0       4.2    38     14     
26/10/1982  0       3.8    38     12     
27/10/1982  0       5.7    35     11     
28/10/1982  0       3.7    33     11     
29/10/1982  0       6.6    33     10     
30/10/1982  0       4.3    33     10     
31/10/1982  0       Nulo   Nulo   Nulo   
01/11/1982  0       4.7    33     16     
02/11/1982  0       5.1    32     9      
03/11/1982  0       6.2    32     7      
04/11/1982  0       3.6    33     5      
05/11/1982  0       5.7    34     6      
06/11/1982  0       4.9    35     6      
07/11/1982  0       4      34     9      
08/11/1982  0       3.8    31     11     
09/11/1982  1.9     0.7    30     16     
10/11/1982  2.5     1.7    32     18     
11/11/1982  0       2.7    27     4      
12/11/1982  0       3      30     7      
13/11/1982  0       3.3    32     9      
14/11/1982  0       2.4    34     13     
15/11/1982  0       6.9    34     9      
16/11/1982  0       3.1    28     11     
17/11/1982  11      0.7    27     16     
18/11/1982  0       3.7    26     14     
19/11/1982  0       1.5    27     12     
20/11/1982  0       Nulo   Nulo   Nulo   
21/11/1982  0       Nulo   Nulo   Nulo   
22/11/1982  0       4.4    30     9      
23/11/1982  0       5      28     12     
24/11/1982  15.7    2.2    28     12     
25/11/1982  7.6     0.6    26     14     
26/11/1982  0       0.1    24     11     
27/11/1982  0       2.8    25     9      
28/11/1982  0       1.7    25     10     
29/11/1982  0       2.1    27     7      
30/11/1982  0       Nulo   Nulo   Nulo   
01/12/1982  24.3    3.2    20     11     
02/12/1982  0       3.4    17     10     
03/12/1982  0       2.1    19     1      
04/12/1982  0       1.8    23     2      
05/12/1982  0       1.8    25     2      
06/12/1982  0       2.4    26     3      
07/12/1982  0       2.7    27     4      
08/12/1982  24.3    1.1    21     1      
09/12/1982  20      0.4    23     13     
10/12/1982  0.9     0.2    20     15     
11/12/1982  0       2.6    22     12     
12/12/1982  0       1.7    26     8      
13/12/1982  0       2.1    25     10     
14/12/1982  0       2.1    24     11     
15/12/1982  0       2.8    26     6      
16/12/1982  0       3.2    27     6      
17/12/1982  0       1.8    28     7      
18/12/1982  0       2.7    28     5      
19/12/1982  0       3.7    28     5      
20/12/1982  0       2.7    29     5      
21/12/1982  2.5     1      22     7      
22/12/1982  0       1.9    23     6      
23/12/1982  0.5     0.9    23     8      
24/12/1982  0       2.7    18     10     
25/12/1982  0       2.2    17     7      
26/12/1982  0       2.4    15     1      
27/12/1982  0       2.5    18     0      
28/12/1982  0       1.3    21     0      
29/12/1982  0       3.5    23     2      
30/12/1982  14.5    1.2    19     4      
31/12/1982  0       2      17     4      
01/01/1983  0       2.4    18     0      
02/01/1983  0       3      21     1      
03/01/1983  0       3.3    23     2      
04/01/1983  0       1.3    24     2      
05/01/1983  0       0.9    21     4      
06/01/1983  0       2.6    27     4      
07/01/1983  0       2.7    26     5      
08/01/1983  0       2.2    22     3      
09/01/1983  0       3.1    26     4      
10/01/1983  0       2.7    26     5      
11/01/1983  0       0.6    23     7      
12/01/1983  0       1.8    22     7      
13/01/1983  0.4     1.2    24     11     
14/01/1983  1       3      27     4      
15/01/1983  0       2.8    30     7      
16/01/1983  0       2.4    28     9      
17/01/1983  10.7    1.8    26     10     
18/01/1983  0       1      24     12     
19/01/1983  3.4     3.2    24     11     
20/01/1983  0.5     0.8    17     9      
21/01/1983  0       1.9    18     4      
22/01/1983  0       2.2    21     0      
23/01/1983  0       3.3    24     1      
24/01/1983  0       1.5    24     3      
25/01/1983  0       3.2    26     4      
26/01/1983  0       2.7    27     4      
27/01/1983  0       2.9    28     5      
28/01/1983  0       1.1    26     6      
29/01/1983  0       1.4    26     8      
30/01/1983  18.2    Nulo   20     13     
31/01/1983  0       1.3    14     11     
01/02/1983  0       1      20     4      
02/02/1983  0       2.2    20     2      
03/02/1983  22.4    1.3    21     4      
04/02/1983  0       0.4    21     8      
05/02/1983  0       2.3    22     7      
06/02/1983  0       2.3    21     6      
07/02/1983  0       3.2    24     4      
08/02/1983  0       2.3    26     5      
09/02/1983  0       4.4    24     7      
10/02/1983  0       2.2    26     6      
11/02/1983  0       3.1    26     6      
12/02/1983  0       4.2    28     6      
13/02/1983  0       4.4    29     7      
14/02/1983  0       3.2    25     7      
15/02/1983  0       4.5    26     3      
16/02/1983  0       1.7    28     5      
17/02/1983  0       5.6    29     5      
18/02/1983  0       3.9    30     7      
19/02/1983  0       4.3    29     8      
20/02/1983  0       3.6    27     3      
21/02/1983  0       3.8    29     3      
22/02/1983  0       4.1    29     5      
23/02/1983  0       2.8    29     7      
24/02/1983  24.5    4.6    26     9      
25/02/1983  0       3.4    22     12     
26/02/1983  0       3      25     8      
27/02/1983  0       4.2    27     7      
28/02/1983  0       3.8    29     6      
01/03/1983  0       3.5    30     8      
02/03/1983  20      2.8    25     11     
03/03/1983  29.5    2.8    21     13     
04/03/1983  4.8     1.9    18     11     
05/03/1983  0       1.7    22     8      
06/03/1983  0       4.6    24     7      
07/03/1983  0       4      26     6      
08/03/1983  0       3.9    29     7      
09/03/1983  0       4.6    31     6      
10/03/1983  0       3.9    31     8      
11/03/1983  0       4.2    30     12     
12/03/1983  0       5.9    29     10     
13/03/1983  0       4.7    24     10     
14/03/1983  0       4.1    29     11     
15/03/1983  0       5.3    26     15     
16/03/1983  0       5.3    25     6      
17/03/1983  0       5      27     5      
18/03/1983  0       3.8    25     6      
19/03/1983  0       2.3    23     10     
20/03/1983  0       5.7    25     5      
21/03/1983  0       4.3    26     5      
22/03/1983  0       5      26     6      
23/03/1983  0       5.3    27     7      
24/03/1983  0       6.4    29     6      
25/03/1983  1.5     2      21     11     
26/03/1983  0       5      23     5      
27/03/1983  0       5.8    29     3      
28/03/1983  0       6.2    32     6      
29/03/1983  0       6.7    32     8      
30/03/1983  0       6.8    34     9      
31/03/1983  0       6.7    36     9      
01/04/1983  0       Nulo   34     11     
02/04/1983  0       Nulo   35     10     
03/04/1983  0       Nulo   32     8      
04/04/1983  0       Nulo   28     15     
05/04/1983  1       Nulo   22     9      
06/04/1983  5       2      19     11     
07/04/1983  0       5.1    20     8      
08/04/1983  0       3      22     5      
09/04/1983  0       6.7    28     5      
10/04/1983  0       6.2    33     6      
11/04/1983  0       7.7    28     6      
12/04/1983  0       7      27     7      
13/04/1983  0       5.3    26     5      
14/04/1983  0       7.6    29     4      
15/04/1983  0       8.3    32     6      
16/04/1983  0       6.2    35     8      
17/04/1983  0       9.3    36     10     
18/04/1983  0       2.9    32     10     
19/04/1983  0       2.9    32     12     
20/04/1983  0       7.9    29     12     
21/04/1983  0       6.8    30     11     
22/04/1983  0       8.3    31     9      
23/04/1983  0       8.2    36     10     
24/04/1983  0       9.1    36     12     
25/04/1983  0       8.5    33     10     
26/04/1983  0       6.6    33     11     
27/04/1983  0       9.4    35     13     
28/04/1983  0       7.6    34     16     
29/04/1983  0       5.7    35     16     
30/04/1983  0       7      35     13     
01/05/1983  0       9.1    34     11     
02/05/1983  0       10.8   31     9      
03/05/1983  0       10.4   37     8      
04/05/1983  0       10.1   39     9      
05/05/1983  0       11.2   38     11     
06/05/1983  0       9.9    37     11     
07/05/1983  0       1.2    33     12     
08/05/1983  0       15.9   37     12     
09/05/1983  0       10.2   36     12     
10/05/1983  0       11.5   36     11     
11/05/1983  0       10     36     10     
12/05/1983  0       10     35     11     
13/05/1983  0       9.7    35     9      
14/05/1983  0       Nulo   32     10     
15/05/1983  0       Nulo   37     11     
16/05/1983  0       Nulo   37     14     
17/05/1983  0       Nulo   36     11     
18/05/1983  0       10.8   37     13     
19/05/1983  0       10.8   36     12     
20/05/1983  0       10.4   37     11     
21/05/1983  0       10.5   39     13     
22/05/1983  0       11.1   42     13     
23/05/1983  0       10.6   42     16     
24/05/1983  0       10.2   40     17     
25/05/1983  0       15.5   40     19     
26/05/1983  0       9.5    40     19     
27/05/1983  0       12.1   43     20     
28/05/1983  0       7.3    38     27     
29/05/1983  0       9      38     22     
30/05/1983  0       10.5   38     21     
31/05/1983  0       10.2   37     19     
01/06/1983  0       10.3   38     21     
02/06/1983  0       11.3   37     21     
03/06/1983  0       4.8    38     18     
04/06/1983  0       11.8   40     17     
05/06/1983  0       12.2   39     16     
06/06/1983  0       10.2   40     17     
07/06/1983  0       10.3   Nulo   20     
08/06/1983  0       10.3   Nulo   18     
09/06/1983  0       10.2   Nulo   20     
10/06/1983  0       4.2    Nulo   19     
11/06/1983  0       4      Nulo   17     
12/06/1983  0       9.5    Nulo   21     
13/06/1983  0       9.9    Nulo   20     
14/06/1983  0       9.7    Nulo   20     
15/06/1983  0       10.9   39     20     
16/06/1983  0       10.3   41     21     
17/06/1983  0       9.8    42     12     
18/06/1983  0       9.9    42     19     
19/06/1983  0       Nulo   44     16     
20/06/1983  0       Nulo   43     19     
21/06/1983  0       6      43     20     
22/06/1983  0       10.5   42     22     
23/06/1983  0       8.9    42     21     
24/06/1983  0       8.9    42     18     
25/06/1983  0       8.7    41     19     
26/06/1983  0       11.9   40     11     
27/06/1983  0       10.9   40     16     
28/06/1983  0       8.2    41     19     
29/06/1983  0       10.2   41     19     
30/06/1983  0       11.1   42     18     
01/07/1983  0       10.9   41     19     
02/07/1983  0       11.2   41     21     
03/07/1983  0       13.9   43     22     
04/07/1983  0       10.5   43     23     
05/07/1983  0       9.5    43     22     
06/07/1983  0.5     8.6    43     26     
07/07/1983  1.5     3.7    40     26     
08/07/1983  1       9.7    42     23     
09/07/1983  0       8.4    42     24     
10/07/1983  10      2.2    42     23     
11/07/1983  0       10.8   40     23     
12/07/1983  0       10.6   41     24     
13/07/1983  7       2.5    41     26     
14/07/1983  7.3     3.3    38     23     
15/07/1983  0       9.4    37     22     
16/07/1983  2.3     4.1    39     25     
17/07/1983  0       8.9    41     23     
18/07/1983  25.4    6.7    40     17     
19/07/1983  0       7      37     23     
20/07/1983  41.4    5.3    35     24     
21/07/1983  37.8    3.8    34     23     
22/07/1983  0       4.8    34     23     
23/07/1983  0       8.8    38     24     
24/07/1983  0       8.6    40     23     
25/07/1983  13      8.8    40     26     
26/07/1983  20      4.1    41     24     
27/07/1983  1.8     6.9    35     21     
28/07/1983  0       10     34     22     
29/07/1983  1.2     10.5   36     23     
30/07/1983  0       5.5    30     24     
31/07/1983  0       5.1    36     22     
01/08/1983  0       6.5    31     24     
02/08/1983  0       8.1    39     21     
03/08/1983  10.5    6.4    36     22     
04/08/1983  0       6.1    34     22     
05/08/1983  13      6.9    36     23     
06/08/1983  1.5     4.6    34     22     
07/08/1983  7.2     7.3    35     23     
08/08/1983  32      4.6    33     23     
09/08/1983  15.4    3.7    32     21     
10/08/1983  0       2.5    30     23     
11/08/1983  0       5.3    34     23     
12/08/1983  26.3    8.1    36     24     
13/08/1983  2       4.9    33     24     
14/08/1983  40      2.7    32     23     
15/08/1983  19      2.4    31     22     
16/08/1983  4.4     4.4    32     23     
17/08/1983  0       1.3    33     23     
18/08/1983  0       5.1    33     19     
19/08/1983  0       5.7    34     22     
20/08/1983  0       6.2    34     20     
21/08/1983  0       5.8    35     21     
22/08/1983  0       6.9    35     22     
23/08/1983  0       5.8    36     19     
24/08/1983  0       5.8    36     20     
25/08/1983  0       6.5    38     20     
26/08/1983  2       4.1    38     21     
27/08/1983  4.5     2.6    36     22     
28/08/1983  0       6.9    35     21     
29/08/1983  0       5.6    36     23     
30/08/1983  45.3    4.9    35     25     
31/08/1983  0       2.6    34     22     
01/09/1983  0       6.9    36     21     
02/09/1983  0       4.3    38     22     
03/09/1983  0       6.6    38     25     
04/09/1983  21.8    4.4    35     25     
05/09/1983  0       4      33     24     
06/09/1983  9.7     4.3    33     21     
07/09/1983  0       4.6    33     22     
08/09/1983  0       4.8    35     22     
09/09/1983  1.5     4.2    36     23     
10/09/1983  72      2.2    33     22     
11/09/1983  0       2.5    31     22     
12/09/1983  0       3.8    32     24     
13/09/1983  0.5     6      34     24     
14/09/1983  0       4      33     23     
15/09/1983  0       3.6    33     22     
16/09/1983  35.5    2.2    33     21     
17/09/1983  0       4.6    33     21     
18/09/1983  0       4.9    34     21     
19/09/1983  6.8     4.1    34     23     
20/09/1983  0       6      32     23     
21/09/1983  10      4.7    34     22     
22/09/1983  14      3.2    31     22     
23/09/1983  0       2.7    31     21     
24/09/1983  0       4.8    33     21     
25/09/1983  0       5.6    35     20     
26/09/1983  0       5.1    36     20     
27/09/1983  0       5.2    35     22     
28/09/1983  30      7.2    35     21     
29/09/1983  29      2.1    33     21     
30/09/1983  0       1.9    30     20     
01/10/1983  0       1.6    32     20     
02/10/1983  0       2.8    32     21     
03/10/1983  0       4      33     21     
04/10/1983  0       4.9    32     20     
05/10/1983  0       4.5    33     18     
06/10/1983  0       5.4    34     17     
07/10/1983  0       5      34     18     
08/10/1983  0       3.9    34     16     
09/10/1983  0       3.5    34     15     
10/10/1983  0       5.2    34     14     
11/10/1983  0       4.1    34     15     
12/10/1983  0       4.7    34     15     
13/10/1983  0       3.3    35     15     
14/10/1983  0       4.9    32     19     
15/10/1983  0       3      32     17     
16/10/1983  0       4      33     16     
17/10/1983  0       3.5    34     15     
18/10/1983  47      2.4    22     17     
19/10/1983  0       2.8    29     15     
20/10/1983  0       4.6    30     16     
21/10/1983  0       3.8    33     15     
22/10/1983  0       3.4    32     15     
23/10/1983  0       2.3    32     15     
24/10/1983  0       4.6    32     15     
25/10/1983  12.3    4.6    32     15     
26/10/1983  15      2.9    27     16     
27/10/1983  13      1.7    25     17     
28/10/1983  0       1.7    29     17     
29/10/1983  0       4.6    30     16     
30/10/1983  0       2.4    32     15     
31/10/1983  0       3.6    31     11     
01/11/1983  0       2.8    30     13     
02/11/1983  0       2.5    31     14     
03/11/1983  2       0.9    26     16     
04/11/1983  0       2.4    26     10     
05/11/1983  0       2.7    29     13     
06/11/1983  0       3.3    25     15     
07/11/1983  0       3.6    30     14     
08/11/1983  0       0.6    28     12     
09/11/1983  0       2.9    27     16     
10/11/1983  0       2.1    29     15     
11/11/1983  0       3.7    30     11     
12/11/1983  0       3.1    30     12     
13/11/1983  0       2.4    30     11     
14/11/1983  0       3.1    30     10     
15/11/1983  0       2.7    30     9      
16/11/1983  0       4.3    31     9      
17/11/1983  0       3.7    28     12     
18/11/1983  0       3.8    30     11     
19/11/1983  0       1.5    28     12     
20/11/1983  0       3.3    28     7      
21/11/1983  24      3.2    27     6      
22/11/1983  0       1.3    20     10     
23/11/1983  0       2.2    20     5      
24/11/1983  0       2.2    24     3      
25/11/1983  1       2.2    27     5      
26/11/1983  0       2      20     8      
27/11/1983  0       2.7    20     1      
28/11/1983  0       2      23     1      
29/11/1983  0       1.7    25     3      
30/11/1983  0       2.1    27     6      
01/12/1983  13.7    2.9    26     10     
02/12/1983  2.8     2.5    23     10     
03/12/1983  0       2.8    24     7      
04/12/1983  0       1.3    26     8      
05/12/1983  0       1.9    24     8      
06/12/1983  0       2.6    24     4      
07/12/1983  0       2.8    22     4      
08/12/1983  0       2.1    26     6      
09/12/1983  0       1.5    28     8      
10/12/1983  0       2.7    29     8      
11/12/1983  0       1.5    28     4      
12/12/1983  0       2.4    29     7      
13/12/1983  0       3.1    28     9      
14/12/1983  0       2.6    26     4      
15/12/1983  0       2      27     8      
16/12/1983  0       2.2    28     5      
17/12/1983  0       2.5    29     4      
18/12/1983  0       1.5    27     4      
19/12/1983  0       2.4    26     5      
20/12/1983  0       2.7    26     5      
21/12/1983  0       2.3    25     7      
22/12/1983  0       1.9    26     8      
23/12/1983  0       2.4    27     6      
24/12/1983  0       2.4    29     7      
25/12/1983  0       2.2    25     4      
26/12/1983  0       2.2    27     6      
27/12/1983  0       1.7    25     9      
28/12/1983  0       1.3    23     9      
29/12/1983  0       1.1    25     4      
30/12/1983  0       2.2    25     2      
31/12/1983  0       3.2    27     2      
01/01/1984  0       2.3    29     5      
02/01/1984  0       2.2    27     8      
03/01/1984  1.5     1.5    24     8      
04/01/1984  0       1.5    24     4      
05/01/1984  0.5     1.5    25     5      
06/01/1984  0       2      24     8      
07/01/1984  0       1.2    25     10     
08/01/1984  0       3.2    24     8      
09/01/1984  0       3.4    24     5      
10/01/1984  0       2.5    28     4      
11/01/1984  0       3.2    25     2      
12/01/1984  0       3.2    26     4      
13/01/1984  0       1.8    25     5      
14/01/1984  0       3.5    26     8      
15/01/1984  0       3.1    25     4      
16/01/1984  0       2.5    21     3      
17/01/1984  0       2      23     4      
18/01/1984  0       2.2    25     2      
19/01/1984  0       3      26     2      
20/01/1984  0       3      25     2      
21/01/1984  0       2.7    27     2      
22/01/1984  0       2.8    26     2      
23/01/1984  0       2.9    24     0      
24/01/1984  0       3.6    23     1      
25/01/1984  0       3.2    27     1      
26/01/1984  0       2.3    28     2      
27/01/1984  0       4.5    29     2      
28/01/1984  0       3.6    30     4      
29/01/1984  37      1.9    26     9      
30/01/1984  0.6     2.6    25     10     
31/01/1984  0       2.7    24     8      
01/02/1984  0       2      27     8      
02/02/1984  0       2.7    26     9      
03/02/1984  0       2.7    29     9      
04/02/1984  0       1.6    28     10     
05/02/1984  6.8     4.7    27     11     
06/02/1984  0       2.5    28     8      
07/02/1984  0       2.9    28     8      
08/02/1984  0       2.4    28     8      
09/02/1984  0       4.9    29     7      
10/02/1984  0       2.1    29     7      
11/02/1984  0       4.4    26     4      
12/02/1984  0       4      26     4      
13/02/1984  0       2.8    28     4      
14/02/1984  0       3.2    30     4      
15/02/1984  0       4.9    30     4      
16/02/1984  0       3.3    31     3      
17/02/1984  0       5.7    28     5      
18/02/1984  0       4      26     2      
19/02/1984  0       3.9    24     2      
20/02/1984  0       3.3    25     1      
21/02/1984  0       5.6    26     3      
22/02/1984  0       3.6    29     4      
23/02/1984  0       4.2    27     3      
24/02/1984  0       5.2    30     2      
25/02/1984  0       4.9    29     4      
26/02/1984  0       6      23     2      
27/02/1984  0       5.7    28     0      
28/02/1984  0       4.3    33     1      
29/02/1984  0       4.5    29     5      
01/03/1984  0       4.2    28     5      
02/03/1984  0       Nulo   29     6      
03/03/1984  0       Nulo   28     4      
04/03/1984  0       Nulo   31     5      
05/03/1984  0       Nulo   31     4      
06/03/1984  0       1.6    28     1      
07/03/1984  0       5.3    31     3      
08/03/1984  0       6.6    32     4      
09/03/1984  0       4.1    33     6      
10/03/1984  0       5      34     5      
11/03/1984  0       4.3    32     6      
12/03/1984  0       5.1    34     7      
13/03/1984  0       6.7    35     8      
14/03/1984  0       6      30     8      
15/03/1984  0       6      35     9      
16/03/1984  0       5.5    30     8      
17/03/1984  0       6.4    36     8      
18/03/1984  0       4.3    34     8      
19/03/1984  0       7.3    34     6      
20/03/1984  0       6      35     7      
21/03/1984  0       7.5    33     9      
22/03/1984  0       6.4    34     8      
23/03/1984  0       7.1    31     7      
24/03/1984  0       6.4    33     7      
25/03/1984  0       5.4    31     10     
26/03/1984  0       7.2    31     9      
27/03/1984  0       6.3    30     10     
28/03/1984  0       7.5    32     9      
29/03/1984  0       5.5    29     11     
30/03/1984  0       6.6    31     9      
31/03/1984  0       7.2    32     8      
01/04/1984  0       6.4    30     7      
02/04/1984  0       6.2    29     5      
03/04/1984  0       6.9    32     4      
04/04/1984  0       6.2    34     7      
05/04/1984  0       6.7    34     7      
06/04/1984  2.8     4.1    27     11     
07/04/1984  0       4.5    26     10     
08/04/1984  0       5.9    32     8      
09/04/1984  0       7.3    34     10     
10/04/1984  0       7.1    34     10     
11/04/1984  0       1      36     10     
12/04/1984  0       7.6    32     10     
13/04/1984  0       8.4    37     12     
14/04/1984  0       9.3    38     13     
15/04/1984  0       10.3   39     14     
16/04/1984  0       5.7    40     15     
17/04/1984  0       9.5    37     15     
18/04/1984  0       8.5    35     19     
19/04/1984  0       8.5    34     13     
20/04/1984  0       5.4    32     12     
21/04/1984  0       2.2    32     10     
22/04/1984  0       5.9    35     10     
23/04/1984  0       7      38     12     
24/04/1984  0       7.8    37     10     
25/04/1984  0       6.9    33     12     
26/04/1984  0       7.2    32     10     
27/04/1984  0       8      32     17     
28/04/1984  0       9.4    32     10     
29/04/1984  0       9.9    32     6      
30/04/1984  0       9.6    35     7      
01/05/1984  0       1.2    34     9      
02/05/1984  0       9      35     9      
03/05/1984  0       9.4    37     11     
04/05/1984  0       13.4   39     15     
05/05/1984  0       11.2   38     11     
06/05/1984  0       10.1   38     13     
07/05/1984  0       11.5   39     16     
08/05/1984  0       11.3   43     12     
09/05/1984  0       11.4   42     20     
10/05/1984  0       11.6   40     21     
11/05/1984  0       9.3    39     20     
12/05/1984  0       9.6    40     21     
13/05/1984  1.7     6.5    40     23     
14/05/1984  0       10.7   38     23     
15/05/1984  0       9.3    37     20     
16/05/1984  0       7.7    37     18     
17/05/1984  0       9      36     18     
18/05/1984  0       11.3   39     17     
19/05/1984  0       10     40     18     
20/05/1984  0       13.9   40     17     
21/05/1984  0       13.7   35     21     
22/05/1984  0       10.4   45     17     
23/05/1984  0       11.2   43     15     
24/05/1984  0       11.6   43     20     
25/05/1984  0       9.2    43     21     
26/05/1984  0       8.2    43     22     
27/05/1984  0       11.6   40     24     
28/05/1984  9.5     3.7    42     23     
29/05/1984  0       9.2    43     19     
30/05/1984  6       5.1    42     21     
31/05/1984  16      11     40     23     
01/06/1984  0       8.1    39     21     
02/06/1984  0       8.5    40     22     
03/06/1984  0       9.1    37     20     
04/06/1984  0       8.6    35     22     
05/06/1984  0       6.3    35     20     
06/06/1984  0       Nulo   37     19     
07/06/1984  0       Nulo   39     16     
08/06/1984  0       Nulo   38     17     
09/06/1984  0       Nulo   39     15     
10/06/1984  0       1.9    39     17     
11/06/1984  0       10.6   40     19     
12/06/1984  0       11     41     17     
13/06/1984  0       10.6   42     18     
14/06/1984  0       10.4   40     20     
15/06/1984  0       9.6    39     25     
16/06/1984  0       11.1   40     25     
17/06/1984  0       7      38     27     
18/06/1984  0       2.9    38     26     
19/06/1984  0       3      38     25     
20/06/1984  0       12.6   42     24     
21/06/1984  0       10.8   41     23     
22/06/1984  0       7.7    41     25     
23/06/1984  0       8.5    39     24     
24/06/1984  6.7     3.4    36     25     
25/06/1984  0       9.3    37     22     
26/06/1984  4       1.6    34     23     
27/06/1984  0       8.2    40     26     
28/06/1984  0       9.8    43     24     
29/06/1984  0       7.6    39     25     
30/06/1984  3       9.8    35     25     
01/07/1984  0       3.3    31     22     
02/07/1984  0       2.3    37     22     
03/07/1984  0       8.7    38     23     
04/07/1984  20      3.6    38     25     
05/07/1984  40      Nulo   35     24     
06/07/1984  11      4.2    35     20     
07/07/1984  50      Nulo   35     23     
08/07/1984  2       3.8    33     22     
09/07/1984  0       1.9    35     22     
10/07/1984  4       5.2    37     20     
11/07/1984  0       3.4    38     22     
12/07/1984  4       5.7    37     23     
13/07/1984  60      Nulo   36     20     
14/07/1984  13.3    4.2    33     21     
15/07/1984  5       4.6    33     23     
16/07/1984  8       2.7    30     21     
17/07/1984  4       2.7    32     23     
18/07/1984  49.5    Nulo   32     22     
19/07/1984  0       2.9    32     23     
20/07/1984  0       6      33     22     
21/07/1984  0.5     6.4    33     22     
22/07/1984  0       7.1    34     22     
23/07/1984  1.5     5.9    35     23     
24/07/1984  17      5      35     21     
25/07/1984  4       4.7    34     22     
26/07/1984  0       6.6    32     21     
27/07/1984  0       7.3    34     20     
28/07/1984  0       5.5    38     21     
29/07/1984  3       8.1    36     22     
30/07/1984  0       6      36     24     
31/07/1984  0       8.8    38     23     
01/08/1984  3       5.3    38     23     
02/08/1984  0       6.3    36     24     
03/08/1984  0       6.4    39     24     
04/08/1984  18      7.7    39     25     
05/08/1984  0       6.4    36     22     
06/08/1984  1.8     5.4    37     24     
07/08/1984  46      8.5    34     23     
08/08/1984  2       3.5    30     22     
09/08/1984  8.7     1.9    31     23     
10/08/1984  9       2      30     23     
11/08/1984  24.3    7.2    34     23     
12/08/1984  0       2.4    31     23     
13/08/1984  0       4.4    33     23     
14/08/1984  15.5    7.3    34     23     
15/08/1984  18      Nulo   33     23     
16/08/1984  1       4.8    33     21     
17/08/1984  0       2.7    31     20     
18/08/1984  3       4.8    32     21     
19/08/1984  0       6.2    33     26     
20/08/1984  0       5.8    34     25     
21/08/1984  4       7.3    35     20     
22/08/1984  0       3.6    34     21     
23/08/1984  0       5.8    35     22     
24/08/1984  0       2.9    35     22     
25/08/1984  0       5.8    32     22     
26/08/1984  6.6     5.1    35     22     
27/08/1984  0       5.8    34     22     
28/08/1984  0       4.4    36     23     
29/08/1984  0       7.3    38     25     
30/08/1984  76      Nulo   38     22     
31/08/1984  1.4     3.9    33     21     
01/09/1984  0       4.8    33     22     
02/09/1984  1.8     6.1    34     24     
03/09/1984  0       7.1    36     21     
04/09/1984  0       6.5    38     22     
05/09/1984  0       6.4    39     20     
06/09/1984  1       4.4    37     21     
07/09/1984  0       5.5    38     21     
08/09/1984  1       6.1    35     22     
09/09/1984  0       6.2    36     23     
10/09/1984  0       6.2    37     22     
11/09/1984  1       6      35     23     
12/09/1984  0       5.1    36     24     
13/09/1984  3.7     6      39     19     
14/09/1984  0       4.6    38     21     
15/09/1984  0       1.8    38     23     
16/09/1984  0       6.7    40     19     
17/09/1984  1       7.9    40     18     
18/09/1984  0       8.1    40     19     
19/09/1984  0       8.2    30     22     
20/09/1984  0       4.9    41     19     
21/09/1984  0       5.9    38     20     
22/09/1984  0       5      37     17     
23/09/1984  0       6.2    38     18     
24/09/1984  0       5.2    37     21     
25/09/1984  0       5.2    37     22     
26/09/1984  0       4.3    35     21     
27/09/1984  0       5.6    40     21     
28/09/1984  0       2.3    40     22     
29/09/1984  0       6.7    38     21     
30/09/1984  0       8      37     21     
01/10/1984  0.5     6.1    36     21     
02/10/1984  15      2.3    27     22     
03/10/1984  0       0.8    31     18     
04/10/1984  0       4.7    32     19     
05/10/1984  0       4.9    31     17     
06/10/1984  0       5.6    33     17     
07/10/1984  0       5.4    36     15     
08/10/1984  0       5.2    36     16     
09/10/1984  0       6.6    35     17     
10/10/1984  0       3.2    34     18     
11/10/1984  0       5.1    39     20     
12/10/1984  0       4.4    31     18     
13/10/1984  0       5.2    33     17     
14/10/1984  0       4.8    32     15     
15/10/1984  0       3.6    31     15     
16/10/1984  0       3.5    31     17     
17/10/1984  0       3.2    32     16     
18/10/1984  0       3.8    33     15     
19/10/1984  0       5.3    32     16     
20/10/1984  0       5.5    30     15     
21/10/1984  0       3.5    31     19     
22/10/1984  0       3.9    30     20     
23/10/1984  0       4.8    29     15     
24/10/1984  7.5     2.1    27     16     
25/10/1984  8       2.2    21     15     
26/10/1984  0       2.1    25     15     
27/10/1984  0       2.7    29     10     
28/10/1984  0       4.1    32     9      
29/10/1984  0       3.9    33     10     
30/10/1984  0       5.3    34     10     
31/10/1984  0       3.6    34     9      
01/11/1984  0       4.3    34     8      
02/11/1984  0       4.6    35     9      
03/11/1984  0       5.5    34     7      
04/11/1984  0       3.3    39     8      
05/11/1984  0       6.3    36     7      
06/11/1984  0       5.1    36     10     
07/11/1984  0       4.2    33     11     
08/11/1984  0       1.7    34     11     
09/11/1984  0       3.4    32     9      
10/11/1984  0       5.7    34     7      
11/11/1984  0       4.6    33     7      
12/11/1984  0       4.5    33     8      
13/11/1984  0       3.5    32     12     
14/11/1984  0       3.9    33     8      
15/11/1984  0       5.5    33     6      
16/11/1984  0       3      30     8      
17/11/1984  0       2.3    26     12     
18/11/1984  0       3.9    26     5      
19/11/1984  0       3.6    27     4      
20/11/1984  0       3.8    39     4      
21/11/1984  0       3      29     5      
22/11/1984  0       1.7    25     7      
23/11/1984  17      0.7    20     12     
24/11/1984  0       1.3    20     9      
25/11/1984  0       2.3    23     6      
26/11/1984  0       3.4    23     6      
27/11/1984  0       3.4    24     0      
28/11/1984  0       2.9    28     2      
29/11/1984  0       3.4    24     4      
30/11/1984  0       2.3    28     4      
01/12/1984  2.8     2.3    20     6      
02/12/1984  1.6     1.6    24     3      
03/12/1984  0       3.6    29     5      
04/12/1984  0       2.5    23     6      
05/12/1984  0       1.1    25     6      
06/12/1984  0       3.3    28     5      
07/12/1984  0       3.5    23     7      
08/12/1984  0       Nulo   29     11     
09/12/1984  0       Nulo   30     9      
10/12/1984  0       Nulo   31     6      
11/12/1984  10.2    Nulo   18     7      
12/12/1984  3.4     Nulo   18     14     
13/12/1984  41      Nulo   17     11     
14/12/1984  7       Nulo   10     8      
15/12/1984  0       0.5    11     3      
16/12/1984  0       1.8    21     3      
17/12/1984  0       1.2    29     6      
18/12/1984  0.8     1.5    21     8      
19/12/1984  0       0.4    19     13     
20/12/1984  0       0.5    22     15     
21/12/1984  0       1.6    25     14     
22/12/1984  0       1.6    24     12     
23/12/1984  0       2.1    27     10     
24/12/1984  0       3.7    28     9      
25/12/1984  0       2.7    27     7      
26/12/1984  0       1      25     12     
27/12/1984  45      Nulo   23     13     
28/12/1984  5       Nulo   24     16     
29/12/1984  0       Nulo   24     11     
30/12/1984  0       1.7    25     10     
31/12/1984  0       1.6    24     12     
01/01/1985  0       2.2    23     8      
02/01/1985  0       4.4    23     5      
03/01/1985  0       3.4    22     1      
04/01/1985  0       3.1    24     0      
05/01/1985  0       2.8    26     0      
06/01/1985  0       3.5    26     2      
07/01/1985  0       0.9    21     3      
08/01/1985  0       3.7    27     4      
09/01/1985  0       2.8    25     7      
10/01/1985  0       2.6    25     5      
11/01/1985  0       2.2    26     7      
12/01/1985  4       0.9    18     7      
13/01/1985  14      1.1    16     10     
14/01/1985  3.4     1.2    15     9      
15/01/1985  7       1      15     8      
16/01/1985  0       1.9    18     5      
17/01/1985  0       1.4    21     3      
18/01/1985  0       1.4    23     3      
19/01/1985  0       2.8    25     4      
20/01/1985  0       2.6    26     5      
21/01/1985  0       1.7    26     7      
22/01/1985  0       3.5    25     9      
23/01/1985  21      1.4    16     13     
24/01/1985  23.5    1.3    20     14     
25/01/1985  1       1      25     14     
26/01/1985  0.8     1.7    21     15     
27/01/1985  0       2.5    23     9      
28/01/1985  0       1.7    24     6      
29/01/1985  0       2.5    25     8      
30/01/1985  0       3      22     9      
31/01/1985  8       3.1    18     12     
01/02/1985  0       1.5    14     6      
02/02/1985  0       3.2    18     0      
03/02/1985  1       1.1    16     1      
04/02/1985  1.7     3      21     5      
05/02/1985  1       1.8    18     6      
06/02/1985  0       2.8    23     3      
07/02/1985  0       3.2    25     3      
08/02/1985  0       3      28     4      
09/02/1985  0       3.4    27     5      
10/02/1985  0       5      26     6      
11/02/1985  0       4.1    28     3      
12/02/1985  0       3.5    29     5      
13/02/1985  0       4.2    29     6      
14/02/1985  0       4.6    32     5      
15/02/1985  0       4.2    33     6      
16/02/1985  0       3.7    31     7      
17/02/1985  0       3.9    31     7      
18/02/1985  0       4.6    30     8      
19/02/1985  0       4.2    31     9      
20/02/1985  0       3.4    26     13     
21/02/1985  0       3.7    21     15     
22/02/1985  0       0.9    20     11     
23/02/1985  0       3.3    23     3      
24/02/1985  0       5.5    26     3      
25/02/1985  0       4.4    29     3      
26/02/1985  0       3.8    28     6      
27/02/1985  6.7     2.2    30     10     
28/02/1985  0       4.4    29     12     
01/03/1985  0       2      26     11     
02/03/1985  0       3.3    30     10     
03/03/1985  0       4.7    21     12     
04/03/1985  0       3.3    21     1      
05/03/1985  0       4.9    31     3      
06/03/1985  0       3.2    30     6      
07/03/1985  0       5.8    33     8      
08/03/1985  0       5.8    33     6      
09/03/1985  0       3.5    36     9      
10/03/1985  0       4.7    35     12     
11/03/1985  0       5.3    33     13     
12/03/1985  0       5.2    31     10     
13/03/1985  0       2      28     14     
14/03/1985  4.5     1.1    22     7      
15/03/1985  0       2.2    23     10     
16/03/1985  0       4.2    27     8      
17/03/1985  0       5.4    30     10     
18/03/1985  0       4.5    28     13     
19/03/1985  0       6.7    26     10     
20/03/1985  0       5.2    28     4      
21/03/1985  0       5.8    30     7      
22/03/1985  0       6.9    30     8      
23/03/1985  0       4.8    32     7      
24/03/1985  0       5.9    34     8      
25/03/1985  0       4.9    32     10     
26/03/1985  0       4      29     15     
27/03/1985  0       7      33     4      
28/03/1985  6.5     2.1    25     2      
29/03/1985  0       4      23     14     
30/03/1985  0       5.1    23     4      
31/03/1985  0       Nulo   26     2      
01/08/1985  0       1      31     22     
02/08/1985  0       6.9    34     23     
03/08/1985  0       6.8    37     23     
04/08/1985  0       6.8    37     25     
05/08/1985  0       3.6    36     23     
06/08/1985  0       2.2    35     22     
07/08/1985  6       6.9    35     23     
08/08/1985  0       3.3    37     25     
09/08/1985  0       8.4    35     22     
10/08/1985  20      3.1    34     25     
11/08/1985  0       5.2    34     23     
12/08/1985  0       1.9    32     25     
13/08/1985  0       6.9    36     22     
14/08/1985  6       6.6    37     22     
15/08/1985  0       9.1    37     23     
16/08/1985  31      4.3    38     23     
17/08/1985  0       6.4    35     20     
18/08/1985  45      Nulo   35     24     
19/08/1985  2       3      31     23     
20/08/1985  0       9.9    32     23     
21/08/1985  4.6     5.8    36     22     
22/08/1985  0       6.4    31     22     
23/08/1985  0       5.8    38     24     
24/08/1985  0       3      40     24     
25/08/1985  0       7.1    39     23     
26/08/1985  32      4.8    34     24     
27/08/1985  0       4.8    33     23     
28/08/1985  0       4.5    37     23     
29/08/1985  0       6.2    40     24     
30/08/1985  0       6.3    38     24     
31/08/1985  3       7.4    36     25     
01/09/1985  0       4.4    36     20     
02/09/1985  0       6.5    37     22     
03/09/1985  0       5.3    33     23     
04/09/1985  0       4.3    32     21     
05/09/1985  0       4.3    34     19     
06/09/1985  0       3.6    37     17     
07/09/1985  0       7.3    37     16     
08/09/1985  0       6.1    38     15     
09/09/1985  0       6.2    38     17     
10/09/1985  0       6.9    35     20     
11/09/1985  4       4.3    34     22     
12/09/1985  0       7.2    38     21     
13/09/1985  0       7.6    37     21     
14/09/1985  0       4.8    41     21     
15/09/1985  0       8.1    40     23     
16/09/1985  4       4.9    40     22     
17/09/1985  0       2.8    39     22     
18/09/1985  0       6.2    36     20     
19/09/1985  0       8.7    37     20     
20/09/1985  0       7      38     16     
21/09/1985  0       8.3    37     13     
22/09/1985  0       7.8    37     13     
23/09/1985  0       7.2    38     14     
24/09/1985  0       7.1    39     14     
25/09/1985  0       10.3   38     14     
26/09/1985  0       5.9    36     18     
27/09/1985  6.3     3.2    30     20     
28/09/1985  0       4.2    31     17     
29/09/1985  0       5.8    35     15     
30/09/1985  0       6.5    34     13     
01/10/1985  0       4.3    32     13     
02/10/1985  0       4.6    35     18     
03/10/1985  0       6.6    36     14     
04/10/1985  0       7      39     14     
05/10/1985  0       10.8   41     15     
06/10/1985  0       5.3    41     17     
07/10/1985  2.8     5.4    36     18     
08/10/1985  0       4.4    30     20     
09/10/1985  0       Nulo   31     21     
10/10/1985  1.8     2.6    29     20     
11/10/1985  0       4.6    31     17     
12/10/1985  0       6.5    32     14     
13/10/1985  0       5.7    32     12     
14/10/1985  0       5.4    34     10     
15/10/1985  0       5.2    29     17     
16/10/1985  3       5.7    30     17     
17/10/1985  0       1.8    28     13     
18/10/1985  0       5.4    32     10     
19/10/1985  0       5.5    34     9      
20/10/1985  0       3.9    34     10     
21/10/1985  0       6      36     10     
22/10/1985  0       4.1    35     12     
23/10/1985  0       5.2    35     11     
24/10/1985  0       6.9    35     11     
25/10/1985  0       5      37     13     
26/10/1985  0       Nulo   37     15     
27/10/1985  0       2.9    37     17     
28/10/1985  0       4.6    38     16     
29/10/1985  0       6.2    37     14     
30/10/1985  0       6.7    36     11     
31/10/1985  0       5.4    33     10     
01/11/1985  0       6.3    28     13     
02/11/1985  0       6.2    30.5   7      
03/11/1985  0       4.6    33     7      
04/11/1985  0       4.4    35     7      
05/11/1985  0       6.3    33     10     
06/11/1985  0       3.4    33     9      
07/11/1985  0       4.1    33     9      
08/11/1985  0       4.9    32     8      
09/11/1985  0       3.8    32     8      
10/11/1985  0       2.6    32     10     
11/11/1985  0       2.2    28     15     
12/11/1985  0       1.5    26     14     
13/11/1985  0       2      27     9      
14/11/1985  0       Nulo   29     4      
15/11/1985  0       Nulo   29     5      
16/11/1985  0       1.7    31     6      
17/11/1985  0       3.4    30     4      
18/11/1985  0       5.2    30     6      
19/11/1985  0       4.5    28     3      
20/11/1985  0       3.4    29     4      
21/11/1985  0       3.1    30     6      
22/11/1985  0       3.2    30     6      
23/11/1985  0       3.4    28     9      
24/11/1985  0       1.5    31     7      
25/11/1985  54.6    Nulo   22     12     
26/11/1985  1.7     Nulo   25     14     
27/11/1985  0       2.4    25     11     
28/11/1985  0       2.5    27     7      
29/11/1985  0       1.4    26     8      
30/11/1985  0       1.3    26     10     
01/12/1985  0       2.7    25     17     
02/12/1985  0       2.3    28     9      
03/12/1985  0       2      26     8      
04/12/1985  0       3      30     6      
05/12/1985  0       3      30     5      
06/12/1985  0       2.2    27     6      
07/12/1985  0       3.2    30     6      
08/12/1985  0       3.7    31     4      
09/12/1985  0       1.5    29     4      
10/12/1985  0       3.7    24     4      
11/12/1985  0       0.6    27     0      
12/12/1985  0       2.3    22     5      
13/12/1985  0       2.6    22     -1     
14/12/1985  0       2.9    25     0      
15/12/1985  0       2.7    26     0      
16/12/1985  0       1.3    19     2      
17/12/1985  0       3.5    27     4      
18/12/1985  0       4.2    29     2      
19/12/1985  0       3.2    28     3      
20/12/1985  0       3.3    28     3      
21/12/1985  0       3.5    28     3      
22/12/1985  0       2.4    26     4      
23/12/1985  0       3.1    28     5      
24/12/1985  Nulo    Nulo   Nulo   3      
27/12/1985  0       Nulo   29     Nulo   
28/12/1985  0       Nulo   28     2      
29/12/1985  0       Nulo   29     4      
30/12/1985  0       Nulo   30     4      
31/12/1985  0       Nulo   31     5      
01/01/1986  0       4.1    29     8      
02/01/1986  0       3.2    29     6      
03/01/1986  0       3.4    28     7      
04/01/1986  0       3.1    28     5      
05/01/1986  0       4.1    30     5      
06/01/1986  0       3.2    29     5      
07/01/1986  0       7.1    22     4      
08/01/1986  0       6      25     1      
09/01/1986  0       3.8    26     0.5    
10/01/1986  0       5.9    28     1      
11/01/1986  0       6.3    31     0      
12/01/1986  0       3.3    31     2      
13/01/1986  0       2      30     3      
14/01/1986  0       6.6    29     3      
15/01/1986  0       1.3    26     7      
16/01/1986  0       2.7    27     7      
17/01/1986  0       3.9    30     4      
18/01/1986  0       Nulo   31     4      
19/01/1986  0       Nulo   27     4      
20/01/1986  0       0.2    33     5      
21/01/1986  0       1.1    32     4      
22/01/1986  0       4.4    27     6      
23/01/1986  0       2.2    33     5      
24/01/1986  0       4.1    33     4      
25/01/1986  0       4.9    33     4      
26/01/1986  0       4.4    34     5      
27/01/1986  0       4.5    33     6      
28/01/1986  0       4.7    32     8      
29/01/1986  0       5.3    32     7      
30/01/1986  0       3.4    32     7      
31/01/1986  0       3.4    30     7      
01/02/1986  12.8    1      21     13     
02/02/1986  0       3.3    24     12     
03/02/1986  0       3.7    26     4      
04/02/1986  0       2.1    22     8      
05/02/1986  0       3.9    25     0.5    
06/02/1986  0       2.8    24     3      
07/02/1986  0       3      24     2      
08/02/1986  0       2.9    21     4      
09/02/1986  8.4     2.2    20     7      
10/02/1986  0       3.3    24     10     
11/02/1986  0       3.3    25     2      
12/02/1986  0       3.2    28     3      
13/02/1986  0       2.8    30     4      
14/02/1986  0       5.2    32     6      
15/02/1986  0       4.1    32     7      
16/02/1986  0       4.4    29     8      
17/02/1986  0       3.1    32     8      
18/02/1986  0       3.2    36     7      
19/02/1986  0       3.1    35     8      
20/02/1986  0       6.7    34     8      
21/02/1986  0       6.1    31     8      
22/02/1986  0       6      33     7      
23/02/1986  0       6.3    34     5      
24/02/1986  0       7.6    35     6      
25/02/1986  0       5.9    38     6      
26/02/1986  0       7.4    37     7      
27/02/1986  0       4.7    36     9      
28/02/1986  0       6.3    35     8      
01/03/1986  0       6.1    35     8      
02/03/1986  0       5.4    33     12     
03/03/1986  0       4.9    36     7      
04/03/1986  0       7.3    35     6      
05/03/1986  0       4.6    33     9      
06/03/1986  0       7.1    34     8      
07/03/1986  0       8.7    33     10     
08/03/1986  0       7      33     9      
09/03/1986  0       5.5    33     11     
10/03/1986  0       7.3    33     8      
11/03/1986  0       5.6    27     14     
12/03/1986  0       5.8    26     6      
13/03/1986  0       5.2    27     6      
14/03/1986  0       5.4    25     10     
15/03/1986  0       6.7    29     6      
16/03/1986  0       8.5    32     6      
17/03/1986  0       4.2    24     8      
18/03/1986  3       2.9    24     3      
19/03/1986  0       5.5    27     5      
20/03/1986  0       11     34     4      
21/03/1986  0       8.9    36     5      
22/03/1986  0       8.6    37     4      
23/03/1986  0       6.3    27     8      
24/03/1986  0       7      28     6      
25/03/1986  0       4.1    32     6      
26/03/1986  0       8.4    37     8      
27/03/1986  0       7.9    37     11     
28/03/1986  0       5.9    27     13     
29/03/1986  0       9.3    27     8      
30/03/1986  0       8.3    39     9      
31/03/1986  0       7.1    39     11     
01/04/1986  0       9.8    35     15     
02/04/1986  0       7.8    33     13     
03/04/1986  0       7      32     9      
04/04/1986  0       6.6    34     8      
05/04/1986  0       4.9    36     8      
06/04/1986  0       7.6    36     7      
07/04/1986  0       9.1    32     15     
08/04/1986  0       10.1   40     11     
09/04/1986  0       11.4   39     14     
10/04/1986  0       7.8    37     12     
11/04/1986  0       9.8    38     13     
12/04/1986  0       8.1    39     12     
13/04/1986  0       10.1   39     13     
14/04/1986  0       8.6    39     12     
15/04/1986  0       9.2    41     19     
16/04/1986  0       10.3   40     17     
17/04/1986  0       10.9   36     13     
18/04/1986  0       11.1   34     9      
19/04/1986  0       8.6    36     9      
20/04/1986  0       12.1   39     10     
21/04/1986  0       7.9    37     11     
22/04/1986  0       12.1   39     11     
23/04/1986  0       6.1    39     12     
24/04/1986  0       6.7    37     16     
25/04/1986  0       8.3    39     14     
26/04/1986  0       5.8    38     16     
27/04/1986  0       8.1    36     17     
28/04/1986  7       2      38     18     
29/04/1986  0       2.9    32     17     
30/04/1986  0       7.9    35     13     
01/05/1986  0       9.3    41     11     
02/05/1986  0       10.9   43     19     
03/05/1986  0       6.9    38     20     
04/05/1986  0       9.1    38     15     
05/05/1986  0       9      37     13     
06/05/1986  0       7      31     14     
07/05/1986  0       Nulo   34     7      
08/05/1986  0       Nulo   34     10     
09/05/1986  0       3.8    33     11     
10/05/1986  0       8.7    38     12     
11/05/1986  0       11.4   38     12     
12/05/1986  0       8.4    38     14     
13/05/1986  0       10.4   39     17     
14/05/1986  0       11.3   38     12     
15/05/1986  0       9.7    38     10     
16/05/1986  0       10.8   37     13     
17/05/1986  0       7.5    39     12     
18/05/1986  0       12.2   42     15     
19/05/1986  0       10.7   40     16     
20/05/1986  0       11.3   41     16     
21/05/1986  0       9.5    38     16     
22/05/1986  0       9.6    38     15     
23/05/1986  0       11.1   38     16     
24/05/1986  0       Nulo   38     17     
25/05/1986  0       Nulo   40     14     
26/05/1986  0       2.9    39     17     
27/05/1986  0       10.9   39     18     
28/05/1986  0       9.9    38     21     
29/05/1986  0       9.2    38     24     
30/05/1986  8       6.1    39     21     
31/05/1986  5       3.2    37     19     
01/06/1986  9.2     0.9    38     20     
02/06/1986  0       8.5    35     19     
03/06/1986  0       7.7    35     22     
04/06/1986  0       6.4    34     24     
05/06/1986  0       7.4    35     23     
06/06/1986  0       Nulo   38     21     
07/06/1986  0       Nulo   38     22     
08/06/1986  0       Nulo   39     23     
09/06/1986  0       Nulo   38     23     
10/06/1986  0       Nulo   35     16     
11/06/1986  0       2.4    40     13     
12/06/1986  0       7.7    39     16     
13/06/1986  0       7.4    38     22     
14/06/1986  0       14.1   43     15     
15/06/1986  0       12.8   43     22     
16/06/1986  0       11.2   39     25     
17/06/1986  2       8      40     16     
18/06/1986  0       11.4   42     12     
19/06/1986  0       Nulo   43     16     
20/06/1986  0       10.9   42     23     
21/06/1986  6       2.8    42     23     
22/06/1986  0       11.7   41     27     
23/06/1986  0       12.5   39     28     
24/06/1986  0       10.8   38     20     
25/06/1986  0       11.3   39     21     
26/06/1986  0       8.9    41     16     
27/06/1986  0       Nulo   40     23     
28/06/1986  0       Nulo   42     25     
29/06/1986  5.8     Nulo   41     26     
30/06/1986  4.3     Nulo   35     27     
01/07/1986  0       8.7    34     22     
02/07/1986  0       11.1   33     24     
03/07/1986  11      3.6    38     25     
04/07/1986  0       6.5    32     22     
05/07/1986  0       4.3    35     24     
06/07/1986  1.5     6.5    38     23     
07/07/1986  0       5.9    36     24     
08/07/1986  2.9     0.4    34     24     
09/07/1986  1.4     4.6    34     22     
10/07/1986  0       12     35     22     
11/07/1986  0       8.1    31     22     
12/07/1986  2       3.6    34     22     
13/07/1986  0       4.6    32     22     
14/07/1986  0       10.6   33     22     
15/07/1986  13      7.2    33     23     
16/07/1986  11.4    5.2    27     23     
17/07/1986  0       7.6    30     21     
18/07/1986  0       10     31     22     
19/07/1986  7       3.7    33     21     
20/07/1986  0       8      40     23     
21/07/1986  24      7.7    34     19     
22/07/1986  0       6      33     20     
23/07/1986  0       7.5    36     22     
24/07/1986  0       9.3    37     23     
25/07/1986  0       7.2    39     23     
26/07/1986  0       8.9    38     23     
27/07/1986  0       7.1    34     24     
28/07/1986  0       6.2    39     23     
29/07/1986  0       9.2    38     23     
30/07/1986  0       8.6    40     24     
31/07/1986  3       6.9    39     25     
01/08/1986  0       6.9    36     23     
02/08/1986  0       7.4    37     22     
03/08/1986  0       11.1   42     23     
04/08/1986  16      6.4    41     21     
05/08/1986  0       8.1    37     23     
06/08/1986  8       7.5    38     22     
07/08/1986  0       7.2    36     22     
08/08/1986  33      3.7    36     23     
09/08/1986  0       6.3    34     24     
10/08/1986  0       7.8    33     23     
11/08/1986  0       8.2    37     23     
12/08/1986  0       11.1   38     25     
13/08/1986  3.5     6.9    33     25     
14/08/1986  7       4.9    32     26     
15/08/1986  3       5.7    38     23     
16/08/1986  13      5.6    35     23     
17/08/1986  0       4.9    35     23     
18/08/1986  8       8.9    36     24     
19/08/1986  20      4.6    34     22     
20/08/1986  0       6.9    37     19     
21/08/1986  0       5.9    36     22     
22/08/1986  23      4.3    38     21     
23/08/1986  6       7.9    32     22     
24/08/1986  11      3.4    32     23     
25/08/1986  3       3.2    33     22     
26/08/1986  0       9.5    33     21     
27/08/1986  0       10.4   35     22     
28/08/1986  0       8.7    34     23     
29/08/1986  0       7.1    32     23     
30/08/1986  0       7.6    33     21     
31/08/1986  18.3    5.2    34     21     
01/09/1986  0       1.5    35     23     
02/09/1986  8       2.5    36     23     
03/09/1986  0       11.7   34     21     
04/09/1986  5       4.9    34     22     
05/09/1986  0       6.1    37     23     
06/09/1986  0       9      38     22     
07/09/1986  2       7.5    38     24     
08/09/1986  0       9.1    37     23     
09/09/1986  12      5.6    35     22     
10/09/1986  2       8.8    32     23     
11/09/1986  0       8.2    36     23     
12/09/1986  0       7.2    37     20     
13/09/1986  0       8.2    37     21     
14/09/1986  0       9.7    38     21     
15/09/1986  0       8.7    37     21     
16/09/1986  0       6.8    36     22     
17/09/1986  0       7.3    38     21     
18/09/1986  0       Nulo   40     22     
19/09/1986  0       Nulo   39     19     
20/09/1986  23      3.3    37     22     
21/09/1986  0       7.7    35     21     
22/09/1986  7       2.7    34     23     
23/09/1986  30.5    Nulo   34     20     
24/09/1986  0       0.5    30     20     
25/09/1986  0       5.4    32     17     
26/09/1986  0       2.3    34     17     
27/09/1986  0       6.7    35     17     
28/09/1986  0       4.2    36     18     
29/09/1986  0       6.8    35     16     
30/09/1986  0       5.6    36     11     
01/10/1986  2       4.2    30     10     
02/10/1986  4.3     0.3    29     13     
03/10/1986  0       1.8    29     17     
04/10/1986  0       5.7    37     20     
05/10/1986  0       5.2    32     17     
06/10/1986  0       4.6    33     17     
07/10/1986  0       1.9    34     18     
08/10/1986  0       7.2    36     18     
09/10/1986  3       3      33     17     
10/10/1986  8.4     0.9    29     21     
11/10/1986  0       5      30     13     
12/10/1986  0       5.6    31     15     
13/10/1986  0       3.7    33     12     
14/10/1986  0       4.2    33     11     
15/10/1986  0       3.2    34     12     
16/10/1986  0       4.8    34     16     
17/10/1986  0       3      37     14     
18/10/1986  0       6.6    37     12     
19/10/1986  0       6.8    35     13     
20/10/1986  0       6.8    34     11     
21/10/1986  0       3.6    34     18     
22/10/1986  0       5.2    35     17     
23/10/1986  0       0.9    35     17     
24/10/1986  0       3.3    33     12     
25/10/1986  0       8.4    34     11     
26/10/1986  8.2     1.3    34     11     
27/10/1986  0       5.2    34     10     
28/10/1986  0       1.9    37     11     
29/10/1986  0       6.9    35     10     
30/10/1986  0       6.6    32     7      
31/10/1986  0       3.1    35     11     
01/11/1986  23.4    0.7    32     12     
02/11/1986  8.5     1.2    27     17     
03/11/1986  0       1.5    26     16     
04/11/1986  0       4.2    27     8      
05/11/1986  0       4.8    30     9      
06/11/1986  0       3.9    31     10     
07/11/1986  0       2.1    30     10     
08/11/1986  0       3.7    31     10     
09/11/1986  0       3.5    32     7      
10/11/1986  0       3.4    33     10     
11/11/1986  0       4.2    31     12     
12/11/1986  0       3.3    33     11     
13/11/1986  0       4      33     14     
14/11/1986  2.4     Nulo   31     15     
15/11/1986  1.5     1.4    24     17     
16/11/1986  0       1.8    28     18     
17/11/1986  0       3.3    31     18     
18/11/1986  0       1.5    34     16     
19/11/1986  0       6.4    31     16     
20/11/1986  0       4.2    33     11     
21/11/1986  0       3.8    32     10     
22/11/1986  0       3.3    29     9      
23/11/1986  0       3.8    25     6      
24/11/1986  0       4.1    20     8      
25/11/1986  0       2.4    19     3      
26/11/1986  0       4.3    26     3      
27/11/1986  0       4.5    28     2      
28/11/1986  0       4.7    31     2      
29/11/1986  0       6.2    32     3      
30/11/1986  0       3.5    28     4      
01/12/1986  0       6.1    29     1      
02/12/1986  0       4.2    29     2      
03/12/1986  0       2.1    31     3      
04/12/1986  0       3.2    29     4      
05/12/1986  0       0.3    27     5      
06/12/1986  11.8    2.4    17     7      
07/12/1986  0       1.7    26     13     
08/12/1986  0       3.1    24     4      
09/12/1986  0       2.8    31     4      
10/12/1986  0       1.9    25     4      
11/12/1986  0       2.1    22     1      
12/12/1986  0       2.8    25     0      
13/12/1986  0       2.1    27     2      
14/12/1986  0       2.1    22     5      
15/12/1986  0       2.6    27     8      
16/12/1986  16      1.5    20     10     
17/12/1986  35      1.7    17     15     
18/12/1986  0       2.3    24     9      
19/12/1986  0       1.3    26     6      
20/12/1986  3       1.1    22     10     
21/12/1986  6.2     1.2    19     11     
22/12/1986  0       0.5    21     5      
23/12/1986  0       1.8    23     4      
24/12/1986  0       2.2    23     4      
25/12/1986  0       1.6    23     4      
26/12/1986  0       2      24     2      
27/12/1986  0       2      24     2      
28/12/1986  0       2.4    25     4      
29/12/1986  0       2.8    25     5      
30/12/1986  0       3.3    26     2      
31/12/1986  0       1.5    26     3      
--------------------------------------
