CNA-SMN-CG-GMC-SMAA-CLIMATOLOGIA
BASE DE DATOS CLIMATOLOGICA
DATOS DISPONIBLES EN LA BASE DE DATOS A JULIO 2022

ESTACION  : 26097
NOMBRE    : TAJITOS
ESTADO    : SONORA
MUNICIPIO : CABORCA
SITUACION : SUSPENDIDA
ORGANISMO : CONAGUA-DGE
CVE-OMM   : Nulo
LATITUD   : 030.95°
LONGITUD  : -112.35°
ALTITUD   : 333 msnm

EMISIÓN   : 04/07/2022

            PRECIP  EVAP   TMAX   TMIN   
  Fecha     (MM)    (MM)   (°C)   (°C)   
01/01/1966  0       4.4    16     4      
02/01/1966  0       2.2    18     5      
03/01/1966  0       3.1    17     5      
04/01/1966  0       4.2    19     3      
05/01/1966  0       4.4    20     3      
06/01/1966  0       0.7    23     7      
07/01/1966  0       2.3    25     8      
08/01/1966  0       2.9    26     7      
09/01/1966  0       3      26     7      
10/01/1966  0       5      26.5   10     
11/01/1966  0       1.6    21     9      
12/01/1966  0       4.8    23     8      
13/01/1966  0       4.3    20     10     
14/01/1966  0       6      22     7.5    
15/01/1966  0       3.5    22     5      
16/01/1966  0       1.8    20     3      
17/01/1966  0       3.2    13     3      
18/01/1966  0       1.3    12     9      
19/01/1966  1.5     1.9    17     5      
20/01/1966  0.2     1.1    14.5   7      
21/01/1966  0       4.4    13     4      
22/01/1966  0       4.8    16     4      
23/01/1966  0       1.2    12     3      
24/01/1966  0       1      17     1      
25/01/1966  0       0.8    18     3      
26/01/1966  0       2.5    22     4      
27/01/1966  15      2.1    15     3      
28/01/1966  0       2.3    18     7      
29/01/1966  0       1      18.5   5      
30/01/1966  0       3.7    18.5   5      
31/01/1966  0       2.7    17     6      
01/02/1966  0       2.2    19     5      
02/02/1966  0       2      28     5      
03/02/1966  0       3.6    23     8      
04/02/1966  0       3.2    24     7      
05/02/1966  0       0.9    22.5   5      
06/02/1966  0       4.3    23     7      
07/02/1966  20      1.8    14     11     
08/02/1966  0       1.2    13     6      
09/02/1966  0       1.5    14     2      
10/02/1966  15      3      14     4      
11/02/1966  0       3.7    16     5      
12/02/1966  0       2      16     4      
13/02/1966  0       5.2    14     3      
14/02/1966  0       3.2    20     6      
15/02/1966  0       3.2    20     2      
16/02/1966  0       5.7    18     5      
17/02/1966  0       2.5    20     4.5    
18/02/1966  0       5.1    22.5   5      
19/02/1966  0       5.1    26     5.5    
20/02/1966  0       4.6    26     8      
21/02/1966  0       4.1    27     8.5    
22/02/1966  0       4.5    27     13     
23/02/1966  0       2.7    24     8.5    
24/02/1966  0       2.8    24     7      
25/02/1966  0       2.8    17     6      
26/02/1966  0       3.2    16     3      
27/02/1966  0       4.2    16     2      
28/02/1966  0       2.2    14     3      
01/03/1966  0       5.2    20     2      
02/03/1966  0       3.4    17     9      
03/03/1966  0       4.9    16     4.5    
04/03/1966  0       6.6    18     3.5    
05/03/1966  0       6.3    22     7      
06/03/1966  0       5.9    26     10     
07/03/1966  0       4.8    26     6.5    
08/03/1966  0       2.9    29.5   7.5    
09/03/1966  0       3.8    30     9.5    
10/03/1966  0       4.4    29.5   9.5    
11/03/1966  0       6.4    31     9      
12/03/1966  0       7.6    31.5   13     
13/03/1966  0       6.1    31     10     
14/03/1966  0       6.7    31     11.5   
15/03/1966  0       5.8    29     0.5    
16/03/1966  0       7.6    28.5   9      
17/03/1966  0       6.7    30     7      
18/03/1966  0       6.4    31     12     
19/03/1966  0       7.8    31     9      
20/03/1966  0       6.9    30     10     
21/03/1966  0       7.1    29     8      
22/03/1966  0       5.2    29     8      
23/03/1966  0       8.4    25     12     
24/03/1966  0       6.3    26     15     
25/03/1966  0       5.5    23     11     
26/03/1966  0       5      24.5   9      
27/03/1966  0       4.3    25     9.5    
28/03/1966  0       6.9    28     11     
29/03/1966  0       7.7    29     12     
30/03/1966  0       7.5    33     17     
31/03/1966  0       6.5    35     19     
01/04/1966  0       9.1    33     12     
02/04/1966  0       7.3    32     13     
03/04/1966  0       11.4   32     16     
04/04/1966  0       6.8    32.5   12     
05/04/1966  0       7.5    32.5   14     
06/04/1966  0       10     32     14     
07/04/1966  0       9.3    33.5   12     
08/04/1966  0       9.6    31.5   9      
09/04/1966  0       8      31.5   10     
10/04/1966  0       9.1    30     7      
11/04/1966  0       8.6    30     9      
12/04/1966  0       9.1    31     10     
13/04/1966  0       9      32     12     
14/04/1966  0       8.8    35     12     
15/04/1966  0       11     35     14     
16/04/1966  0       8.9    33     16     
17/04/1966  0       8.5    33.5   18     
18/04/1966  0       8.4    28     10     
19/04/1966  0       9.3    26     13     
20/04/1966  0       8.1    21     9      
21/04/1966  0       9.3    25     8.5    
22/04/1966  0       8.3    27     7      
23/04/1966  0       10.7   29     8.5    
24/04/1966  0       8.4    31     10     
25/04/1966  0       10.8   34     9.5    
26/04/1966  0       7      36     11     
27/04/1966  0       13     33     11     
28/04/1966  0       9.6    33     11     
29/04/1966  0       10.4   32     10     
30/04/1966  0       9.1    33     9      
01/05/1966  0       10.3   37.5   14     
02/05/1966  0       10.4   38     14.5   
03/05/1966  0       11.3   37     18     
04/05/1966  0       14.5   36     18     
05/05/1966  0       13.8   30     18     
06/05/1966  0       9.7    37     16     
07/05/1966  0       12     33     17     
08/05/1966  0       7.8    32     16     
09/05/1966  0       9.1    29.5   12     
10/05/1966  0       8.6    27     10     
11/05/1966  0       10     29     10.5   
12/05/1966  0       11.6   32     10.5   
13/05/1966  0       9.3    35     12     
14/05/1966  0       12.7   35     14     
15/05/1966  0       9.2    35     14.5   
16/05/1966  0       9.8    33     15     
17/05/1966  0       8.4    39     13.5   
18/05/1966  0       11     40     14     
19/05/1966  0       11.3   41     16     
20/05/1966  0       12.3   40     24     
21/05/1966  0       10.8   37     20     
22/05/1966  0       11.8   36     20     
23/05/1966  0       10.4   35     16     
24/05/1966  0       12.6   38     14     
25/05/1966  0       10.6   36     15     
26/05/1966  0       12.2   37.5   14     
27/05/1966  0       7.8    35     12.5   
28/05/1966  0       10.1   38     13     
29/05/1966  0       11.1   36     14     
30/05/1966  0       11.8   37     12     
31/05/1966  0       10.7   37     14     
01/06/1966  0       11.7   36     15.5   
02/06/1966  0       12.6   34     14     
03/06/1966  0       10.6   37     12     
04/06/1966  0       11.6   38     14     
05/06/1966  0       10.6   40     14.5   
06/06/1966  0       11.2   39     15     
07/06/1966  0       9.7    41.5   16     
08/06/1966  0       13.2   38.5   17     
09/06/1966  0       9.5    39     15.5   
10/06/1966  0       9      34     15.5   
11/06/1966  0       9.3    36     17     
12/06/1966  0       8.2    32     14     
13/06/1966  0       10.9   39     16     
14/06/1966  0       12.9   42.5   18     
15/06/1966  0       11.3   41     25.5   
16/06/1966  0       12.4   40     20.5   
17/06/1966  0       14.4   42     21     
18/06/1966  0       12     40     20     
19/06/1966  0       11.4   42     19     
20/06/1966  0       11.4   39     22     
21/06/1966  0       12.4   39.5   18     
22/06/1966  0       13.3   40     19     
23/06/1966  0       14.4   40     17.5   
24/06/1966  0       15.6   40     17     
25/06/1966  0       13.3   40.5   17     
26/06/1966  0       12.3   41     20     
27/06/1966  0       13     40.5   21     
28/06/1966  0       10.3   40     24     
29/06/1966  0       11.1   38     27     
30/06/1966  0       12.4   40     24     
01/07/1966  0       10.1   41     22     
02/07/1966  0       13     40     24     
03/07/1966  0       13.5   41     22     
04/07/1966  0       9      42     25     
05/07/1966  0       9.7    40     23     
06/07/1966  0       11.2   43     22     
07/07/1966  0       10.3   41     21.5   
08/07/1966  0       11.2   41     22.5   
09/07/1966  0       10.6   39     23     
10/07/1966  0       11.8   40.5   24     
11/07/1966  0       8      40     23     
12/07/1966  0       11.8   35     22     
13/07/1966  0       10.3   34     20     
14/07/1966  0       12.3   35     20.5   
15/07/1966  0       11.9   35     21     
16/07/1966  0       11     34     20     
17/07/1966  0       11.1   35     20.5   
18/07/1966  0       11     34     21.5   
19/07/1966  0       10     44     21     
20/07/1966  0       11.3   39.5   25.5   
21/07/1966  0       12.3   38     27     
22/07/1966  0       12.2   40.5   25     
23/07/1966  0       8.4    41     25     
24/07/1966  6       8.5    40     28     
25/07/1966  0       7.3    41     25     
26/07/1966  3       10.6   38     27     
27/07/1966  0       9.2    37.5   25     
28/07/1966  0       9.7    37.5   25     
29/07/1966  23      7.1    38     25     
30/07/1966  0       7.9    36     23     
31/07/1966  0       8.4    38.5   24.5   
01/08/1966  0       10.7   38.5   27.5   
02/08/1966  0       10.9   41     26     
03/08/1966  0       3.4    33     28.5   
04/08/1966  0       5.9    38     25     
05/08/1966  3       6.8    37.5   26.5   
06/08/1966  0       7.5    38     23     
07/08/1966  0       6.6    37     24     
08/08/1966  0       7.6    41     25     
09/08/1966  0       12.5   41     26     
10/08/1966  0       7.6    38     28     
11/08/1966  0       8.5    39.5   26     
12/08/1966  28      11.2   39     24     
13/08/1966  0       9      37     23.5   
14/08/1966  2       7.3    39.5   24     
15/08/1966  0       9.4    40     25.5   
16/08/1966  27      9.8    39     24     
17/08/1966  0       2.3    38     22     
18/08/1966  0       9.9    31.5   23     
19/08/1966  0       6.4    35     25     
20/08/1966  0       7.6    38     24.5   
21/08/1966  0       8      40     23     
22/08/1966  0       8.9    41     22     
23/08/1966  0       7      40     26     
24/08/1966  7       8.5    36     21     
25/08/1966  1       6.4    37     21     
26/08/1966  0       6.1    36     21     
27/08/1966  0       2.7    36     24     
28/08/1966  0       9.1    34     24     
29/08/1966  0       9.1    34     21.5   
30/08/1966  0       8.1    35     21     
31/08/1966  0       8.7    35     24     
01/09/1966  0       4.2    34     19     
02/09/1966  0       7.5    34     18     
03/09/1966  0       8.2    39     20     
04/09/1966  0       8.1    38     20     
05/09/1966  0       9.3    40     21     
06/09/1966  0       7.1    38     21     
07/09/1966  0       10.8   40     20     
08/09/1966  0       8.8    41     21     
09/09/1966  0       7.1    40     22.5   
10/09/1966  0       7      39.5   22     
11/09/1966  0       6.8    37     25     
12/09/1966  18      6.4    36     21     
13/09/1966  17      5.5    37     21.5   
14/09/1966  15      3.9    34     22     
15/09/1966  6.5     6.6    31     23     
16/09/1966  0       7.1    34     23     
17/09/1966  0       7.2    34     22.5   
18/09/1966  0       5.4    36     21     
19/09/1966  0       6.7    31     22     
20/09/1966  0       6.6    35     20.5   
21/09/1966  0       6.3    38     21.5   
22/09/1966  0       7.8    41     22     
23/09/1966  0       6.6    41     23     
24/09/1966  0       7.8    38     23     
25/09/1966  0       8.4    36     21     
26/09/1966  0       7.9    37     20     
27/09/1966  0       5.4    33     19.5   
28/09/1966  0       5.7    34     20     
29/09/1966  3.5     3.4    30     20.5   
30/09/1966  0       3.4    29.5   20     
01/10/1966  0       6.4    29.5   18.5   
02/10/1966  0       5.3    28.5   17     
03/10/1966  0       4      25     17     
04/10/1966  2.5     3.5    28     17     
05/10/1966  0       4      28.5   19     
06/10/1966  0       4.6    29     16     
07/10/1966  0       5.1    29     14.5   
08/10/1966  0       6.6    33     16     
09/10/1966  0       4.4    32.5   19     
10/10/1966  0       6.5    30     19     
11/10/1966  0       4.7    29     16     
12/10/1966  0       6      30     13     
13/10/1966  0       5.9    30     14     
14/10/1966  0       7.8    26     14     
15/10/1966  0       8.8    28     9      
16/10/1966  0       5.7    23     7      
17/10/1966  0       8.8    29     16     
18/10/1966  0       8.5    33     12.5   
19/10/1966  0       4.6    36     16     
20/10/1966  0       6.4    26     12     
21/10/1966  0       8.8    34     12     
22/10/1966  0       8.5    31     12     
23/10/1966  0       5.5    30     15     
24/10/1966  0       9.9    34     14     
25/10/1966  0       9.6    35     16     
26/10/1966  0       9      35     12.5   
27/10/1966  0       8.1    33.5   12     
28/10/1966  0       7      33     12     
29/10/1966  0       5.3    34     11     
30/10/1966  0       10.4   34     18     
31/10/1966  0       8.8    34     18     
01/11/1966  0       9.4    36     14     
02/11/1966  0       10.4   33     16     
03/11/1966  0       7.1    31     10     
04/11/1966  0       5.4    29     10     
05/11/1966  0       6.4    29     11     
06/11/1966  0       4.2    27     11     
07/11/1966  0       4.2    22.5   13     
08/11/1966  0       3.9    20     13     
09/11/1966  4       1      21     11     
10/11/1966  0       3      21     10     
11/11/1966  0       4.2    24     3      
12/11/1966  0       3.5    26     9      
13/11/1966  0       3.5    32     11     
14/11/1966  0       8.2    30     13     
15/11/1966  0       2.7    29     10     
16/11/1966  0       5.4    28     9.5    
17/11/1966  0       4.2    28     8      
18/11/1966  0       5.1    28     11     
19/11/1966  0       6.8    31     10     
20/11/1966  0       3.2    27     8      
21/11/1966  0       4.4    24     12     
22/11/1966  0       5.3    29     9      
23/11/1966  0       5.8    20     10     
24/11/1966  0       3.6    22     8      
25/11/1966  0       8      22     8      
26/11/1966  0       7.5    20     6.5    
27/11/1966  0       3.8    25     11     
28/11/1966  0       6.8    26.5   6      
29/11/1966  0       4.9    29     9      
30/11/1966  0       4.3    26     12     
01/12/1966  0       3.2    26     11     
02/12/1966  0       4.4    26     12     
03/12/1966  0       4.6    28     10     
04/12/1966  0       6.4    24.5   7      
05/12/1966  0       2.9    26     11     
06/12/1966  0       2.8    24     12     
07/12/1966  5       3.4    23     10     
08/12/1966  0       0.9    26     8      
09/12/1966  0       4      20     6      
10/12/1966  0       0.4    23     4.5    
11/12/1966  0       6.7    23     6      
12/12/1966  0       8.7    23     8      
13/12/1966  0       2      25     6.5    
14/12/1966  0       6.5    25     4      
15/12/1966  0       3      23     4      
16/12/1966  0       4.6    25     4      
17/12/1966  0       5.4    23     4.5    
18/12/1966  0       2.3    24     4      
19/12/1966  0       5.2    25     5      
20/12/1966  0       5.4    24     4      
21/12/1966  0       2.9    23     3.5    
22/12/1966  0       3.8    23     4.5    
23/12/1966  0       4.1    23     7      
24/12/1966  0       5.3    23.5   6.5    
25/12/1966  0       3.9    20     4      
26/12/1966  0       3      18     5      
27/12/1966  0       0.8    14     4      
28/12/1966  0       Nulo   15     0      
29/12/1966  0       7.4    13     1      
30/12/1966  19      3.9    15     2      
31/12/1966  0       1.2    14     3.5    
01/01/1967  0       4.6    15     2      
02/01/1967  0       3.4    13     2      
03/01/1967  0       4.2    17.5   2      
04/01/1967  0       2.2    18.5   3.5    
05/01/1967  0       2.7    20.5   1.5    
06/01/1967  0       4.2    12.5   4.5    
07/01/1967  0       5.7    15     2      
08/01/1967  0       8.1    17     3.5    
09/01/1967  0       7.8    19     3.5    
10/01/1967  0       3.8    23.5   6      
11/01/1967  0       2.7    25     11     
12/01/1967  0       1.7    19     4      
13/01/1967  0       6.3    22     3      
14/01/1967  0       3.6    23.5   5      
15/01/1967  0       4.1    22     6.5    
16/01/1967  0       6.8    27     4      
17/01/1967  0       7      24     5.5    
18/01/1967  0       5      22.5   5      
19/01/1967  0       6.2    23     4.5    
20/01/1967  0       3      24     12     
21/01/1967  0       5.4    25.5   5      
22/01/1967  0       4.7    27     8.5    
23/01/1967  0       2.1    18     10     
24/01/1967  0       3.1    19     4      
25/01/1967  0       3.4    20     4      
26/01/1967  0       6.2    22.5   7      
27/01/1967  0       3.7    25     6      
28/01/1967  0       3.4    26     5      
29/01/1967  0       5.4    28     5      
30/01/1967  0       4.9    28     5.5    
31/01/1967  0       4.3    25     4      
01/02/1967  0       5.2    27     6      
02/02/1967  0       3.3    21.5   8      
03/02/1967  0       5      22     3      
04/02/1967  0       5.1    22     2      
05/02/1967  0       7.4    22     4      
06/02/1967  0       5.3    23     5      
07/02/1967  0       8.4    22     5      
08/02/1967  0       6.4    23     7      
09/02/1967  0       4.9    23     5      
10/02/1967  0       5.1    21     3      
11/02/1967  0       3.2    27     4      
12/02/1967  0       6      29     5      
13/02/1967  0       8.8    30     10     
14/02/1967  0       5.6    27     9      
15/02/1967  0       5.9    23     12     
16/02/1967  0       4      21     14     
17/02/1967  0       6.7    25     10     
18/02/1967  0       5.3    24     12     
19/02/1967  0       7.5    25     5.5    
20/02/1967  0       4.7    22     8      
21/02/1967  0       9      24     8      
22/02/1967  0       4.8    27     11     
23/02/1967  0       6.8    29     12     
24/02/1967  0       4.8    29     7.5    
25/02/1967  0       4.5    23.5   14     
26/02/1967  0       8.6    25     12.5   
27/02/1967  0       10.4   27     8      
28/02/1967  Nulo    16.2   31     16     
01/03/1967  0       9.3    38     11     
02/03/1967  0       7.1    38     8      
03/03/1967  0       10.8   31     12     
04/03/1967  0       5.5    28     12     
05/03/1967  0       4.6    29.5   8      
06/03/1967  0       5.1    24     3      
07/03/1967  0       7.4    28     9      
08/03/1967  0       7.7    27     8      
09/03/1967  0       6.9    26     8      
10/03/1967  0       5.3    24     9      
11/03/1967  0       8      24     2      
12/03/1967  0       7.5    26     4.5    
13/03/1967  0       4.4    23     7      
14/03/1967  0       7.1    26     5      
15/03/1967  0       10.6   33     10     
16/03/1967  0       6.2    35     15     
17/03/1967  0       6.3    35     18.5   
18/03/1967  0       8.5    32     15     
19/03/1967  0       10.9   29     10     
20/03/1967  0       10.2   30     9      
21/03/1967  0       10.7   30     11     
22/03/1967  0       11.1   34     14     
23/03/1967  0       9.8    31     10     
24/03/1967  0       9.2    29     11     
25/03/1967  0       2.4    26     6      
26/03/1967  0       9.1    30     7      
27/03/1967  0       8.9    30     11     
28/03/1967  0       7.8    32     14     
29/03/1967  0       4.3    23.5   14     
30/03/1967  0       8.5    23     10.5   
31/03/1967  0       4.8    26     4      
01/04/1967  0       8.4    23     8      
02/04/1967  0       6.8    27.5   6      
03/04/1967  0       5.5    30.5   10     
04/04/1967  0       4.6    31     14.5   
05/04/1967  0       4.7    32     14     
06/04/1967  0       4.7    29     11     
07/04/1967  0       5.4    26     6      
08/04/1967  0       3.3    28.5   7      
09/04/1967  0       10.3   28     9      
10/04/1967  0       9.5    29     9      
11/04/1967  0       6.9    25     14     
12/04/1967  0       5.7    28     6      
13/04/1967  0       5.2    29     5.5    
14/04/1967  0       8.7    29     7.5    
15/04/1967  0       5.7    28.5   13.5   
16/04/1967  0       6.4    28     10     
17/04/1967  0       4.7    29     9      
18/04/1967  0       7      30     8      
19/04/1967  0       7.3    24     12     
20/04/1967  0       7.7    24     6      
21/04/1967  0       7.2    25     5      
22/04/1967  0       8.9    28     4.5    
23/04/1967  0       10.6   28     8      
24/04/1967  0       8.1    26     7.5    
25/04/1967  0       10.1   28     7      
26/04/1967  0       7.7    32     8      
27/04/1967  0       6.8    32     9      
28/04/1967  0       8.3    30     9      
29/04/1967  0       10.6   22.5   12     
30/04/1967  0       8.6    24     5      
01/05/1967  0       12.7   27     5.5    
02/05/1967  0       11.7   30     13     
03/05/1967  0       9.4    33     10     
04/05/1967  0       10.9   33     10     
05/05/1967  0       11.2   32     15     
06/05/1967  0       15     34     12     
07/05/1967  0       11.2   36     13     
08/05/1967  0       9.7    38     19     
09/05/1967  0       11.5   36     16     
10/05/1967  0       11     31     17     
11/05/1967  0       11.8   31     13     
12/05/1967  0       11.3   32     11     
13/05/1967  0       10.7   31     13     
14/05/1967  0       10.7   37     13.5   
15/05/1967  0       9.1    39     20     
16/05/1967  0       5.1    40     21     
17/05/1967  0       15.5   39     20     
18/05/1967  0       14.7   38     18     
19/05/1967  0       12.7   39     18     
20/05/1967  0       15.2   38.5   16     
21/05/1967  0       8.4    41     18     
22/05/1967  0       10.8   38     20     
23/05/1967  0       9.7    38     23     
24/05/1967  0       8.7    37     21     
25/05/1967  0       11.3   35     19.5   
26/05/1967  0       12     37     15     
27/05/1967  0       9.5    34     17     
28/05/1967  0       5.6    33     13     
29/05/1967  0       1.1    29     14     
30/05/1967  0       14.1   28     15     
31/05/1967  0       10.1   29     12.5   
01/06/1967  0       4.4    30     12.5   
02/06/1967  0       10.9   27     14     
03/06/1967  0       12.4   35     11     
04/06/1967  0       11.8   37     18     
05/06/1967  0       11.1   35     20     
06/06/1967  0       5.7    34     13     
07/06/1967  0       11.7   36     13     
08/06/1967  0       13.4   36     15     
09/06/1967  0       13.3   34     19.5   
10/06/1967  0       12     30     14     
11/06/1967  0       11.5   33     12.5   
12/06/1967  0       10.7   34     14     
13/06/1967  0       9.8    31     16     
14/06/1967  0       10.4   32     15.5   
15/06/1967  0       10     34     15     
16/06/1967  0       7      38     17     
17/06/1967  0       9      36     16     
18/06/1967  0       10.1   39     19     
19/06/1967  0       8.7    38     24     
20/06/1967  0       12     40     24     
21/06/1967  0       9.1    43     20     
22/06/1967  0       8.9    43     22     
23/06/1967  0       10.9   46     23     
24/06/1967  0       9      41     26     
25/06/1967  0       9.2    38     26     
26/06/1967  0       11.2   40     22     
27/06/1967  0       8.6    41     24     
28/06/1967  0       17     42     26     
29/06/1967  0       10.4   41.5   24     
30/06/1967  0       12.2   43     23     
01/07/1967  0       7.3    42     25     
02/07/1967  0       10     41.5   24     
03/07/1967  0       9.8    42     21     
04/07/1967  0       7.6    40.5   21     
05/07/1967  0       12.3   41     20     
06/07/1967  6       7.6    38     26     
07/07/1967  0       8.9    38.5   27     
08/07/1967  0       8      39.5   21     
09/07/1967  0       13.2   35     24     
10/07/1967  0       7.7    38     23     
11/07/1967  0       1.2    40.5   22     
12/07/1967  0       8      40     24     
13/07/1967  0       9.8    39     23     
14/07/1967  0       9      41     24     
15/07/1967  0       6.7    37.5   22     
16/07/1967  0       8.5    36     26     
17/07/1967  0       11     39     20     
18/07/1967  0       12.4   40.5   21     
19/07/1967  0       7.9    43     20.5   
20/07/1967  0       9.9    43     21     
21/07/1967  0       9.5    39.5   22.5   
22/07/1967  0       6      38     21.5   
23/07/1967  0       6.9    40     22     
24/07/1967  0       12.1   42.5   24     
25/07/1967  0       6.9    40     25     
26/07/1967  0       9.8    36     20.5   
27/07/1967  0       12     39     18     
28/07/1967  0       12     40.5   20.5   
29/07/1967  0       11.8   36     23     
30/07/1967  0       8.9    39.5   23.5   
31/07/1967  0       7.6    41     27     
01/08/1967  0       12.3   42     20.5   
02/08/1967  0       11.9   43     21.5   
03/08/1967  0       11.1   39.5   23     
04/08/1967  0       9.6    38     24.5   
05/08/1967  15      1.4    40     23     
06/08/1967  0       11.2   37.5   21     
07/08/1967  0       10.7   38     22     
08/08/1967  0       7.2    40     20     
09/08/1967  10.5    6.1    40     21     
10/08/1967  0       6.1    36.5   21     
11/08/1967  0       12     39     20     
12/08/1967  0       9.2    40     23     
13/08/1967  10      8.5    39     23     
14/08/1967  0       5.1    36     20.5   
15/08/1967  20      7.4    37.5   22     
16/08/1967  22.5    8.8    38     20.5   
17/08/1967  0       8.6    34     19.5   
18/08/1967  2       6.9    36     19     
19/08/1967  0       6.6    35     20     
20/08/1967  0       13.7   40     22     
21/08/1967  0       10.6   41     21.5   
22/08/1967  2       8.8    36.5   20     
23/08/1967  0       11.2   38.5   22     
24/08/1967  0       6.4    39     21.5   
25/08/1967  0       9.9    41.5   20     
26/08/1967  0       13.8   43     21     
27/08/1967  0       13.7   42.5   23     
28/08/1967  0       12     42     20.5   
29/08/1967  0       11.1   41     19     
30/08/1967  0       9.5    39.5   18.5   
31/08/1967  15      8.7    36.5   21     
01/09/1967  0       7.5    30     18.5   
02/09/1967  0       10.8   31     18     
03/09/1967  0       9.4    30.5   19     
04/09/1967  0       11     34     18     
05/09/1967  0       8.7    37     20.5   
06/09/1967  0       6      37     18     
07/09/1967  0       7.5    36     20     
08/09/1967  0       8.8    37     18.5   
09/09/1967  0       7      37     17     
10/09/1967  0       4.3    39     21     
11/09/1967  0       5.8    38     15     
12/09/1967  0       6.1    40     19     
13/09/1967  0       10.6   39     19     
14/09/1967  0       11.5   38     17     
15/09/1967  0       9.4    37     16.5   
16/09/1967  0       4.8    33     18     
17/09/1967  0       4.5    38     16     
18/09/1967  0       6.8    37.5   14     
19/09/1967  0       6.9    35     15     
20/09/1967  0       4.1    36     16     
21/09/1967  0       10.5   37     17     
22/09/1967  0       11.3   36     18     
23/09/1967  0       10.9   37     19     
24/09/1967  0       7.1    39     16     
25/09/1967  0       8.9    35     17.5   
26/09/1967  0       8.7    35     15     
27/09/1967  0       7.4    36.5   17     
28/09/1967  0       6.2    36     16     
29/09/1967  0       7.5    37     15     
30/09/1967  0       8.1    35     16.5   
01/10/1967  3       3.2    39     17     
02/10/1967  0       4.2    33     18     
03/10/1967  0       3.2    37.5   18.5   
04/10/1967  0       5.3    33     16     
05/10/1967  0       4.4    34     15     
06/10/1967  0       6.2    34     13     
07/10/1967  0       7.3    33     17     
08/10/1967  0       7.8    35     11.5   
09/10/1967  0       6.6    34.5   10     
10/10/1967  0       7.1    33     14     
11/10/1967  0       5.4    34     11     
12/10/1967  0       6.9    34     10     
13/10/1967  0       7.2    32     17     
14/10/1967  15      4.2    30     16.5   
15/10/1967  0       5.8    34     17     
16/10/1967  0       6.6    35     14     
17/10/1967  0       8.2    36     12     
18/10/1967  0       6.3    35.5   11     
19/10/1967  0       3.9    32     12     
20/10/1967  0       6.1    34     14     
21/10/1967  0       5.9    34     13.5   
22/10/1967  0       7.1    31     14     
23/10/1967  0       5.2    33     9      
24/10/1967  0       4.3    34     10     
25/10/1967  0       6.8    33     11     
26/10/1967  0       4.7    35     9.5    
27/10/1967  0       5.3    33     12     
28/10/1967  0       6.4    32     12     
29/10/1967  0       5.9    29     12.5   
30/10/1967  0       4.9    27     13     
31/10/1967  0       Nulo   28     10     
01/11/1967  0       5.7    29.5   9.5    
02/11/1967  0       6.9    30     9      
03/11/1967  0       4.9    31     9.5    
04/11/1967  0       5.3    31     10     
05/11/1967  0       7.1    29.5   11     
06/11/1967  0       4.3    30     12     
07/11/1967  0       5.7    31     13     
08/11/1967  0       3.8    31     14     
09/11/1967  0       3.4    30     12     
10/11/1967  0       6      31     10     
11/11/1967  0       5.4    32.5   13     
12/11/1967  0       4.5    33     10.5   
13/11/1967  0       3.9    33     10     
14/11/1967  0       4.9    33     10     
15/11/1967  0       5.2    32.5   11.5   
16/11/1967  0       0.4    31.5   13     
17/11/1967  0       4.1    32     11     
18/11/1967  0       5      30.5   10     
19/11/1967  0       4.2    25     10     
20/11/1967  0       3.3    23     9      
21/11/1967  0       2.2    22     8      
22/11/1967  0       1.1    21     13     
23/11/1967  0       1.9    22     12     
24/11/1967  0       2.1    24     10     
25/11/1967  0       3.2    26     12     
26/11/1967  3.5     2.8    26     14     
27/11/1967  0       1.8    21     3.5    
28/11/1967  0       2.1    21     8      
29/11/1967  0       2.1    18.5   6      
30/11/1967  0       3      22     6      
01/12/1967  0       2.7    19.5   4      
02/12/1967  0       3.4    20.5   6      
03/12/1967  0       2      18.5   4.5    
04/12/1967  0       3      20.5   5.5    
05/12/1967  0       2.4    22.5   8      
06/12/1967  0       4.5    23.5   5      
07/12/1967  0       1.6    22     4      
08/12/1967  0       5.4    21     4      
09/12/1967  0       2.1    14     6      
10/12/1967  0       1.3    19     3      
11/12/1967  0       3.2    21     3      
12/12/1967  0       4.1    20     4      
13/12/1967  0       2.7    23     2      
14/12/1967  24      1.2    25     4      
15/12/1967  46      1      23     3      
16/12/1967  43      2.1    22     4      
17/12/1967  0       3      23     3      
18/12/1967  0       4.2    20     4      
19/12/1967  0       5.1    22     3      
20/12/1967  0       5.1    20     4      
21/12/1967  0       7.3    13.5   2      
22/12/1967  0       1.5    16.5   4.5    
23/12/1967  0       2.4    18.5   3.5    
24/12/1967  0       0.7    19     1      
25/12/1967  0       3.9    18.5   6      
26/12/1967  0       7.2    22     6      
27/12/1967  0       2.1    23     5.5    
28/12/1967  0       1.9    21     5      
29/12/1967  0       3.6    20     5      
30/12/1967  0       0.8    18     5.5    
31/12/1967  0       2.4    12     4      
01/01/1968  0       2.2    12     1      
02/01/1968  0       4.4    15     1      
03/01/1968  0       5.1    20     4      
04/01/1968  0       2.7    17     2      
05/01/1968  0       3.1    15     2.5    
06/01/1968  0       2.1    18.5   3.5    
07/01/1968  0       2      18.5   2.5    
08/01/1968  0       1      18     9      
09/01/1968  0       0.2    21     6      
10/01/1968  0       2.8    19.5   5      
11/01/1968  0       2.4    22     9      
12/01/1968  0       5.4    21     8      
13/01/1968  0       3.1    23     7      
14/01/1968  0       4.1    18     6      
15/01/1968  0       5      18     4      
16/01/1968  0       1.8    22     5      
17/01/1968  0       2.6    21     4      
18/01/1968  0       6.1    20     6      
19/01/1968  0       5.6    22     8      
20/01/1968  0       3.3    22     7      
21/01/1968  0       6.5    23     9      
22/01/1968  0       4.8    25     5      
23/01/1968  0       2.4    26     11     
24/01/1968  0       4.1    25     10     
25/01/1968  0       3.3    22     4      
26/01/1968  0       2.7    19     11     
27/01/1968  0       4.7    20.5   13     
28/01/1968  0       6.1    19     11     
29/01/1968  0       4.8    21     9      
30/01/1968  0       4.6    20     10     
31/01/1968  0       3.2    21     9      
01/02/1968  0       4.3    20     8      
02/02/1968  0       4.7    20     9      
03/02/1968  0       5.4    21     10     
04/02/1968  0       2.5    20     9      
05/02/1968  0       4.3    21     9      
06/02/1968  0       4.5    21     10     
07/02/1968  0       5.5    20     11     
08/02/1968  0       3.1    19     8      
09/02/1968  0       1.5    21     11     
10/02/1968  0       4.8    27     9      
11/02/1968  0       4.1    28     5      
12/02/1968  0       4.1    25     6      
13/02/1968  0       2.6    23     7      
14/02/1968  0       3.3    19     6      
15/02/1968  0       3      19     5      
16/02/1968  0       3.9    19     6      
17/02/1968  0       4.2    18     6      
18/02/1968  0       3.4    17     7      
19/02/1968  0       2.4    16     0.5    
20/02/1968  0       4.3    14     7      
21/02/1968  0       5.9    19     6      
22/02/1968  0       4.9    14     6      
23/02/1968  0       4.7    17     5      
24/02/1968  0       4.2    19     6      
25/02/1968  0       4.2    20     5      
26/02/1968  0       5.1    31     6      
27/02/1968  0       4.3    28     7      
28/02/1968  0       6.1    26     11     
29/02/1968  0       8.3    27     12.1   
01/03/1968  0       5.9    25     10     
02/03/1968  0       4.9    23     13.5   
03/03/1968  0       5.1    25     11     
04/03/1968  0       4.9    28     13     
05/03/1968  0       4.9    25     10     
06/03/1968  0       5      24     11     
07/03/1968  0       6.2    22     8      
08/03/1968  0       3.6    22     8      
09/03/1968  3       5.3    17     11     
10/03/1968  0       5.2    17     8      
11/03/1968  0       4.8    21     6      
12/03/1968  0       5      22     8      
13/03/1968  0       5.1    23     7      
14/03/1968  0       5      20     5.5    
15/03/1968  0       5.2    25     7      
16/03/1968  0       6.3    24     11     
17/03/1968  0       4.1    18     9      
18/03/1968  0       5.5    20     4      
19/03/1968  0       7.1    20     4      
20/03/1968  0       2.4    21     3      
21/03/1968  0       4.5    24     8      
22/03/1968  0       6.8    26     8      
23/03/1968  0       3.9    27.5   7      
24/03/1968  0       8.8    23     6.5    
25/03/1968  0       5.4    29     7      
26/03/1968  0       8.2    29     6      
27/03/1968  0       4.1    29.5   9      
28/03/1968  0       6.1    31     10     
29/03/1968  0       9.3    31     10     
30/03/1968  0       5.4    30.5   11     
31/03/1968  0       4.7    29     9      
01/04/1968  0       5.1    26     8      
02/04/1968  0       5.9    21     11     
03/04/1968  0       7.8    22     6      
04/04/1968  0       4.8    27     6      
05/04/1968  0       6.1    27     9      
06/04/1968  0       4.5    29.5   7      
07/04/1968  0       4.9    29     8      
08/04/1968  0       6      31     8      
09/04/1968  0       3.4    30     9      
10/04/1968  0       9.5    32     10     
11/04/1968  0       9.4    29     4      
12/04/1968  0       7      27     13     
13/04/1968  0       6.9    32     13     
14/04/1968  0       4.1    30     10     
15/04/1968  0       2.6    28     12     
16/04/1968  0       4.1    26     12     
17/04/1968  0       5.1    23     8      
18/04/1968  0       7.7    20     8      
19/04/1968  0       0.6    26     5      
20/04/1968  0       5.3    26     5      
21/04/1968  0       4.6    22     7      
22/04/1968  0       10.5   23     6      
23/04/1968  0       14.3   27     5      
24/04/1968  0       10.8   30     12     
25/04/1968  0       10.9   34     9      
26/04/1968  0       5.5    30     8      
27/04/1968  0       5.8    32     9      
28/04/1968  0       8.3    30     9      
29/04/1968  0       7.1    31     8      
30/04/1968  0       8.1    30     8      
01/05/1968  0       5.9    31     7      
02/05/1968  0       0.9    28     4      
03/05/1968  0       5.8    30     10     
04/05/1968  0       9.9    30     11     
05/05/1968  0       9.8    32     13     
06/05/1968  0       9.2    29     10     
07/05/1968  0       12     33     11     
08/05/1968  0       9.7    33     10     
09/05/1968  0       5.8    29     14     
10/05/1968  0       13.1   31     12     
11/05/1968  0       10.1   29     9      
12/05/1968  0       10.9   29     7      
13/05/1968  0       9.1    31     12     
14/05/1968  0       7.2    32     10     
15/05/1968  0       7.3    33     11     
16/05/1968  0       10.2   39     11     
17/05/1968  0       6.5    34     9      
18/05/1968  0       13.4   32     10     
19/05/1968  0       9.7    39     10     
20/05/1968  0       5.5    32     15     
21/05/1968  0       9.7    33     19     
22/05/1968  0       7.2    30     11.5   
23/05/1968  0       4.3    33     10     
24/05/1968  0       6      36     11     
25/05/1968  0       5.3    34     16     
26/05/1968  0       6.8    39     14     
27/05/1968  0       6.3    41     15     
28/05/1968  0       5.2    42     15     
29/05/1968  0       12.8   41     18     
30/05/1968  0       10.5   36     17     
31/05/1968  0       10.1   38     14     
01/06/1968  0       6.1    34     15     
02/06/1968  0       7.8    36     10.5   
03/06/1968  0       7.2    41     13     
04/06/1968  0       10.2   39     20     
05/06/1968  0       14.7   31     22     
06/06/1968  0       10.4   30     18     
07/06/1968  0       7.2    28     15     
08/06/1968  0       6.8    27.5   12     
09/06/1968  0       7.2    30     11     
10/06/1968  0       10.7   35     15     
11/06/1968  0       9.8    37     15     
12/06/1968  0       6.1    38     14     
13/06/1968  0       9.1    39     17     
14/06/1968  0       9.7    40     14     
15/06/1968  0       9.1    39     15     
16/06/1968  0       9.7    42     15     
17/06/1968  0       5.7    40     18     
18/06/1968  0       5.6    40     17     
19/06/1968  0       5.4    42     15     
20/06/1968  0       6.3    42     16     
21/06/1968  0       8.9    45     21     
22/06/1968  0       8      41     22     
23/06/1968  0       6.6    40     23     
24/06/1968  0       9.3    45     15     
25/06/1968  0       7.5    35     18     
26/06/1968  0       6.6    40     15     
27/06/1968  0       7.5    42     18     
28/06/1968  0       6.6    40     18     
29/06/1968  0       7.5    40     20     
30/06/1968  0       8.3    40     19     
01/07/1968  0       7      45     18     
02/07/1968  0       6.4    43     19     
03/07/1968  0       11.4   42     28     
04/07/1968  0       9.8    38     25     
05/07/1968  0       10.2   32     26     
06/07/1968  0       4.2    34     22     
07/07/1968  0       7.6    37     18     
08/07/1968  0       8.3    45     20     
09/07/1968  0       9.5    40     22     
10/07/1968  0       4.9    43     20     
11/07/1968  0       4.2    42     23     
12/07/1968  0       10.3   41     23     
13/07/1968  0       1.1    45     25     
14/07/1968  0       4.5    40     20     
15/07/1968  0       9.5    40     25     
16/07/1968  0       7.3    40     22     
17/07/1968  0       12.7   38     21     
18/07/1968  0       10.3   40     24     
19/07/1968  0       8.4    40     23     
20/07/1968  0       7.2    41     26     
21/07/1968  0       6.7    39     23     
22/07/1968  0       10.2   41     24     
23/07/1968  0       9.4    40     20     
24/07/1968  0       7.9    40     23     
25/07/1968  0       8.2    39     20     
26/07/1968  6.5     7.2    40     18     
27/07/1968  4       9      42     18     
28/07/1968  0       7.3    36     12.5   
29/07/1968  0       9      39     20     
30/07/1968  0       6.4    39     20     
31/07/1968  0       7.3    40     22     
01/08/1968  0       5.3    40     20     
02/08/1968  0       6.7    40     23     
03/08/1968  0       5.1    36.5   21     
04/08/1968  0       5.9    33     22.5   
05/08/1968  0       6.1    36     23     
06/08/1968  0       6.8    37     23     
07/08/1968  0       5.3    39     23     
08/08/1968  0       5.7    40     22     
09/08/1968  0       7.9    36     22     
10/08/1968  0       6.8    38     23     
11/08/1968  0       7.1    35     21     
12/08/1968  0       8.1    38     15     
13/08/1968  0       6.6    40     17     
14/08/1968  0       8.2    38     20     
15/08/1968  0       7      37     20     
16/08/1968  0       7.2    39     18     
17/08/1968  0       7.8    36     19     
18/08/1968  0       7.6    40     18     
19/08/1968  0       6.8    42     20     
20/08/1968  0       5.2    32     22     
21/08/1968  0       6.4    35     14     
22/08/1968  0       9.8    35     19     
23/08/1968  0       8.6    38     18     
24/08/1968  0       7.9    37     19     
25/08/1968  0       5.3    35     22     
26/08/1968  0       7.1    40     20     
27/08/1968  0       7.8    39     22     
28/08/1968  0       4.3    35     23     
29/08/1968  0       5      40     19     
30/08/1968  0       2      38.5   18     
31/08/1968  0       5.8    40     20     
01/09/1968  0       5.1    39     16     
02/09/1968  0       4.1    31     18     
03/09/1968  0       7.5    30     19     
04/09/1968  0       6.8    30     20     
05/09/1968  0       8.3    31     17     
06/09/1968  0       7.1    32     19     
07/09/1968  0       6.7    30     19     
08/09/1968  0       5.6    31     18     
09/09/1968  0       5.2    30     19     
10/09/1968  0       8.1    30     19     
11/09/1968  0       8.6    31     20     
12/09/1968  0       6.7    31     19     
13/09/1968  0       7.9    31     20     
14/09/1968  0       7.6    30     18     
15/09/1968  0       8.9    30     20     
16/09/1968  0       9      31     20     
17/09/1968  0       6.6    31     19     
18/09/1968  0       6.4    30     19     
19/09/1968  0       6.1    32     18     
20/09/1968  0       8      31     20     
21/09/1968  0       10.9   31     19     
22/09/1968  0       6.7    33     20     
23/09/1968  0       6.9    31     18     
24/09/1968  0       7.5    30     17     
25/09/1968  0       5.6    31     18     
26/09/1968  0       5.7    30     18     
27/09/1968  0       6.4    30     17.5   
28/09/1968  0       5.8    30     17     
29/09/1968  0       6.4    31     18     
30/09/1968  0       5.9    32     19     
01/10/1968  0       3.9    31     18     
02/10/1968  0       6.2    32     17     
03/10/1968  0       6.7    30     19     
04/10/1968  0       5.5    29     17     
05/10/1968  0       6.5    32     16     
06/10/1968  0       4.6    30     17     
07/10/1968  0       6.5    29     16     
08/10/1968  0       5.7    31     17     
09/10/1968  0       5.8    31     17     
10/10/1968  0       6.3    30     16     
11/10/1968  0       5.7    30.5   16.5   
12/10/1968  0       6.2    30     16     
13/10/1968  0       6      30     17     
14/10/1968  0       7.9    31     18     
15/10/1968  0       5.6    30     17     
16/10/1968  0       6.1    30     16     
17/10/1968  0       6      31     16     
18/10/1968  0       5.6    31     17     
19/10/1968  0       6.6    32     16     
20/10/1968  0       5.6    32     16     
21/10/1968  0       5.5    31     17     
22/10/1968  0       4.5    29     17     
23/10/1968  0       6.5    31     18     
24/10/1968  0       6.9    32     18     
25/10/1968  0       5.2    31     17     
26/10/1968  0       4.8    33     17     
27/10/1968  0       6.7    31     18     
28/10/1968  0       5.6    30     16     
29/10/1968  0       6.6    30     16     
30/10/1968  0       3.5    31     17     
31/10/1968  0       5.2    30     16     
01/11/1968  0       2.8    28.5   13     
02/11/1968  0       4.4    29     11.5   
03/11/1968  0       5.5    30.5   13     
04/11/1968  0       4.2    28     10.5   
05/11/1968  0       3.1    26.5   9.5    
06/11/1968  0       2.7    25     10.5   
07/11/1968  0       3.1    24.5   6.5    
08/11/1968  0       3.7    26     5      
09/11/1968  0       5.4    25     7      
10/11/1968  0       3.5    27.5   6      
11/11/1968  0       4.3    29     8      
12/11/1968  0       4      28     10     
13/11/1968  0       4.9    26.5   9.5    
14/11/1968  0       4.7    17.5   9      
15/11/1968  0       5.4    18     7      
16/11/1968  0       5.7    22     7.5    
17/11/1968  0       6.6    23     8.5    
18/11/1968  0       3.5    24.5   10     
19/11/1968  0       4.4    24     0      
20/11/1968  0       4      26.5   8      
21/11/1968  0       4.9    27     9      
22/11/1968  0       5.4    29.5   6      
23/11/1968  0       4.5    30     7      
24/11/1968  0       4.1    29     7.5    
25/11/1968  0       2.8    22     8      
26/11/1968  0       4.2    18.5   1.5    
27/11/1968  0       6.3    19.5   2      
28/11/1968  0       4.5    21     3      
29/11/1968  0       5.4    18.5   4.5    
30/11/1968  0       4.4    18.5   3.5    
01/12/1968  0       3.4    18.5   2.5    
02/12/1968  0       2.3    19     4.5    
03/12/1968  0       3.3    20.5   6      
04/12/1968  0       4.2    20     4.5    
05/12/1968  0       4.4    23     4      
06/12/1968  0       3.3    22.5   5      
07/12/1968  0       4.2    23     5.5    
08/12/1968  0       4.4    25     6.5    
09/12/1968  0       3.2    27     7      
10/12/1968  0       4.4    26     8.5    
11/12/1968  0       2.6    25     6.5    
12/12/1968  0       3.3    24.5   7      
13/12/1968  0       4.1    23     7.5    
14/12/1968  0       3.9    25     7      
15/12/1968  0       3.7    26     6      
16/12/1968  0       2.6    25     5.5    
17/12/1968  0       4.3    20.5   4      
18/12/1968  0       4.7    17.5   4.5    
19/12/1968  0       3      20     3.5    
20/12/1968  0       3.5    19     4.5    
21/12/1968  0       2.9    11     5      
22/12/1968  0       2.7    14.5   4      
23/12/1968  0       4.6    15     2      
24/12/1968  0       3.7    20.5   1      
25/12/1968  13      2.1    20     2.5    
26/12/1968  0       4.5    15     3.5    
27/12/1968  0       3.3    13     0      
28/12/1968  0       3.8    17     0      
29/12/1968  0       3.2    18.5   2.5    
30/12/1968  0       3.1    17     3      
31/12/1968  0       3.4    24     5      
01/01/1969  0       4.3    25     7      
02/01/1969  0       4.7    24     6      
03/01/1969  0       4.7    23     3.5    
04/01/1969  0       4.3    23.5   4.5    
05/01/1969  0       3.9    24.5   8      
06/01/1969  0       4.1    26     7.5    
07/01/1969  0       3.7    28     5      
08/01/1969  0       4.1    23.5   6.5    
09/01/1969  0       3.9    23     8.5    
10/01/1969  0       3.2    22     9.5    
11/01/1969  0       3      24     5.5    
12/01/1969  0       3      24     7      
13/01/1969  0.5     3.7    22.5   9.5    
14/01/1969  6.5     2.2    16     11     
15/01/1969  4.5     1.3    20     10     
16/01/1969  0       2.2    21.5   9.5    
17/01/1969  0       0.8    17     9      
18/01/1969  0       1.5    20     7      
19/01/1969  0       1.7    21.5   9      
20/01/1969  0       3.1    22     8.5    
21/01/1969  1.5     3.1    23     8      
22/01/1969  0       3.2    22.5   9      
23/01/1969  0       2      21     7      
24/01/1969  0       2.6    23.5   6.5    
25/01/1969  0       2.8    23     8.5    
26/01/1969  0       4.1    25     10     
27/01/1969  0       3.7    21.5   10.5   
28/01/1969  0       2.7    14     10     
29/01/1969  0       3.5    16.5   3.5    
30/01/1969  0       3.4    18     1      
31/01/1969  0       3.1    14.5   0      
01/02/1969  0       3.5    18     -1     
02/02/1969  0       3.4    21     -1     
03/02/1969  0       4.9    24     2      
04/02/1969  0       3.6    21.5   6      
05/02/1969  0       3.3    20     7      
06/02/1969  0       3.5    20     3.5    
07/02/1969  0       3.8    19.5   6.5    
08/02/1969  0       3.6    22     4      
09/02/1969  0       3.5    23     3.5    
10/02/1969  0       4.2    24     2      
11/02/1969  0       4.4    25     4      
12/02/1969  0.9     4      21.5   5      
13/02/1969  0       2.5    18.5   8.5    
14/02/1969  0       2.7    20.5   4      
15/02/1969  0       3.9    23     4.5    
16/02/1969  0       3.8    22     6      
17/02/1969  0       4.4    23.5   5.5    
18/02/1969  0       4.2    22     9.5    
19/02/1969  0       3.8    15.5   8      
20/02/1969  6       2      16     7.5    
21/02/1969  0       1.9    16.5   2      
22/02/1969  3.5     1.7    15.5   4.5    
23/02/1969  0       2.7    18.5   2.5    
24/02/1969  0       2.8    22     1.5    
25/02/1969  0       4.7    23.5   4.5    
26/02/1969  0       4.1    20     2      
27/02/1969  0       3.6    21.5   5.5    
28/02/1969  0       2.5    21     6      
01/03/1969  0       6.3    21.5   3      
02/03/1969  0       5.2    21.5   3      
03/03/1969  0       6      23.5   3.5    
04/03/1969  0       5.3    16     4      
05/03/1969  0       4      19     1.5    
06/03/1969  0       7.6    20.5   1.5    
07/03/1969  0       3.4    11.5   3      
08/03/1969  0       2.7    19.5   1      
09/03/1969  18      4      16     1.5    
10/03/1969  0       2.7    18     6.5    
11/03/1969  0       5.5    18     4      
12/03/1969  0       5      20.5   3      
13/03/1969  0       5      18     3      
14/03/1969  0       5.6    15.5   3      
15/03/1969  0       6      19     4.5    
16/03/1969  0       7.7    26.5   4.5    
17/03/1969  0       8.4    27.5   5.5    
18/03/1969  0       9.6    31     7      
19/03/1969  0       8.8    31     9      
20/03/1969  0       5.9    28.5   10     
21/03/1969  3.5     8.5    28     10.5   
22/03/1969  0       3.8    18     9.5    
23/03/1969  0       6.8    24.5   4.5    
24/03/1969  0       4.8    24.5   8      
25/03/1969  0       13.9   29.5   12     
26/03/1969  0       11.1   31     12.5   
27/03/1969  0       11.8   32     12.5   
28/03/1969  4       11.9   33.5   11.5   
29/03/1969  0       9.9    35     10     
30/03/1969  0       6      20     12     
31/03/1969  0       3.8    21     12     
01/04/1969  0       9.7    33     14     
02/04/1969  0       11.1   32.5   7      
03/04/1969  0       12.1   30     14     
04/04/1969  0       6.1    Nulo   11     
05/04/1969  0       9.7    32     11     
06/04/1969  0       8.9    27.5   13     
07/04/1969  0       2.7    21     11     
08/04/1969  0       6.2    22     7      
09/04/1969  0       9      27.5   9      
10/04/1969  0       7.1    24     11     
11/04/1969  0       5      25     10     
12/04/1969  0       10.1   31.5   11.5   
13/04/1969  0       4.8    33     11     
14/04/1969  0       10.5   32.5   10     
15/04/1969  0       8.7    26.5   11.5   
16/04/1969  0       7.4    26     7      
17/04/1969  0       6.4    30     9      
18/04/1969  0       8.9    32     10     
19/04/1969  0       11.4   30.5   10.5   
20/04/1969  0       11.5   34.5   11     
21/04/1969  0       11.3   34.5   11     
22/04/1969  0       12     32     10.5   
23/04/1969  0       10.4   32.5   10     
24/04/1969  0       10     30.5   11     
25/04/1969  0       8.5    30     12.5   
26/04/1969  0       14.8   31.5   17.5   
27/04/1969  0       11     23.5   12     
28/04/1969  0       12     32     10     
29/04/1969  0       11.9   33     11     
30/04/1969  0       10.6   32     12     
01/05/1969  0       5.4    32     10     
02/05/1969  0       7.4    32     10     
03/05/1969  0       4.2    31     9      
04/05/1969  9.5     1.2    24     8      
05/05/1969  1.5     5.8    22     9      
06/05/1969  0       1      20.5   8      
07/05/1969  0       4.6    25.5   9      
08/05/1969  0       10.7   31     14     
09/05/1969  0       10.6   32     13.5   
10/05/1969  0       13.5   36     12     
11/05/1969  0       11.4   36     15.5   
12/05/1969  0       8      35     19     
13/05/1969  0       7.4    35     16     
14/05/1969  0       12     35     16.5   
15/05/1969  0       12.6   35     15     
16/05/1969  0       12.9   35     14.5   
17/05/1969  0       Nulo   34     15     
18/05/1969  0       13.9   38.5   16     
19/05/1969  0       3.4    38.5   15     
20/05/1969  0       4.8    38     15.5   
21/05/1969  0       13.7   37.5   14     
22/05/1969  0       Nulo   38.5   15     
23/05/1969  0       Nulo   38     13.5   
24/05/1969  0       Nulo   37.5   12     
25/05/1969  0       10.3   38.5   13.5   
26/05/1969  0       8.5    39.5   15.5   
27/05/1969  0       10.8   34     16     
28/05/1969  0       14.7   41     16     
29/05/1969  0       14.3   41     18     
30/05/1969  0       13.3   39.5   20.5   
31/05/1969  0       Nulo   39     28.5   
01/07/1969  0       13.3   42     20.5   
02/07/1969  0       13.2   43.5   26.5   
03/07/1969  0       14.2   44.5   25     
04/07/1969  0       15.2   44.5   23.5   
05/07/1969  0       16     41.5   23.5   
06/07/1969  0       16.2   38.5   21.5   
07/07/1969  0       11.5   37.5   19     
08/07/1969  5       10.2   37.5   22     
09/07/1969  0       10.9   38     22     
10/07/1969  4       9.7    40     24     
11/07/1969  0       9.9    37.5   25     
12/07/1969  0       9      40     24     
13/07/1969  0       11.4   42     25     
14/07/1969  0       11.8   41.5   26     
15/07/1969  2.5     10.1   40     25.5   
16/07/1969  8       8.7    32.5   24.5   
17/07/1969  0       7.5    35     23     
18/07/1969  10.2    8.3    38.5   22.5   
19/07/1969  0       10.1   39.5   22     
20/07/1969  0       9.6    41     23.5   
21/07/1969  0       11.6   41.5   26     
22/07/1969  0       9.9    38     26     
23/07/1969  15      9.9    40     24     
24/07/1969  0       8.8    40     23.5   
25/07/1969  18.9    7.5    39     23     
26/07/1969  0       6      36.5   20.5   
27/07/1969  0       9.4    37     23.5   
28/07/1969  4.5     6.6    35     23.5   
29/07/1969  0       9.7    39.5   22     
30/07/1969  0       10.3   40     25     
31/07/1969  0.5     12.4   42     25.5   
01/08/1969  0       9.3    40     23.5   
02/08/1969  0       10.4   44     23     
03/08/1969  0       11.3   45     27     
04/08/1969  0       12.5   44     26     
05/08/1969  0       12.9   41     27     
06/08/1969  0       9.2    37.5   25.5   
07/08/1969  0       9.8    39     24.5   
08/08/1969  9.5     9.3    38     23     
09/08/1969  0       8.5    36.5   23.5   
10/08/1969  0       7.4    38     22.5   
11/08/1969  6       7.5    39     24     
12/08/1969  10.5    6.2    38     23.5   
13/08/1969  0       8.3    38.5   22.5   
14/08/1969  0       8.8    38     24     
15/08/1969  0       8.6    40     24.5   
16/08/1969  0       10.1   41     24     
17/08/1969  0       8.8    39.5   25     
18/08/1969  0       9.7    40.5   24     
19/08/1969  0       10.9   42     24     
20/08/1969  0       10.7   42     25     
21/08/1969  0       11.3   41     23     
22/08/1969  0       10.9   45     24     
23/08/1969  0       10.7   41     27.5   
24/08/1969  0       7.9    40     23.5   
25/08/1969  0       10.5   42     23.5   
26/08/1969  0       8.5    40     24     
27/08/1969  0       9      40.5   24.5   
28/08/1969  3.8     8.5    40     26     
29/08/1969  0       8.1    38     24     
30/08/1969  0       11.8   40     24.5   
31/08/1969  0       9.2    38.5   25     
01/09/1969  0       9      40     25.5   
02/09/1969  0       9      39.5   24.5   
03/09/1969  2.5     8.2    39.5   23.5   
04/09/1969  0       6.7    38.5   22     
05/09/1969  6.5     5.9    37     22.5   
06/09/1969  0       6.5    37.5   23.5   
07/09/1969  0       8.2    41     22.5   
08/09/1969  0       10.3   43     26     
09/09/1969  2.4     11     42.5   22     
10/09/1969  10.3    10.6   40     21.5   
11/09/1969  0       5.8    34     21.5   
12/09/1969  0       6.7    33.5   23     
13/09/1969  21.7    5.7    33     21     
14/09/1969  8.8     4.8    32.5   18.5   
15/09/1969  0       6      32.5   19.5   
16/09/1969  0       6.2    34     19     
17/09/1969  0       6.8    34.5   18     
18/09/1969  0       7.1    36     19.5   
19/09/1969  0       8.2    37     18     
20/09/1969  0       8      35     18.5   
21/09/1969  0       8.2    34     16.5   
22/09/1969  0       7.4    34.5   14.5   
23/09/1969  0       7.7    36     14     
24/09/1969  0       6.8    36     14.5   
25/09/1969  0       8.2    37     14     
26/09/1969  0       8.6    38     14.5   
27/09/1969  0       9.2    40.5   16     
28/09/1969  0       9.4    41     18     
29/09/1969  0       9.6    39     18.5   
30/09/1969  0       6.2    40     18     
01/10/1969  0       7.5    39.5   19.5   
02/10/1969  0       8.2    38     20.5   
03/10/1969  0       9.4    34     21     
04/10/1969  0       8.4    31     17     
05/10/1969  0       6.6    30.5   13     
06/10/1969  0       7.5    33.5   10     
07/10/1969  0       7.9    35     17.5   
08/10/1969  0       8      35     17.5   
09/10/1969  0       7.6    36     12     
10/10/1969  0       9.1    34.5   13.5   
11/10/1969  0       8.6    29.5   14.5   
12/10/1969  0       7      28.5   7.5    
13/10/1969  0       5.8    29     9.5    
14/10/1969  0       6.7    28.5   10     
15/10/1969  0       5.2    29.5   9      
16/10/1969  0       5.5    32     11.5   
17/10/1969  0       5.8    32.5   11.5   
18/10/1969  0       6.9    26.5   15.5   
19/10/1969  0       6.3    25.5   7.5    
20/10/1969  3.5     5.9    26     7      
21/10/1969  0       4.7    24     9      
22/10/1969  0       4      24.5   10.5   
23/10/1969  0       4.7    25.5   9.5    
24/10/1969  0       2.1    29.5   8.5    
25/10/1969  0       5.1    29.5   10.5   
26/10/1969  0       8.1    30     8.5    
27/10/1969  0       5.1    31     11     
28/10/1969  0       6.8    30.5   10     
29/10/1969  0       8      30     9.5    
30/10/1969  0       8.8    29.5   Nulo   
31/10/1969  0       6.9    30     10     
01/11/1969  0       6.9    31     9.5    
02/11/1969  0       6.8    30.5   8.5    
03/11/1969  0       0.4    29     9      
04/11/1969  0       5.6    29.5   8.5    
05/11/1969  0       6      25.5   9      
06/11/1969  0       3.2    23.5   9.5    
07/11/1969  7       4.5    26.5   12.5   
08/11/1969  0       2.2    31     8      
09/11/1969  0       3.9    27     6      
10/11/1969  2.5     2.5    23     9      
11/11/1969  0       4      26.5   15.5   
12/11/1969  0       1      23     15     
13/11/1969  0       3.1    25     14     
14/11/1969  0       4.2    28.5   12     
15/11/1969  12.5    2.9    23.5   11.5   
16/11/1969  3       2.7    21.5   14.5   
17/11/1969  0       4.9    22.5   11     
18/11/1969  0       4.8    17.5   7      
19/11/1969  0       6.4    24.5   7      
20/11/1969  0       5.3    25     9      
21/11/1969  0       6.4    24     8.5    
22/11/1969  0       4.1    23.5   6      
23/11/1969  0       5.7    23     3      
24/11/1969  0       6      27     7      
25/11/1969  0       4.3    27     11.5   
26/11/1969  0       4.2    28     11.5   
27/11/1969  0       4.6    27     8      
28/11/1969  0       3.3    19.5   7      
29/11/1969  0       3.8    20     4      
30/11/1969  0       3.2    21     6      
01/12/1969  0       3.7    25     6.5    
02/12/1969  14      3.6    23     10     
03/12/1969  4.5     2.9    16     12     
04/12/1969  0       0.8    20     12     
05/12/1969  0       3.4    18.5   6.5    
06/12/1969  0       2.4    18     5      
07/12/1969  0       3.2    12.5   4.5    
08/12/1969  0       2.2    17.5   1      
09/12/1969  0       1.9    19     4      
10/12/1969  0       2.5    20     8      
11/12/1969  0       4.6    22.5   8      
12/12/1969  0       2.6    22     7      
13/12/1969  0       3.6    25     4      
14/12/1969  0       3.1    24.5   7      
15/12/1969  0       3.4    24     5      
16/12/1969  0       3.2    21     7      
17/12/1969  0       2.2    18     7      
18/12/1969  0       1.7    21.5   6      
19/12/1969  0       2.3    22     4.5    
20/12/1969  0       2.2    24.5   6      
21/12/1969  0       2.6    22     5      
22/12/1969  0       2.8    14     6      
23/12/1969  0       1.2    16     5      
24/12/1969  0       1.1    25     9      
25/12/1969  0       2.6    23.5   8      
26/12/1969  0       2.7    21     7.5    
27/12/1969  0       2.3    23     5      
28/12/1969  0       2.3    24.5   5      
29/12/1969  0       0.8    17.5   3      
30/12/1969  0       2.1    16.5   4      
31/12/1969  0       1.5    22     5      
01/01/1970  0       4      12     6      
02/01/1970  0       3.8    13     3      
03/01/1970  0       3.5    12.5   2      
04/01/1970  0       1.9    15     3      
05/01/1970  0       2.4    17     1      
06/01/1970  0       2.5    17.5   2.5    
07/01/1970  0       1.6    18.5   3      
08/01/1970  0       2.8    19     2      
09/01/1970  0       2.2    22.5   2.5    
10/01/1970  0       4      22.5   2      
11/01/1970  0       3.1    22.5   4      
12/01/1970  2       6.6    21     7      
13/01/1970  0       3.6    19.5   3.5    
14/01/1970  0       2.6    21     5      
15/01/1970  0       3      20     6      
16/01/1970  0       5.6    23     5      
17/01/1970  0       3.4    22.5   7      
18/01/1970  0       4.8    22     5.5    
19/01/1970  0       4.8    22.5   4      
20/01/1970  0       4.8    24     6      
21/01/1970  0       4.2    21.5   7      
22/01/1970  0       3.4    21     7      
23/01/1970  0       4.2    28.5   8      
24/01/1970  0       3.4    29     6      
25/01/1970  0       3.8    27.5   8      
26/01/1970  0       3.9    21.5   7      
27/01/1970  0       2.9    20     6      
28/01/1970  0       3.5    26     6      
29/01/1970  0       3      23.5   6      
30/01/1970  0       3.9    22     6      
31/01/1970  0       4.9    18.5   -1     
01/02/1970  0       3.5    20.5   0      
02/02/1970  0       7.2    28     3      
03/02/1970  0       5.1    23     7      
04/02/1970  0       4.9    23     6      
05/02/1970  0       5.1    25     7      
06/02/1970  0       5.4    28     6.5    
07/02/1970  0       6.8    28.5   9      
08/02/1970  0       5.2    31     10     
09/02/1970  0       6.9    28     12     
10/02/1970  1       2.6    24     13     
11/02/1970  0       4.1    23.5   11     
12/02/1970  0       3.4    26     8      
13/02/1970  0       3.9    24.5   9      
14/02/1970  0       6      21.5   8      
15/02/1970  0       4.4    25.5   7.5    
16/02/1970  0       6.3    28     10.5   
17/02/1970  0       7.8    27     5      
18/02/1970  0       8      24.5   5      
19/02/1970  0       6.2    23     8      
20/02/1970  0       5.6    25     5      
21/02/1970  0       4.2    23.5   7      
22/02/1970  0       2.2    23     4      
23/02/1970  0       5.7    22     4.5    
24/02/1970  0       5.6    24     4      
25/02/1970  0       6.8    27     8      
26/02/1970  0       4.3    25.5   9      
27/02/1970  0       5.3    23     6      
28/02/1970  0       5.6    24     9      
01/03/1970  6       2.7    24     12     
02/03/1970  0       0.6    20     11.5   
03/03/1970  0       4.7    19     5      
04/03/1970  0       3.5    19     4.5    
05/03/1970  8       1.2    14     10     
06/03/1970  0       3.7    20     3      
07/03/1970  0       4      25     6      
08/03/1970  0       4.1    16     8      
09/03/1970  0       4.3    21     7      
10/03/1970  0       2.6    18.5   13     
11/03/1970  0       3.8    12.1   10     
12/03/1970  0       5.4    21     12     
13/03/1970  0       6.7    27     9      
14/03/1970  0       7.5    29.5   12     
15/03/1970  0       7.2    30     8.5    
16/03/1970  0       5.4    27     10     
17/03/1970  0       5.3    24.5   5      
18/03/1970  0       5.3    24     9.5    
19/03/1970  0       4.2    22     9      
20/03/1970  0       3.7    21     4.5    
21/03/1970  0       5.4    23     4      
22/03/1970  0       4.8    28     5      
23/03/1970  0       6.9    30.5   7      
24/03/1970  0       7.3    30     6.5    
25/03/1970  0       7.4    25     7      
26/03/1970  0       0.7    28     5      
27/03/1970  0       6.2    26     5.5    
28/03/1970  0       6.2    27     6.5    
29/03/1970  0       4.7    28     5.5    
30/03/1970  0       6.1    26     7.5    
31/03/1970  0       5.9    31     8      
01/04/1970  0       6.7    24     4.5    
02/04/1970  0       6.8    28     9      
03/04/1970  0       8.6    27     3.5    
04/04/1970  0       7.9    29     6      
05/04/1970  0       7.2    31     13.5   
06/04/1970  0       7.1    28     9.5    
07/04/1970  0       6.2    27     7      
08/04/1970  0       8.6    31     8.5    
09/04/1970  0       7.2    29     6      
10/04/1970  0       8.3    33     9.5    
11/04/1970  0       7.1    33.5   9.5    
12/04/1970  0       7.3    32.5   9.5    
13/04/1970  0       4.7    31     11     
14/04/1970  0       5.5    26     10.5   
15/04/1970  0       6.4    24.5   5      
16/04/1970  0       7.3    26     6.5    
17/04/1970  0       6.4    19.5   9      
18/04/1970  0       6.5    22     7.5    
19/04/1970  0       7.3    27     5      
20/04/1970  0       7.4    27.5   10     
21/04/1970  0       8      22     11     
22/04/1970  0       8.4    23     8      
23/04/1970  0       6.6    28     7.5    
24/04/1970  0       6.3    29.5   7.5    
25/04/1970  0       7.3    31     7.5    
26/04/1970  0       7.4    28.5   9      
27/04/1970  0       6.1    22     9      
28/04/1970  0       6.3    19.5   9      
29/04/1970  0       4.9    21.5   7      
30/04/1970  0       5.5    25     4.5    
01/05/1970  0       3.2    29     8      
02/05/1970  0       10.6   33     14     
03/05/1970  0       9      36     19     
04/05/1970  0       9.1    36     13     
05/05/1970  0       12.1   34.5   15.5   
06/05/1970  0       7.7    31     12     
07/05/1970  0       8.8    28     10.5   
08/05/1970  0       11.4   31     8      
09/05/1970  0       6.6    32     10     
10/05/1970  0       8.6    33     12     
11/05/1970  0       8.6    35     15     
12/05/1970  0       8.1    33.5   14     
13/05/1970  0       12.6   35     12     
14/05/1970  0       10.5   37     13     
15/05/1970  0       11.5   39     15     
16/05/1970  0       10.6   34     17     
17/05/1970  0       6.9    43     16     
18/05/1970  0       11.9   41     19     
19/05/1970  0       2.1    38.5   20.5   
20/05/1970  0       8.9    35     18     
21/05/1970  0       7.8    34     14     
22/05/1970  0       10.8   35.5   13     
23/05/1970  0       9.1    36.5   16     
24/05/1970  0       4.3    36     15     
25/05/1970  0       7.2    34.5   16     
26/05/1970  0       7.1    32     13.5   
27/05/1970  0       2.6    32     13     
28/05/1970  0       7.2    32.5   13     
29/05/1970  0       9.6    35.5   13     
30/05/1970  0       4.4    37     14.5   
31/05/1970  0       8.2    32.5   14.5   
01/06/1970  0       10.8   38     19     
02/06/1970  0       7.5    39.5   21     
03/06/1970  0       9.4    37     18     
04/06/1970  0       7.6    38     18     
05/06/1970  0       7.6    39.5   16     
06/06/1970  0       8.1    34     19     
07/06/1970  0       8.2    35     15     
08/06/1970  0       9.5    36     16     
09/06/1970  0       7.6    34     19     
10/06/1970  0       7.8    30.5   18     
11/06/1970  0       7      30     16     
12/06/1970  0       7.2    31     15     
13/06/1970  0       7      33.5   17     
14/06/1970  0       7.7    32     13     
15/06/1970  0       9      34     13.5   
16/06/1970  0       6.3    35     13.5   
17/06/1970  0       8.5    37     14     
18/06/1970  0       11.6   40.5   17     
19/06/1970  0       9.4    38     18     
20/06/1970  0       11.2   39     16     
21/06/1970  0       9.9    38     18     
22/06/1970  0       10.6   39     22     
23/06/1970  0       10.1   39     22.5   
24/06/1970  0       8      38     23.5   
25/06/1970  0       8.1    34     17.5   
26/06/1970  0       8.4    34     19     
27/06/1970  0       8.2    35     21     
28/06/1970  0       9.2    35     19     
29/06/1970  0       8.8    36     19     
30/06/1970  0       7.2    35     18     
01/09/1970  0       8.3    38     16     
02/09/1970  0       9.2    38.5   17     
03/09/1970  0       9.1    43     18     
04/09/1970  9       5.1    31     17     
05/09/1970  9       6      29.5   16     
06/09/1970  4       4.3    29.1   18     
07/09/1970  9.5     5.4    34     19     
08/09/1970  3.5     6.5    35     15     
09/09/1970  0       6.4    37     17     
10/09/1970  0       6.1    36     18     
11/09/1970  0       7.2    35     20     
12/09/1970  0       8.4    34     21     
13/09/1970  0       9.8    39     20     
14/09/1970  0       5.4    37     22     
15/09/1970  0       6.6    38     21     
16/09/1970  0       5.1    36     20     
17/09/1970  0       5.3    35     19     
18/09/1970  0       5.5    28     18     
19/09/1970  0       6.9    26     17     
20/09/1970  0       6.5    28     17     
21/09/1970  0       8.1    30     18     
22/09/1970  0       10.1   31     19     
23/09/1970  0       6.4    31     20     
24/09/1970  0       6.4    30     16     
25/09/1970  0       8.9    30     15     
26/09/1970  0       11.1   28     15     
27/09/1970  0       9.9    30     16     
28/09/1970  0       7.9    29     14     
29/09/1970  0       8.5    30     13     
30/09/1970  0       6.4    30     15     
01/10/1970  0       3.6    35     8      
02/10/1970  0       3.1    34     7      
03/10/1970  0       4.3    35     7      
04/10/1970  0       2.5    31     6      
05/10/1970  0       4.3    34     7      
06/10/1970  0       3.1    33     8      
07/10/1970  0       4      33     7      
08/10/1970  0       5.2    35     7.5    
09/10/1970  0       5      31     7      
10/10/1970  0       3.9    30     7.5    
11/10/1970  0       4.9    35     7      
12/10/1970  0       3.2    32     8      
13/10/1970  0       5.1    32     8.5    
14/10/1970  0       3.1    32     8      
15/10/1970  0       4      31     7      
16/10/1970  0       3.7    31     7.5    
17/10/1970  0       3.3    31     8      
18/10/1970  0       4.8    32     8      
19/10/1970  0       3.2    27     8.5    
20/10/1970  0       4.1    24     7      
21/10/1970  0       5.1    28     7      
22/10/1970  0       5.7    25     6      
23/10/1970  0       3.1    28     8.5    
24/10/1970  0       6      27     8      
25/10/1970  0       5.1    28     7      
26/10/1970  0       4.1    25     6      
27/10/1970  0       3.3    27     6.5    
28/10/1970  0       5.3    28     7      
29/10/1970  0       4.6    28     8      
30/10/1970  0       4.4    26     6      
31/10/1970  0       3.1    26     5.5    
01/11/1970  0       6.6    30     7      
02/11/1970  0       5.9    30     7.5    
03/11/1970  0       5.3    31     6      
04/11/1970  0       5.7    28     8      
05/11/1970  0       4.3    27     7      
06/11/1970  0       4.9    28     6      
07/11/1970  0       4.7    27     7      
08/11/1970  0       4.9    27     6      
09/11/1970  0       3.6    23     8      
10/11/1970  0       4.2    30     7      
11/11/1970  0       3.7    27     7.5    
12/11/1970  0       4.2    24     8      
13/11/1970  0       4.7    22     8.5    
14/11/1970  0       5.8    26     8      
15/11/1970  0       6.2    26     6      
16/11/1970  0       6.9    26     7      
17/11/1970  0       5.1    25     7.5    
18/11/1970  0       5.7    26     8      
19/11/1970  0       5.1    25     7      
20/11/1970  0       3.1    25     7.5    
21/11/1970  0       3.2    25     6      
22/11/1970  0       2.9    26     7      
23/11/1970  0       4.4    23     8      
24/11/1970  0       2.7    24     7      
25/11/1970  0       4.1    25     7.5    
26/11/1970  0       2.8    26     7      
27/11/1970  0       3.1    25     6      
28/11/1970  0       3.9    25     8      
29/11/1970  0       2.6    24     6      
30/11/1970  0       3.4    24     7      
01/12/1970  0       3.5    23     6      
02/12/1970  0       1.3    22     7      
03/12/1970  0       1.5    24     7.5    
04/12/1970  0       3.2    21     8.5    
05/12/1970  0       2.3    23     9.5    
06/12/1970  0       1.4    22     8.5    
07/12/1970  0       2.5    18     6      
08/12/1970  0       3.4    19     7      
09/12/1970  0       2.3    18     7.5    
10/12/1970  0       3.2    19     5.5    
11/12/1970  0       2.6    21     7      
12/12/1970  0       2.7    19     6.5    
13/12/1970  0       2.8    22     3      
14/12/1970  0       2.7    21.5   3.5    
15/12/1970  0       2.2    21     2      
16/12/1970  0       3.2    25     6      
17/12/1970  0       1.4    24     6.5    
18/12/1970  0       1.8    23     9      
19/12/1970  0       1.2    25     8      
20/12/1970  0       1.9    23.5   8.5    
21/12/1970  0       1.7    22     7      
22/12/1970  0       2.2    20     7.5    
23/12/1970  0       2.3    23     9      
24/12/1970  0       2.4    22     8      
25/12/1970  0       1.1    20     7      
26/12/1970  0       1.4    21     7.5    
27/12/1970  0       1.3    21     4      
28/12/1970  0       1.1    19     8      
29/12/1970  0       1.2    19     6      
30/12/1970  0       1.3    17     4.5    
31/12/1970  0       1.1    21     5      
01/01/1971  0       1.2    14     7      
02/01/1971  0       1.4    12     5      
03/01/1971  0       1.3    18     -4     
04/01/1971  0       1.4    20     -7     
05/01/1971  0       2.3    20     -7     
06/01/1971  0       1.5    19     -8     
07/01/1971  0       0.4    16     -6     
08/01/1971  0       0.5    12     -7     
09/01/1971  0       1.2    10     -5     
10/01/1971  0       0.8    9      -5     
11/01/1971  0       0.5    13     -4     
12/01/1971  0       1      12     -6     
13/01/1971  0       1.4    16     -5     
14/01/1971  0       0.9    13     -3     
15/01/1971  0       1      14     -3     
16/01/1971  0       1.2    16     4      
17/01/1971  0       1.3    19     6      
18/01/1971  0       1.2    17     6      
19/01/1971  0       1.2    18     6      
20/01/1971  0       1.2    23     7      
21/01/1971  0       1      20     6      
22/01/1971  0       1.1    21     7      
23/01/1971  0       1      26     7      
24/01/1971  0       1      23     6      
25/01/1971  0       1.4    26     5      
26/01/1971  0       1.3    24     7      
27/01/1971  0       1.3    23     6      
28/01/1971  0       1.1    25     7.5    
29/01/1971  0       1      26     7      
30/01/1971  0       0.3    27     7.5    
31/01/1971  0       1.3    24     6      
01/02/1971  0       2.2    12     7      
02/02/1971  0       3.1    15     4      
03/02/1971  0       3.2    19     6      
04/02/1971  0       4.2    18     5      
05/02/1971  0       4.1    17     6      
06/02/1971  0       4.2    16     5      
07/02/1971  0       3.1    17     4      
08/02/1971  0       3.8    18     3      
09/02/1971  0       3.6    21     4      
10/02/1971  0       4      19     5      
11/02/1971  0       4.4    16     6      
12/02/1971  0       3.9    17     4      
13/02/1971  0       4      19     3      
14/02/1971  0       3.8    18     3.5    
15/02/1971  0       4.7    16     4.5    
16/02/1971  0       4.6    17     5      
17/02/1971  0       4.8    19     3.5    
18/02/1971  0       5      18     3      
19/02/1971  0       5.1    20     4      
20/02/1971  0       3.2    19     5      
21/02/1971  0       3.6    19.5   5.5    
22/02/1971  0       8      18.5   3.5    
23/02/1971  0       4.4    20     4      
24/02/1971  0       4.5    20.5   5      
25/02/1971  0       5.1    13     6      
26/02/1971  0       3.2    19     6      
27/02/1971  0       3.2    18.5   4      
28/02/1971  0       4.5    20     5      
01/03/1971  0       4.1    19.5   2      
02/03/1971  0       4.9    19     4      
03/03/1971  0       5.1    18     3      
04/03/1971  0       5.4    19.5   6      
05/03/1971  0       6.9    22     7      
06/03/1971  0       3.2    21     3      
07/03/1971  0       2.6    22     4      
08/03/1971  0       3.4    24     6      
09/03/1971  0       3.1    22     4      
10/03/1971  0       4.3    19.5   6      
11/03/1971  0       5.1    21     5      
12/03/1971  0       6.6    23.5   8      
13/03/1971  0       3.3    23     5      
14/03/1971  0       4.9    23.5   6      
15/03/1971  0       5      24.5   8      
16/03/1971  0       9.5    28     7      
17/03/1971  0       8      24     6      
18/03/1971  0       8.1    25     6      
19/03/1971  0       7      24.5   5      
20/03/1971  0       4      25     6      
21/03/1971  0       4.3    24     6      
22/03/1971  0       6.1    25     5      
23/03/1971  0       6.2    27.5   8      
24/03/1971  0       5.1    24     6      
25/03/1971  0       4.7    23     5      
26/03/1971  0       4.9    27.5   6      
27/03/1971  0       8.1    26     7      
28/03/1971  0       7.2    28     6      
29/03/1971  0       8.4    30     8      
30/03/1971  0       4.3    27.5   7      
31/03/1971  0       6.9    26     6      
01/04/1971  0       5.4    29     8      
02/04/1971  0       5.8    26     6      
03/04/1971  0       5.7    24     7      
04/04/1971  0       6      34     6      
05/04/1971  0       6.1    30     6.5    
06/04/1971  0       6.3    35     8.5    
07/04/1971  0       5.9    32     9      
08/04/1971  0       5.8    34     10     
09/04/1971  0       6.5    36     9      
10/04/1971  0       6.3    30     14     
11/04/1971  0       6.6    29     8      
12/04/1971  0       7.1    28     7      
13/04/1971  0       6.9    26     9      
14/04/1971  0       7      26     10     
15/04/1971  0       7.2    24     8      
16/04/1971  0       7.3    25     6      
17/04/1971  0       7.5    24     8      
18/04/1971  0       7.6    26     9      
19/04/1971  0       7.8    27     7      
20/04/1971  0       7.8    26     17     
21/04/1971  0       8      28     8      
22/04/1971  0       8.1    24     6      
23/04/1971  0       8.7    27     7      
24/04/1971  0       7.6    25     8      
25/04/1971  0       7.5    26     9      
26/04/1971  0       8.7    23     5      
27/04/1971  0       8.4    24     7      
28/04/1971  0       9.1    25     8      
29/04/1971  0       8.2    27     7      
30/04/1971  0       7.9    28     7      
01/05/1971  0       5.1    25     8      
02/05/1971  0       5.3    33     9      
03/05/1971  0       6.2    30     9.5    
04/05/1971  0       6.2    26     9      
05/05/1971  0       3.6    26     5      
06/05/1971  0       7.3    24     13     
07/05/1971  0       9.1    30     6      
08/05/1971  0       6.2    28     8      
09/05/1971  0       8.2    25     9      
10/05/1971  0       6.6    30     12     
11/05/1971  0       7.1    30     13     
12/05/1971  0       5.1    30     11     
13/05/1971  0       5.9    34     12     
14/05/1971  0       8.1    37     14     
15/05/1971  0       8.9    33     15     
16/05/1971  0       10.1   26     10     
17/05/1971  0       8.1    30     14     
18/05/1971  0       7.2    29     10     
19/05/1971  0       7.2    33     10     
20/05/1971  0       8.6    25     9      
21/05/1971  0       3.1    30     8      
22/05/1971  0       5.1    26     13     
23/05/1971  0       5      24     10     
24/05/1971  0       5.8    25     9      
25/05/1971  0       8.6    35     6      
26/05/1971  0       8.4    30     13     
27/05/1971  0       5.2    34     10     
28/05/1971  0       5.3    30     13     
29/05/1971  0       5.3    28     9.5    
30/05/1971  0       6.1    29     8      
31/05/1971  0       10.1   31     10     
01/06/1971  0       10.6   31     7      
02/06/1971  0       9.9    28     11     
03/06/1971  0       8      27     8      
04/06/1971  0       9.8    30     10     
05/06/1971  0       10.3   34     7      
06/06/1971  0       9.5    32.5   7      
07/06/1971  0       11.3   32     8      
08/06/1971  0       10.4   33     10     
09/06/1971  0       11.2   32.5   11.5   
10/06/1971  0       11.1   29.5   14     
11/06/1971  0       10.8   32     15     
12/06/1971  0       9.5    35     11.5   
13/06/1971  0       12.5   37.5   16     
14/06/1971  0       11.5   39     14     
15/06/1971  0       10.4   41     17     
16/06/1971  0       12.5   42     17.5   
17/06/1971  0       11.8   41.5   21.5   
18/06/1971  0       12.2   40     19     
19/06/1971  0       13.5   41     20     
20/06/1971  0       11.7   40.5   18.5   
21/06/1971  0       12.8   41.5   17     
22/06/1971  0       11.2   40.5   20.5   
23/06/1971  0       13.2   39     21.5   
24/06/1971  0       11.7   40     25     
25/06/1971  0       10.5   38     24.5   
26/06/1971  0       11.4   38     21     
27/06/1971  0       12.6   38.5   20     
28/06/1971  0       12.8   36.5   19.5   
29/06/1971  0       13.3   38.5   18     
30/06/1971  0       11.9   40.5   18.5   
01/07/1971  0       12.5   41.5   18     
02/07/1971  0       13.2   40     23     
03/07/1971  0       12.6   39     23.5   
04/07/1971  0       12.7   40     22.5   
05/07/1971  0       10.3   39     24     
06/07/1971  1.2     14.1   39     25     
07/07/1971  0       12.6   41     23     
08/07/1971  0       11.4   42     22     
09/07/1971  0       14     42     24     
10/07/1971  0       13.9   43.5   24     
11/07/1971  0       12.7   44     23.5   
12/07/1971  0       10.5   41     27     
13/07/1971  0       13.7   41.5   25     
14/07/1971  0       12.3   39.5   26.5   
15/07/1971  5.3     12.8   38     25     
16/07/1971  10.8    10.5   36     21.5   
17/07/1971  3.6     9.5    37.5   22.5   
18/07/1971  0       9.2    38.5   23     
19/07/1971  0       8.6    39     25     
20/07/1971  0       11.4   41.5   26     
21/07/1971  1.5     12.1   39     25.5   
22/07/1971  0       9.4    38     24     
23/07/1971  0       9.8    39.5   25     
24/07/1971  0       11.1   39     25.5   
25/07/1971  0       12     39.5   24     
26/07/1971  0       12.6   41     24.5   
27/07/1971  10.1    11.3   41.5   26.5   
28/07/1971  2.8     10.6   38     23     
29/07/1971  6       9.4    38.5   22.5   
30/07/1971  4.5     10.1   40     24     
31/07/1971  0       9.9    38     20.5   
01/08/1971  0       10.4   40     24     
02/08/1971  0       11.8   39.5   21     
03/08/1971  10.4    8.4    36     23.5   
04/08/1971  0       8.5    37     22     
05/08/1971  0       10.2   40     23     
06/08/1971  0       8.2    39.5   24.5   
07/08/1971  0.5     9.7    39.5   24     
08/08/1971  0       9      40     23.5   
09/08/1971  2.8     7.5    39     23.5   
10/08/1971  32.5    8.1    34     23     
11/08/1971  1.5     4.4    32.5   19.5   
12/08/1971  11.2    6.4    34.5   21     
13/08/1971  0       5.6    32     19     
14/08/1971  4       6.2    35.5   20.5   
15/08/1971  4.5     7.6    36.5   23.5   
16/08/1971  10.3    7.9    37     22     
17/08/1971  0       5.7    34.5   20     
18/08/1971  2       5      33     22     
19/08/1971  1.6     4.2    29     23.5   
20/08/1971  16.7    3.8    28.5   22.5   
21/08/1971  6.3     3.2    30     21     
22/08/1971  0.2     5.8    33.5   20.5   
23/08/1971  0       5.5    38     21.5   
24/08/1971  0       6.3    37     21.5   
25/08/1971  4.8     8.9    37     23     
26/08/1971  0       7.7    37.5   22     
27/08/1971  0       8      38.5   23.5   
28/08/1971  0.5     7.2    39     24     
29/08/1971  0       6.5    40     24     
30/08/1971  0       7.4    40.5   24.5   
31/08/1971  1       8.8    39.5   24.5   
01/09/1971  0       8.2    37.5   22     
02/09/1971  0       7.6    37     22.5   
03/09/1971  0       7.9    36     23.5   
04/09/1971  0       7.2    36.5   23     
05/09/1971  0       7.7    37     22     
06/09/1971  6.2     7.4    37.5   22.5   
07/09/1971  0       6.4    37.5   24     
08/09/1971  0       8.9    39     23     
09/09/1971  1       6.3    40.5   25     
10/09/1971  0       7.2    40     22.5   
11/09/1971  1       7.6    42.5   22     
12/09/1971  0       8.2    42     24     
13/09/1971  0       8.5    42.5   23.5   
14/09/1971  0       8.8    40.5   20.5   
15/09/1971  0       9.9    40     19.5   
16/09/1971  0       8.1    40     20     
17/09/1971  0       7.5    38     21.5   
18/09/1971  8.6     2      36     21.5   
19/09/1971  0       6.9    33     16.5   
20/09/1971  0       7.3    34     12     
21/09/1971  0       6.7    34.5   13.5   
22/09/1971  0       7.5    33.5   14.5   
23/09/1971  0       6.4    34     13.5   
24/09/1971  0       7.7    32.5   16     
25/09/1971  0       8.1    33.5   14.5   
26/09/1971  0       7.2    33     16     
27/09/1971  0       6.9    33.5   14.5   
28/09/1971  0       5.6    35     12     
29/09/1971  35.4    4.8    32     17     
30/09/1971  11.7    3.5    24.5   18     
01/10/1971  2.3     6.7    30     16     
02/10/1971  0       7      30.5   13     
03/10/1971  0       5.1    31.5   11.5   
04/10/1971  0       5.4    32     11.5   
05/10/1971  2       6.6    33.5   15     
06/10/1971  1.3     5.1    32.5   18.5   
07/10/1971  0       5.3    31     16.5   
08/10/1971  0       4.8    32     16     
09/10/1971  0       6.3    34.5   17     
10/10/1971  0       6.1    35     20     
11/10/1971  0       5.6    33     17     
12/10/1971  0       5.1    34     17.5   
13/10/1971  0       7.3    36     15.5   
14/10/1971  0       6.3    35     16     
15/10/1971  0       7.4    31     18.5   
16/10/1971  7.9     6.9    22.5   17.5   
17/10/1971  0.4     3.7    20     12.5   
18/10/1971  0       3.5    19.5   8      
19/10/1971  0       3.3    24     7      
20/10/1971  0       6      28     10.5   
21/10/1971  0       5.2    29.5   9.5    
22/10/1971  0       4.4    31     12     
23/10/1971  0       4.2    30     12.5   
24/10/1971  1.6     4.2    21.5   16     
25/10/1971  0       3.7    19.5   11     
26/10/1971  0       3.6    21     4.5    
27/10/1971  0       3.8    26     7      
28/10/1971  0       5.2    25.5   8.5    
29/10/1971  0       4.7    17     7      
30/10/1971  0       4.4    19.5   3.5    
31/10/1971  0       4      22     1.5    
01/11/1971  0       3.7    22.5   3      
02/11/1971  0       5.6    25     2.5    
03/11/1971  0       5.3    29     7      
04/11/1971  0       5.8    31     9      
05/11/1971  0       4.5    29.5   9      
06/11/1971  0       4.2    29     10.5   
07/11/1971  0       4.1    27     7.5    
08/11/1971  0       3.5    28.5   7      
09/11/1971  0       4.4    30.5   8.5    
10/11/1971  0       4.8    31     9      
11/11/1971  0       4.5    32.5   11     
12/11/1971  0       5.1    27.5   9.5    
13/11/1971  0       3.3    24     7.5    
14/11/1971  0       3.6    23.5   4.5    
15/11/1971  20      3.2    18.5   10.5   
16/11/1971  2.5     2.8    13.5   8      
17/11/1971  0       1      17.5   2.5    
18/11/1971  0       3      17     0.5    
19/11/1971  0       3.1    22.5   5      
20/11/1971  0       3.9    19.5   4.5    
21/11/1971  0       2.2    20     6.5    
22/11/1971  0       3.9    21     3      
23/11/1971  0       2      22     4.5    
24/11/1971  0       3.4    24.5   7.5    
25/11/1971  0       2.4    24     5.5    
26/11/1971  0       3.2    25     6.5    
27/11/1971  0       3.4    24.5   4      
28/11/1971  0       3.3    23     5      
29/11/1971  0       3.3    26.5   6      
30/11/1971  0       2.2    21.5   9.5    
01/12/1971  0       2.7    18.5   2.5    
02/12/1971  0       2      19.5   2      
03/12/1971  3       2.2    14.5   3      
04/12/1971  21.6    0.7    12     4      
05/12/1971  0       1.5    16     3.5    
06/12/1971  0.5     2.1    19     1      
07/12/1971  6.2     2      13.5   3.5    
08/12/1971  0       1.7    10     2.5    
09/12/1971  0       2.5    12     -3.5   
10/12/1971  0       1.3    17     -1     
11/12/1971  0       1.8    15     -1.5   
12/12/1971  0       2.3    16.5   0.5    
13/12/1971  8.1     1.9    17.5   -0.5   
14/12/1971  0       1.7    14     -2     
15/12/1971  0       1.6    18     -1     
16/12/1971  0       2.2    15     -0.5   
17/12/1971  0       3      15.5   1.5    
18/12/1971  0       2.2    17     3.5    
19/12/1971  0       2.6    17     1      
20/12/1971  0       1.9    20     3      
21/12/1971  0       2.1    20.5   4      
22/12/1971  0       1.7    24     7      
23/12/1971  0       1.7    23     4      
24/12/1971  0       3      26     4.5    
25/12/1971  0       2.3    26.5   5      
26/12/1971  3.3     1.7    17     6.5    
27/12/1971  0       1.6    17     2.5    
28/12/1971  1       0.8    13.5   3      
29/12/1971  0       1.2    16     3.5    
30/12/1971  0       2.7    16.5   0      
31/12/1971  0       1.2    14.5   3.5    
01/01/1972  0       1.3    15     4.5    
02/01/1972  0       2.2    17     4      
03/01/1972  0       2.1    18     3.5    
04/01/1972  0       2.4    12     1      
05/01/1972  0       2.6    16.5   -2     
06/01/1972  0       1.4    19     -1.5   
07/01/1972  0       2.3    20     1      
08/01/1972  0       3.1    16     5      
09/01/1972  0       1.1    17     4      
10/01/1972  0       2.9    19     2.5    
11/01/1972  0       3.1    24     4      
12/01/1972  0       2.9    23     4.5    
13/01/1972  0       3.2    23.5   5      
14/01/1972  0       1.7    23     5      
15/01/1972  0       3.9    24     6      
16/01/1972  0       1.1    24.5   7.5    
17/01/1972  0       3.3    22     7      
18/01/1972  0       3.2    23     6.5    
19/01/1972  0       2.7    22     5      
20/01/1972  0       3.6    22.5   6      
21/01/1972  0       2.4    23     5      
22/01/1972  0       2.7    23     5.5    
23/01/1972  0       2.6    27     5      
24/01/1972  0       3.1    24     5.5    
25/01/1972  0       2.5    25     6      
26/01/1972  0       2.9    22     8.5    
27/01/1972  0       3.8    21     5      
28/01/1972  0       2.6    23     2.5    
29/01/1972  0       3.1    22     3      
30/01/1972  0       3.4    20.5   1      
31/01/1972  0       2.6    19     2      
01/02/1972  0       1.7    12     2      
02/02/1972  0       1.5    17     1      
03/02/1972  0       3.9    23     3      
04/02/1972  0       5.9    21     3.5    
05/02/1972  0       5.9    20     4      
06/02/1972  0       6.2    22     4.5    
07/02/1972  0       5.2    24     6      
08/02/1972  0       5.5    24.5   5.5    
09/02/1972  0       6.2    23.5   6.5    
10/02/1972  0       5.7    25     5      
11/02/1972  0       4.2    24     4      
12/02/1972  0       4.7    23.5   6      
13/02/1972  0       5.3    24     4      
14/02/1972  0       4.5    23     3.5    
15/02/1972  0       5.1    23.5   2      
16/02/1972  0       4.7    24     3      
17/02/1972  0       5.4    28     2      
18/02/1972  0       2.8    29     3.5    
19/02/1972  0       5.8    27     6      
20/02/1972  0       4.4    28     5      
21/02/1972  0       3.6    29     7      
22/02/1972  0       4.1    28     7.5    
23/02/1972  0       5.9    29     6      
24/02/1972  0       4.8    29.5   5      
25/02/1972  0       3.2    30     8.5    
26/02/1972  0       4.6    29.5   8      
27/02/1972  0       4.9    32     9      
28/02/1972  0       4.6    32.5   8.5    
29/02/1972  0       4.4    32     8      
01/03/1972  0       9.8    32     10     
02/03/1972  0       8      27.5   7      
03/03/1972  0       9      27     9      
04/03/1972  0       8.8    31     10.5   
05/03/1972  0       9.5    32     13.5   
06/03/1972  0       10.1   32.5   11.5   
07/03/1972  0       9      32.5   10.5   
08/03/1972  0       9      32     11     
09/03/1972  0       9.6    32     10.5   
10/03/1972  0       8.8    33     12.5   
11/03/1972  0       10     34     12     
12/03/1972  0       9.8    33.5   10.5   
13/03/1972  0       7.9    32.5   11     
14/03/1972  0       10.1   33     11.5   
15/03/1972  0       8.8    32.5   10     
16/03/1972  0       8.6    31.5   12     
17/03/1972  0       8.9    33.5   10.5   
18/03/1972  0       9      31.5   11     
19/03/1972  0       8.8    30.5   12     
20/03/1972  0       8.8    30     10.5   
21/03/1972  0       6.9    30.5   11.5   
22/03/1972  0       6.9    29.5   14     
23/03/1972  0       8.9    29     10.5   
24/03/1972  0       7.8    30     10     
25/03/1972  0       6.4    28     9.5    
26/03/1972  0       7.5    22     10     
27/03/1972  0       7.2    22     6.5    
28/03/1972  0       7.8    22.5   3.5    
29/03/1972  0       6.4    23     5.5    
30/03/1972  0       5.9    23.5   5      
31/03/1972  0       5.7    26.5   9.5    
01/04/1972  0       9      26.5   10     
02/04/1972  0       7.3    31     7.5    
03/04/1972  0       8.2    31.5   11     
04/04/1972  0       10.2   32.5   10.5   
05/04/1972  0       10.7   33     15     
06/04/1972  0       7.3    31.5   11.5   
07/04/1972  0       9.4    33     12     
08/04/1972  0       9.1    32.5   10     
09/04/1972  0       8.3    33     11.5   
10/04/1972  0       9.4    35     11.5   
11/04/1972  0       10.4   33.5   15.5   
12/04/1972  0       4      32     19     
13/04/1972  0       8.2    28     18     
14/04/1972  0       9.5    24.5   10.5   
15/04/1972  0       9      20.5   9      
16/04/1972  0       9      25.5   11     
17/04/1972  0       10.5   31.5   12.5   
18/04/1972  0       9.7    28     11     
19/04/1972  0       7      23.5   12.5   
20/04/1972  0       7.4    22.5   13.5   
21/04/1972  0       7.3    26     14.5   
22/04/1972  0       7      31.5   13     
23/04/1972  0       9.1    33.5   13.5   
24/04/1972  0       9.1    33.5   12.5   
25/04/1972  0       8.2    29.5   11     
26/04/1972  0       8.6    32     10.5   
27/04/1972  0       9.4    31     12     
28/04/1972  0       9.7    32.5   10     
29/04/1972  0       10.8   33     10.5   
30/04/1972  0       9.1    32     11.5   
01/05/1972  0       8.6    33     12     
02/05/1972  0       10.9   35     10.5   
03/05/1972  0       11.9   36.5   9.5    
04/05/1972  0       9.9    31.5   10.5   
05/05/1972  0       7.8    30     10     
06/05/1972  0       8.3    29     11.5   
07/05/1972  0       9.8    29.5   9      
08/05/1972  0       9.2    32.5   10.5   
09/05/1972  0       10.2   32     11     
10/05/1972  0       9.4    31.5   13     
11/05/1972  0       11.3   32     12     
12/05/1972  0       10.4   35     12     
13/05/1972  0       11.4   31.5   10     
14/05/1972  0       12.3   36.5   14.5   
15/05/1972  0       11.8   36     14     
16/05/1972  0       12.9   37     14     
17/05/1972  0       9.1    37     12     
18/05/1972  0       8.6    29.5   11.5   
19/05/1972  0       9      27     9.5    
20/05/1972  0       9.3    26.5   10     
21/05/1972  0       10     35     8      
22/05/1972  0       9.5    34     7      
23/05/1972  0       10.1   30     7.5    
24/05/1972  0       8.7    32     8      
25/05/1972  0       10     33.5   11.5   
26/05/1972  0       9.2    33.5   10     
27/05/1972  0       8.7    30     9      
28/05/1972  0       8.2    31.5   10.5   
29/05/1972  0       7.1    32     12.5   
30/05/1972  0       7.8    33     14     
31/05/1972  0       8.6    30.5   15.5   
01/06/1972  0       10.3   35     13     
02/06/1972  0       11.9   35     20     
03/06/1972  0       13.7   34     22     
04/06/1972  0       10.6   32     22     
05/06/1972  0       9      30.5   21.5   
06/06/1972  12.8    5      34.5   18.5   
07/06/1972  0       5.5    32.5   19     
08/06/1972  0       9.7    32.5   18.5   
09/06/1972  0       10.8   32     19     
10/06/1972  0       10.6   32.5   20.5   
11/06/1972  0       12.4   31     22.5   
12/06/1972  0       14.2   37     23     
13/06/1972  0       12.6   36     24     
14/06/1972  0       11     34.5   23     
15/06/1972  0       12     36     21     
16/06/1972  0       12.2   38     17.5   
17/06/1972  0       10.6   39     20.5   
18/06/1972  0       9      41.5   23.5   
19/06/1972  0       14.4   41     24     
20/06/1972  0       13.3   39     25     
21/06/1972  0       9.8    32     21.5   
22/06/1972  0       11.2   38.5   19.5   
23/06/1972  0       13     33     19     
24/06/1972  0       14.4   31.5   15     
25/06/1972  0       15.6   36     16.5   
26/06/1972  0       16.7   37.5   17.5   
27/06/1972  0       14.6   41.5   17.5   
28/06/1972  0       12.5   42     18     
29/06/1972  0       13.2   43.5   18.5   
30/06/1972  16.5    14.2   41.5   18.5   
--------------------------------------
