CNA-SMN-CG-GMC-SMAA-CLIMATOLOGIA
BASE DE DATOS CLIMATOLOGICA
DATOS DISPONIBLES EN LA BASE DE DATOS A MARZO 2023

ESTACION  : 20243
NOMBRE    : E.T.A. 050 ZAACHILA
ESTADO    : OAXACA
MUNICIPIO : VILLA DE ZAACHILA
SITUACION : SUSPENDIDA
ORGANISMO : CONAGUA-DGE
CVE-OMM   : Nulo
LATITUD   : 016.967°
LONGITUD  : -96.817°
ALTITUD   : 1518 msnm

EMISIÓN   : 13/03/2023

            PRECIP  EVAP   TMAX   TMIN   
  Fecha     (MM)    (MM)   (°C)   (°C)   
01/01/2003  0       6.1    28.5   7      
02/01/2003  0       3.2    29.5   7.5    
03/01/2003  0       3.4    28.5   9      
04/01/2003  0       3.2    29     7      
05/01/2003  0       2.8    29.5   5      
06/01/2003  0       3.2    29     7      
07/01/2003  0       5.6    26     7      
08/01/2003  0       6.7    26.5   8      
09/01/2003  0       3.1    29     4.5    
10/01/2003  0       4.4    29.5   5.5    
11/01/2003  0       5.2    29     7      
12/01/2003  0       4.9    29     7.5    
13/01/2003  0       6.1    27.5   5      
14/01/2003  0       4.3    25     9.5    
15/01/2003  0       6.5    25     6      
16/01/2003  0       4.1    28     5      
17/01/2003  0       4.2    27.5   6.5    
18/01/2003  0       6.2    28     5      
19/01/2003  0       5.3    27     4      
20/01/2003  0       6.1    28     4      
21/01/2003  0       5.9    29     4.5    
22/01/2003  0       4.3    29.5   4.5    
23/01/2003  0       3.9    25     6      
24/01/2003  0       4      25.5   7      
25/01/2003  0       5.2    27     7.5    
26/01/2003  0       6.1    28     5      
27/01/2003  0       4.3    29     4      
28/01/2003  0       6.8    27.5   4.5    
29/01/2003  0       3.6    29.5   4.5    
30/01/2003  0       2.4    28     5.5    
31/01/2003  0       3.2    27     8.5    
01/02/2003  0       5.1    29     6      
02/02/2003  0       6.2    30     7      
03/02/2003  0       4.3    30     7      
04/02/2003  0       5.1    30     8      
05/02/2003  0       4.2    30     7      
06/02/2003  0       6.1    30     7.5    
07/02/2003  0       6.3    30     8      
08/02/2003  0       5.4    29.5   7      
09/02/2003  0       8.1    30     7.5    
10/02/2003  0       6.2    29.5   8      
11/02/2003  0       4.1    30     7.5    
12/02/2003  0       4.2    29     8      
13/02/2003  0       5.3    30     7.5    
14/02/2003  0       6.4    30     7.5    
15/02/2003  0       5.6    29     7      
16/02/2003  0       5.3    29.5   8      
17/02/2003  0       7      28     7.5    
18/02/2003  0       2.1    30     6      
19/02/2003  0       5      30     6.5    
20/02/2003  0       6.1    29.5   7.5    
21/02/2003  0       5.2    29     6.5    
22/02/2003  0       8      30     7      
23/02/2003  0       2.3    30     6.5    
24/02/2003  0       5.4    30     6      
25/02/2003  0       6.1    29.5   6      
26/02/2003  0       4.2    29     7.5    
27/02/2003  0       6.2    29.5   8      
28/02/2003  0       5.4    30     7.5    
01/03/2003  0       5.1    34     8      
02/03/2003  0       7.1    28     10     
03/03/2003  0       4.2    35     9      
04/03/2003  0       6.2    33.5   9.5    
05/03/2003  0       5.3    35     8.5    
06/03/2003  0       7.3    35     9      
07/03/2003  0       5.1    35     9.5    
08/03/2003  0       7.1    36     10     
09/03/2003  0       4.2    36     9      
10/03/2003  0       5.3    32     9.5    
11/03/2003  0       7.2    32.5   10.5   
12/03/2003  0       4.2    33     13     
13/03/2003  0       5.1    33     12.5   
14/03/2003  0       6.2    32.5   11     
15/03/2003  0       7.6    32     11.5   
16/03/2003  0       3.2    32.5   8      
17/03/2003  0       5.1    32     11.5   
18/03/2003  0       5.1    33.5   8      
19/03/2003  0       5.2    33.5   7.5    
20/03/2003  0       6.3    32.5   6.5    
21/03/2003  0       3.2    33.5   8      
22/03/2003  0       6.1    34     7      
23/03/2003  0       6.1    33.5   7.5    
24/03/2003  0       5.2    33     8      
25/03/2003  0       4.2    34     9      
26/03/2003  0       8      33.5   9.5    
27/03/2003  0       3.2    33     8.5    
28/03/2003  0       5.4    32.5   8.5    
29/03/2003  0       4.8    32     9.5    
30/03/2003  0       5.2    30     10     
31/03/2003  0       5.3    29     6.5    
01/04/2003  0       6.1    30.5   6.5    
02/04/2003  0       4.2    34     8      
03/04/2003  0       2.3    33     10.5   
04/04/2003  0       6.1    34     11     
05/04/2003  0       3.2    36.5   12     
06/04/2003  0       5.2    37     11.5   
07/04/2003  0       5.1    37     10     
08/04/2003  7       6.1    35     10     
09/04/2003  0       5.2    30     9.5    
10/04/2003  0       7.1    31     9      
11/04/2003  2.4     5.1    30     9.5    
12/04/2003  4.9     5.6    33     9      
13/04/2003  7.1     5.6    32     12     
14/04/2003  6.2     7.6    32     13     
15/04/2003  0       4.1    32.5   15     
16/04/2003  0       6.3    34     11.5   
17/04/2003  0       5.5    35     13     
18/04/2003  0       4.2    35.5   12     
19/04/2003  0       7.2    34.5   14     
20/04/2003  0       4.3    35     13     
21/04/2003  0       6.2    36     15     
22/04/2003  0       3.2    35.5   14     
23/04/2003  0       6.5    36     13     
24/04/2003  0       5.2    37     15     
25/04/2003  0       6.1    36.5   16     
26/04/2003  0       4.1    37     15     
27/04/2003  0       4.3    37.5   14     
28/04/2003  0       5.4    36     16     
29/04/2003  0       5.3    37     15     
30/04/2003  0       6.2    35     15     
01/05/2003  0       7.2    37     13     
02/05/2003  0       6.1    36.5   15     
03/05/2003  0       6.2    36     13.5   
04/05/2003  0       6.1    37.5   14     
05/05/2003  0       4.2    36     15.5   
06/05/2003  0       2.1    36     14.5   
07/05/2003  0       6.3    36     14.5   
08/05/2003  0       6.4    36.5   15.5   
09/05/2003  0       5.2    37     16     
10/05/2003  0       5.4    34.5   16     
11/05/2003  0       7.6    32     17     
12/05/2003  0       3      34     14.5   
13/05/2003  0       5.9    31.5   15     
14/05/2003  1.9     6.2    33     15.5   
15/05/2003  5       6.7    30     15     
16/05/2003  2.7     7.1    28     12     
17/05/2003  0       3.2    33     15     
18/05/2003  0       6.2    33     14     
19/05/2003  0       7.1    33     14.5   
20/05/2003  0       3      33.5   15     
21/05/2003  0       4.2    28.5   15     
22/05/2003  0       5.6    30     15     
23/05/2003  0       4.5    32     15.5   
24/05/2003  0.5     6.3    33     14     
25/05/2003  0       5.5    32     14     
26/05/2003  17.5    5.4    31.5   15     
27/05/2003  15.5    5.1    31.5   15.5   
28/05/2003  0       6.3    32     15     
29/05/2003  0       7.3    29     14     
30/05/2003  0       5.2    28.5   13     
31/05/2003  0       4.3    30     13     
01/06/2003  0       5.1    32     10     
02/06/2003  5.3     4.3    30     13     
03/06/2003  0       6.4    31     14     
04/06/2003  4.2     6.2    29.5   15     
05/06/2003  4.5     8.5    28.5   16     
06/06/2003  3.4     4.4    32     16     
07/06/2003  0       2.1    31     16.5   
08/06/2003  15.7    6.7    30     16     
09/06/2003  6       3.2    30     17     
10/06/2003  3       5.2    28     16.5   
11/06/2003  0       4.3    30.5   16     
12/06/2003  2.2     6.2    31.5   16.5   
13/06/2003  0       4.3    32     15.5   
14/06/2003  0       5.2    32     15     
15/06/2003  6       7      31.5   15     
16/06/2003  20.5    3.5    29     16     
17/06/2003  0       6.2    27.5   14     
18/06/2003  14.3    4.3    28     15     
19/06/2003  0       4.7    25     16     
20/06/2003  19      7.2    27     17     
21/06/2003  25      6.2    28     16.5   
22/06/2003  0       2.1    28     16     
23/06/2003  13.7    4.7    29     17     
24/06/2003  7.3     4.3    29.5   16.5   
25/06/2003  8.7     5.7    27     15     
26/06/2003  19.5    5.5    25     15.5   
27/06/2003  7       6.1    27     15     
28/06/2003  5.5     3.5    28     15     
29/06/2003  12      5.4    28.5   16     
30/06/2003  0       5.4    26.5   16     
01/07/2003  0       5.1    27.5   16     
02/07/2003  0       4.1    29     14.5   
03/07/2003  42.5    7.5    29     15     
04/07/2003  0       4.2    29.5   15.5   
05/07/2003  0       4.4    30     15     
06/07/2003  11.8    5.8    29.5   15     
07/07/2003  28.6    5.6    27     15     
08/07/2003  8.5     4.5    26.5   16     
09/07/2003  2       7.3    27     14     
10/07/2003  0       3.1    27     13.5   
11/07/2003  0       7      30     13     
12/07/2003  0       3.3    28.5   14     
13/07/2003  0       10     29.5   13.5   
14/07/2003  0       2      30     14     
15/07/2003  0       3.1    29     12     
16/07/2003  9.7     7.7    30     13     
17/07/2003  0       2.6    31     12     
18/07/2003  0       5.4    29     14     
19/07/2003  0       4.2    30     13     
20/07/2003  0       3.2    29     12     
21/07/2003  0       8.2    28     13     
22/07/2003  0       6.8    31     12     
23/07/2003  7       6.1    29     13     
24/07/2003  2.4     4.4    30     13     
25/07/2003  0       3.3    28     12     
26/07/2003  0       8.1    29     11     
27/07/2003  0       3.2    30     12     
28/07/2003  0       5.4    29     12     
29/07/2003  0       7.1    28     13     
30/07/2003  0       3.1    29     12     
31/07/2003  0       5.2    30     11     
01/08/2003  1       5.1    30     12     
02/08/2003  0       4.3    31     12     
03/08/2003  0       6.2    32     11.5   
04/08/2003  0       5.1    30     12     
05/08/2003  0       7.1    31.5   12.5   
06/08/2003  0       3.6    30     13     
07/08/2003  0       6.3    31     11     
08/08/2003  0       6.2    29     13     
09/08/2003  3       4.2    30     12     
10/08/2003  0       5.3    22     11     
11/08/2003  0       6.2    26     12     
12/08/2003  1       4.3    32     10     
13/08/2003  5       4.1    28.5   11.5   
14/08/2003  0       5.2    28     12     
15/08/2003  0       4.2    29     13     
16/08/2003  0       6.3    28.5   13     
17/08/2003  2       5.2    20.5   11.5   
18/08/2003  0       5.2    27     12     
19/08/2003  4.5     6.5    31     13     
20/08/2003  2       4.2    30     13.5   
21/08/2003  3.7     4.7    28     14     
22/08/2003  0       5.2    30     12     
23/08/2003  15.2    9.2    29     12     
24/08/2003  0       1      26     11     
25/08/2003  0       6.3    26.5   12     
26/08/2003  1       5.5    28.5   13     
27/08/2003  0       5.4    30.5   13     
28/08/2003  0       6.2    31     12.5   
29/08/2003  0       4.3    30     13     
30/08/2003  7.2     5.2    29     13     
31/08/2003  9       7.1    29     12     
01/09/2003  1       6.1    29     17     
02/09/2003  8       7.3    29.5   16     
03/09/2003  0       7.1    29     16     
04/09/2003  3.2     7.2    30.5   16     
05/09/2003  1.8     5.8    30     16     
06/09/2003  0       5.3    31.5   16     
07/09/2003  17.5    5.5    26     16.5   
08/09/2003  0       5.4    28.5   15     
09/09/2003  0       7.1    27.5   15.5   
10/09/2003  0       3.2    30     12.5   
11/09/2003  3       5.4    29     12     
12/09/2003  18      5.2    28     13     
13/09/2003  30      7.2    29     14     
14/09/2003  16      3.3    28.5   13.5   
15/09/2003  0       5.3    29.5   14     
16/09/2003  26      7.2    28     13.5   
17/09/2003  0       3.2    29.5   13.5   
18/09/2003  0       5.4    30     14     
19/09/2003  0       6.1    29     13     
20/09/2003  0       4.3    30.5   13.5   
21/09/2003  18      5.3    29     12.5   
22/09/2003  3       7.3    27     14     
23/09/2003  0       3.2    28     13.5   
24/09/2003  0       5.4    30     13     
25/09/2003  3       4.6    29.5   12.5   
26/09/2003  7       6.4    31     14     
27/09/2003  15      6.6    29     15     
28/09/2003  1       3.2    28     14     
29/09/2003  0       5.4    30     13     
30/09/2003  0       5.2    28     13.5   
01/10/2003  0       4.2    28.5   11.5   
02/10/2003  20      3      29     12     
03/10/2003  3.3     5.3    27.5   13     
04/10/2003  1.2     4.2    28     13.5   
05/10/2003  0       5.1    27.5   14     
06/10/2003  4       6.8    27     15     
07/10/2003  8.5     6      24.5   14     
08/10/2003  8.5     5.3    27     13.5   
09/10/2003  7       6.9    26     14     
10/10/2003  0       7      29.5   13.5   
11/10/2003  0       2.2    30     14     
12/10/2003  1.5     4.6    29.5   13.5   
13/10/2003  0       3.8    29     14     
14/10/2003  0       4.1    29.5   15     
15/10/2003  0       5.6    30     15     
16/10/2003  0       3.9    29     14     
17/10/2003  0       4.2    29     14.5   
18/10/2003  0       5      29.5   13     
19/10/2003  0       6.5    28     12.5   
20/10/2003  0       2.8    27.5   13.5   
21/10/2003  0       4.2    27     12     
22/10/2003  0       2.3    28     11     
23/10/2003  0       6.6    28.5   11.5   
24/10/2003  0       7.1    30     12     
25/10/2003  0       5.2    31     10     
26/10/2003  0       4.9    29     11     
27/10/2003  0       3.7    27     12.5   
28/10/2003  0       4.6    29     12.5   
29/10/2003  12      5.2    29.5   12     
30/10/2003  0       6.3    29.5   12     
31/10/2003  0       3.9    28     14.5   
01/11/2003  6.5     7.5    27     12     
02/11/2003  0       3.2    28     10     
03/11/2003  0       5.2    28.5   9      
04/11/2003  0       6.3    30     10     
05/11/2003  0       4.2    29     12     
06/11/2003  0       5.1    29     11     
07/11/2003  0       7.4    27     8      
08/11/2003  0       3.2    23     12     
09/11/2003  0       2.1    24     13     
10/11/2003  0       4.1    26     13     
11/11/2003  0       5.2    25.5   14.5   
12/11/2003  1       4.3    26.5   12     
13/11/2003  0       6.5    26.5   12     
14/11/2003  0       6.1    28     10     
15/11/2003  0       4.2    30     8      
16/11/2003  0       7      24.5   10     
17/11/2003  0       2.2    31     9.5    
18/11/2003  0       4.3    33     9.5    
19/11/2003  0       6.4    25     11.5   
20/11/2003  0       4.6    28     10     
21/11/2003  0       5.9    29     8      
22/11/2003  0       5.4    33     7      
23/11/2003  0       4      28.5   5      
24/11/2003  0       5.2    27     7.5    
25/11/2003  0       4.3    29.5   6      
26/11/2003  0       6.5    31     7      
27/11/2003  0       6.3    31.5   8.5    
28/11/2003  0       4.2    27     6      
29/11/2003  0       5.1    24     7      
30/11/2003  0       4.6    27     5      
01/12/2003  0       4.7    26.5   6      
02/12/2003  0       4.3    23.5   7      
03/12/2003  0       4      27     6      
04/12/2003  0       5.3    27     4      
05/12/2003  0       3.9    25     5.5    
06/12/2003  0       3.9    26     5      
07/12/2003  0       4.7    25.5   4      
08/12/2003  0       3.7    27.5   5.5    
09/12/2003  0       4.1    27     5.5    
10/12/2003  0       3.9    26.5   5      
11/12/2003  0       4.2    27     6      
12/12/2003  0       4.2    26.5   5      
13/12/2003  0       5      27     5      
14/12/2003  0       5.1    27.5   4.5    
15/12/2003  0       5      27     4      
16/12/2003  0       6.4    27.5   5.5    
17/12/2003  0       4.5    25     4      
18/12/2003  0       4.4    25     4      
19/12/2003  0       3.7    27     5      
20/12/2003  0       4.3    25     4      
21/12/2003  0       4.3    24     4      
22/12/2003  0       4      26     4      
23/12/2003  0       4      25     5      
24/12/2003  0       3.6    25     4      
25/12/2003  0       4.8    26     5      
26/12/2003  0       5      26.5   4.5    
27/12/2003  0       3.9    27     4      
28/12/2003  0       4.2    27     4      
29/12/2003  0       4.7    27.5   5      
30/12/2003  0       2.9    27     6      
31/12/2003  0       4.1    26     6.5    
01/01/2004  0       2.8    28     6      
02/01/2004  0       4.1    29     6      
03/01/2004  0       4.1    28     7      
04/01/2004  0       3.9    29     6      
05/01/2004  0       3.4    29     5      
06/01/2004  0       3.1    27     6      
07/01/2004  0       3      25.5   8      
08/01/2004  0       5.2    28     10     
09/01/2004  0       4.2    29     7.5    
10/01/2004  0       3      22     8      
11/01/2004  0       2.6    22     7.5    
12/01/2004  0       3.4    26.5   3      
13/01/2004  0       5.5    25     3.5    
14/01/2004  0       3.9    25     7.5    
15/01/2004  0       4      28.5   8.5    
16/01/2004  7.1     4.2    25.5   10     
17/01/2004  0       4.6    26     10     
18/01/2004  0       5.4    29     10     
19/01/2004  0       4.2    27.5   6.5    
20/01/2004  0       4.7    28.5   4      
21/01/2004  0       4.1    29     5      
22/01/2004  0       4.4    29     7      
23/01/2004  0       5.9    29.5   7.5    
24/01/2004  0       4.1    29     7      
25/01/2004  0       4      28.5   7.5    
26/01/2004  0       2.1    29.5   6.5    
27/01/2004  0       5.8    29     7.5    
28/01/2004  0       5.1    29     7      
29/01/2004  0       4.1    28     7      
30/01/2004  0       4.8    26     7      
31/01/2004  0       4      27     9      
01/02/2004  0       6.4    28     5      
02/02/2004  0       5.7    30     4      
03/02/2004  0       5.6    28.5   5      
04/02/2004  0       5.6    29.5   7      
05/02/2004  0       5.6    30     7.5    
06/02/2004  0       4      30     8      
07/02/2004  0       4.2    29.5   8      
08/02/2004  0       4      28     7      
09/02/2004  0       5.5    29.5   6      
10/02/2004  0       4.6    29     7      
11/02/2004  0       6.8    29.5   7.5    
12/02/2004  0       5      29.5   7.5    
13/02/2004  0       4.9    29     8      
14/02/2004  0       4.3    30     8      
15/02/2004  0       7.4    29.5   8      
16/02/2004  7       5.9    29.5   7      
17/02/2004  0       6.2    25     8      
18/02/2004  0       4.3    24     7.5    
19/02/2004  0       6.2    30     6.5    
20/02/2004  0       5.5    30     6      
21/02/2004  0       5.3    29.5   8      
22/02/2004  0       6.3    28     8      
23/02/2004  0       4.9    29     8      
24/02/2004  0       5.3    29.5   8      
25/02/2004  0       6.4    29     7      
26/02/2004  0       5.6    28.5   8      
27/02/2004  0       6.4    30     7      
28/02/2004  0       6.2    28     7      
29/02/2004  0       6.9    30     8      
01/03/2004  0       6.8    33.5   9      
02/03/2004  0       6.8    33     10     
03/03/2004  0       7.1    33     12     
04/03/2004  0       7      32.5   12     
05/03/2004  0       7.3    35     11     
06/03/2004  0       6.4    33     12     
07/03/2004  0       7.6    31     13     
08/03/2004  0       7.6    27     12.5   
09/03/2004  0       5.2    28.5   8.5    
10/03/2004  0       7.9    29     8      
11/03/2004  0       6.8    30.5   8.5    
12/03/2004  0       5.5    30     9      
13/03/2004  0       5.2    33     10     
14/03/2004  1       4.7    32     11     
15/03/2004  0       8      34     10     
16/03/2004  0       6.5    32     10.5   
17/03/2004  0       5.2    32.5   11     
18/03/2004  0       5.4    33.5   12     
19/03/2004  0       7.5    31.5   13     
20/03/2004  0       7.5    28     12.5   
21/03/2004  0       7.7    27     11     
22/03/2004  0       7      28.5   11     
23/03/2004  0       5.8    28     12     
24/03/2004  0       7.7    32     11     
25/03/2004  0       7.3    33     10.5   
26/03/2004  0       7.3    32     13     
27/03/2004  0       6.6    31     10     
28/03/2004  5       5.1    31     9      
29/03/2004  0       5      28.5   10     
30/03/2004  1.2     4.3    26.5   12     
31/03/2004  4.5     5.4    26.5   12     
01/04/2004  0       4.5    28     12     
02/04/2004  0       5.9    32     12     
03/04/2004  0       6.1    29     12     
04/04/2004  0       5      31     10     
05/04/2004  0       5.1    32     11     
06/04/2004  0       6.4    33     11     
07/04/2004  0       6.3    30.5   12     
08/04/2004  0       5.2    30     11     
09/04/2004  0       8      31     12     
10/04/2004  0       5.6    32.5   10     
11/04/2004  0       7.3    31     11.5   
12/04/2004  0       5.2    33     12     
13/04/2004  0       6.5    35.5   11     
14/04/2004  0       5.1    33.5   10     
15/04/2004  0       3.3    34     10.5   
16/04/2004  0       6.8    35.5   11     
17/04/2004  0       8.1    35     9      
18/04/2004  0       6      31     10     
19/04/2004  0       7.2    32     9      
20/04/2004  0       7.7    32     7      
21/04/2004  0       8.2    33     8      
22/04/2004  0       7      33     12     
23/04/2004  0       8.7    34     13     
24/04/2004  0       7.9    35     11     
25/04/2004  1.2     7.7    35     12     
26/04/2004  10      8.7    34     12.5   
27/04/2004  7.5     4.4    34.5   13     
28/04/2004  0       5.2    31     11.5   
29/04/2004  2.5     5.6    34     12     
30/04/2004  2.2     7.1    32.5   12     
01/05/2004  26.5    6.4    32.5   12.5   
02/05/2004  1.5     6.6    26     13.5   
03/05/2004  0       6.4    29     13.5   
04/05/2004  0       7.5    28     12     
05/05/2004  0       3.9    28     11     
06/05/2004  0       7.1    29     12     
07/05/2004  7.7     4.8    30     13     
08/05/2004  0       5.7    29.5   12     
09/05/2004  7.5     5.8    32     12     
10/05/2004  0       6.1    31     14     
11/05/2004  5       5.5    32.5   15     
12/05/2004  0       5.2    33     15.5   
13/05/2004  2.9     4.7    32.5   14     
14/05/2004  0       6.4    33     15     
15/05/2004  0       6.1    31.5   14     
16/05/2004  0       4.6    29     14.5   
17/05/2004  0       3.8    29     13.5   
18/05/2004  0       5.5    28.5   14     
19/05/2004  0       5.2    28.5   15     
20/05/2004  6       4.8    29     14.5   
21/05/2004  4.2     5.3    29.5   14     
22/05/2004  2.4     5      32     13.5   
23/05/2004  12.2    6.1    32     14     
24/05/2004  0       6      32     15     
25/05/2004  0       8      32     11     
26/05/2004  0       3.8    32     11     
27/05/2004  0       7      31     15     
28/05/2004  0       6.2    32     14     
29/05/2004  0       8      34     13     
30/05/2004  0       6.2    30     14.5   
31/05/2004  0       6.2    31     15     
01/06/2004  0       4.3    32     17     
02/06/2004  0       3      28     15     
03/06/2004  0       3.4    28.5   13     
04/06/2004  5.2     3.1    29     13.5   
05/06/2004  1.5     5.2    27     14     
06/06/2004  2.5     5.8    23     14     
07/06/2004  6       1.9    31     15     
08/06/2004  7.5     5.2    31     15     
09/06/2004  1.5     6.2    31     15     
10/06/2004  9.3     3.1    28.5   15.5   
11/06/2004  21      4.8    28     15     
12/06/2004  0       5.6    31     14.5   
13/06/2004  0       7.2    29.5   15     
14/06/2004  6       4.2    30     15.5   
15/06/2004  1       3.8    30.5   15     
16/06/2004  0       4.3    30     15.5   
17/06/2004  0       5.1    29     15     
18/06/2004  0       5.6    29.5   14.5   
19/06/2004  0       5.2    28     13.5   
20/06/2004  0       5.6    28     12     
21/06/2004  0       5      31.5   13     
22/06/2004  0       5.3    29.5   14     
23/06/2004  0       3.9    29.5   14     
24/06/2004  4.6     5.8    31     14.5   
25/06/2004  2.6     3.7    30     16.5   
26/06/2004  0       3.8    30.5   14     
27/06/2004  0       4.9    29.5   14.5   
28/06/2004  0       5.4    29.5   14.5   
29/06/2004  0       4.6    29     14     
30/06/2004  0       5.3    29     15     
01/07/2004  0       5.1    31     14     
02/07/2004  46      5      29.5   15     
03/07/2004  0       5.7    30     13.5   
04/07/2004  26      8.8    29     14     
05/07/2004  0       5      26.5   13.5   
06/07/2004  0       5.5    29     12     
07/07/2004  8       4.1    28.5   13     
08/07/2004  5       7.6    29.5   13.5   
09/07/2004  0       4.7    27     14     
10/07/2004  7.4     5.1    27.5   15     
11/07/2004  12      5      24     14.5   
12/07/2004  0       4.8    26     14     
13/07/2004  0       5.2    28     13     
14/07/2004  0       5.3    29     11     
15/07/2004  0       5.7    30     12     
16/07/2004  13      6.3    29     11.5   
17/07/2004  20      6.6    30     12.5   
18/07/2004  0       5.2    29     12     
19/07/2004  12.7    6.7    31     13     
20/07/2004  0       4.3    29     14     
21/07/2004  3.2     5.8    30     14     
22/07/2004  2.3     5.3    30     15     
23/07/2004  0       4.9    31     13     
24/07/2004  1.4     5.3    31     14     
25/07/2004  3.6     5      30     15     
26/07/2004  3.5     5.1    30     13     
27/07/2004  0       4.6    29     11     
28/07/2004  4       5.2    29     12     
29/07/2004  5.3     7.5    30     12     
30/07/2004  1.6     6.2    32     13     
31/07/2004  0       5.4    31     14     
01/08/2004  18.8    6.8    32     15     
02/08/2004  23.4    5.9    31.5   16     
03/08/2004  4       6.4    30     15.5   
04/08/2004  0       5.2    31     14     
05/08/2004  0       5.9    33     13     
06/08/2004  3.2     5.8    30.5   14     
07/08/2004  2.9     5.6    30     12.5   
08/08/2004  0       4.7    30     12     
09/08/2004  0       6.5    30     12     
10/08/2004  0       5.5    31     12     
11/08/2004  53      5      31     13     
12/08/2004  0       4.8    30.5   14     
13/08/2004  0       5.8    30     13     
14/08/2004  0       5.5    29     14     
15/08/2004  0       5.7    27     13     
16/08/2004  0       5.9    29     12     
17/08/2004  0       4.2    27     13.5   
18/08/2004  0       5.6    30.5   12.5   
19/08/2004  0       5.4    30     12.5   
20/08/2004  0       5.3    30     13     
21/08/2004  0       6.2    31.5   12     
22/08/2004  0       3.6    28     12     
23/08/2004  2.5     7.2    31     12.5   
24/08/2004  1       6.3    30     12     
25/08/2004  0       4.2    30     12     
26/08/2004  0       5      30     14     
27/08/2004  0       5.4    31     14.5   
28/08/2004  0       5.2    30     12     
29/08/2004  0       4      29     12.5   
30/08/2004  0       3.8    28.5   13     
31/08/2004  0       6.2    29.5   14     
01/09/2004  0       5      30.5   12     
02/09/2004  0       5.2    30.5   10.5   
03/09/2004  0       4.1    32     10.5   
04/09/2004  0       6      30     12     
05/09/2004  1.5     4.6    29     13     
06/09/2004  23      5.8    31     14     
07/09/2004  10      3      28.5   16     
08/09/2004  0.5     4.4    27     13.5   
09/09/2004  0       4.4    25.5   14     
10/09/2004  0       3.8    28     16     
11/09/2004  0       3.1    29     14     
12/09/2004  0       4.6    27     12     
13/09/2004  0       5      29     13     
14/09/2004  2.4     5.6    28     14     
15/09/2004  6.8     5.1    30.5   15     
16/09/2004  4.9     3.8    31     16     
17/09/2004  4.5     5.1    29     14.5   
18/09/2004  8.9     5.5    28.5   13     
19/09/2004  0       4      28     12     
20/09/2004  11      4.8    27.5   12     
21/09/2004  0       5.4    29     12     
22/09/2004  8.3     5.6    28.5   12     
23/09/2004  7.5     5.6    29     12.5   
24/09/2004  3.2     5.6    30     12     
25/09/2004  1.5     4.9    35     13     
26/09/2004  10.5    6      29     14     
27/09/2004  0       4.8    29     15     
28/09/2004  9       3.7    28.5   15     
29/09/2004  0       2.5    27     14.5   
30/09/2004  0       4.2    28     15     
01/10/2004  0       4      29.5   13     
02/10/2004  0       4.6    28.5   12.5   
03/10/2004  0       2.9    27     13     
04/10/2004  0       4      27.5   12     
05/10/2004  8       2.7    27     12     
06/10/2004  6.5     5.8    29.5   13     
07/10/2004  0       5      29     14     
08/10/2004  0       4      31     14     
09/10/2004  29      3.6    28     15     
10/10/2004  1       3.7    28.5   16     
11/10/2004  5.5     5.2    28     15     
12/10/2004  1       2.9    27     14     
13/10/2004  0       5.1    28.5   15     
14/10/2004  31.2    4.5    29.5   15     
15/10/2004  0       4.6    29     15     
16/10/2004  6.8     4.2    30     14     
17/10/2004  0       4.9    30.5   15     
18/10/2004  2.6     4.6    30     16     
19/10/2004  0       4.8    31     15     
20/10/2004  0       4.8    32.5   15     
21/10/2004  0       4.9    31     12     
22/10/2004  0       5.2    30     10.5   
23/10/2004  0       4.9    31     11     
24/10/2004  0       4.3    29     10     
25/10/2004  0       5.3    29     11     
26/10/2004  2.8     5.3    30     12     
27/10/2004  0       3.7    29     13     
28/10/2004  0       2.7    28.5   12     
29/10/2004  0       4.8    30     11     
30/10/2004  0       5      29.5   9.5    
31/10/2004  0       4.7    31     10     
01/11/2004  0       4.5    32     9      
02/11/2004  12.2    4.7    32     10     
03/11/2004  0       5.2    27     12     
04/11/2004  0       4.2    25     12     
05/11/2004  0       3.2    26     11.5   
06/11/2004  0       3      24     7.5    
07/11/2004  0       4.2    26.5   7      
08/11/2004  0       4.8    29     7.5    
09/11/2004  0       4.2    28     5      
10/11/2004  0       7.2    27.5   4      
11/11/2004  0       5.2    30     5.5    
12/11/2004  0       3.8    28     7.5    
13/11/2004  0       3.5    29     8      
14/11/2004  0       5.9    27.5   8.5    
15/11/2004  0       2.8    27     7      
16/11/2004  0       4.2    29.5   6.5    
17/11/2004  0       4      29     6.5    
18/11/2004  0       4.4    29.5   7      
19/11/2004  0       5.1    30     6.5    
20/11/2004  0       3.7    30     6      
21/11/2004  0       4.8    30.5   5      
22/11/2004  0       3.2    30     3      
23/11/2004  0       5.8    31     4      
24/11/2004  0       3.9    31.5   5.5    
25/11/2004  0       4.3    30     6      
26/11/2004  0       5.7    32.5   8      
27/11/2004  0       5.9    33.5   8.5    
28/11/2004  0       4.1    33     8      
29/11/2004  0       4.9    32     8.5    
30/11/2004  0       3      33     8.5    
01/12/2004  0       3.8    27     8.5    
02/12/2004  0       4      27     7      
03/12/2004  0       4.4    26     7.5    
04/12/2004  0       4      26.5   4      
05/12/2004  0       3.9    26     6      
06/12/2004  0       4      27     6      
07/12/2004  0       5.1    27.5   6.5    
08/12/2004  0       1.9    27     6.5    
09/12/2004  0       4.9    27.5   7      
10/12/2004  0       5.1    27     7      
11/12/2004  0       5      27.5   6.5    
12/12/2004  0       4      27     5      
13/12/2004  0       5.2    26.5   6.5    
14/12/2004  0       4.2    26     6.5    
15/12/2004  0       7      25     7.5    
16/12/2004  0       3      24     8.5    
17/12/2004  0       3.2    26     10     
18/12/2004  0       5.1    27.5   9      
19/12/2004  0       3.7    27     7.5    
20/12/2004  0       4.2    25     6.5    
21/12/2004  0       4.2    26     7      
22/12/2004  0       4.1    23.5   7      
23/12/2004  0       5.6    27     7.5    
24/12/2004  0       5      27.5   5      
25/12/2004  0       2      27     6.5    
26/12/2004  0       4      27.5   4      
27/12/2004  0       3.1    25     4      
28/12/2004  0       3.1    23     4.5    
29/12/2004  0       3.9    21     4      
30/12/2004  0       3.8    25     4.2    
31/12/2004  0       3.2    25.5   4      
--------------------------------------
