CNA-SMN-CG-GMC-SMAA-CLIMATOLOGIA
BASE DE DATOS CLIMATOLOGICA
DATOS DISPONIBLES EN LA BASE DE DATOS A JULIO 2022

ESTACION  : 28026
NOMBRE    : EL AGUACATE
ESTADO    : TAMAULIPAS
MUNICIPIO : GONZALEZ
SITUACION : SUSPENDIDA
ORGANISMO : CONAGUA-DGE
CVE-OMM   : Nulo
LATITUD   : 022.633°
LONGITUD  : -98.583°
ALTITUD   : 163 msnm

EMISIÓN   : 04/07/2022

            PRECIP  EVAP   TMAX   TMIN   
  Fecha     (MM)    (MM)   (°C)   (°C)   
05/01/1972  2       Nulo   Nulo   Nulo   
06/01/1972  0       1.2    29     15.5   
07/01/1972  0       1.8    29     14     
08/01/1972  0       3      29.5   10     
09/01/1972  4       4.1    30     14     
10/01/1972  0       3.7    30     13     
11/01/1972  0       2.1    29     14     
12/01/1972  2       3.5    34     10     
13/01/1972  0       4.9    36     12     
14/01/1972  3       4.7    22     14     
15/01/1972  0       3      18     3.5    
16/01/1972  0       3.9    19     2      
17/01/1972  0       2.8    22     2      
18/01/1972  0       1.9    29     8      
19/01/1972  0       2.8    23     8      
20/01/1972  0       2.5    22     12     
21/01/1972  0       0.2    34     10     
22/01/1972  0       4.7    26     9      
23/01/1972  0       2.6    34     10     
24/01/1972  0       4.1    36     14     
25/01/1972  0       1.3    30     13     
26/01/1972  0       2.8    33     10.5   
27/01/1972  0       0.5    34     11     
28/01/1972  0       1.8    34.5   11.5   
29/01/1972  0       1.7    32     13     
30/01/1972  0       2.7    33.5   12     
31/01/1972  0       5.7    22     6      
01/02/1972  0       2.2    22     5      
02/02/1972  0       3.4    31     5      
03/02/1972  0       0.6    28     6      
04/02/1972  0       0.2    30     5      
05/02/1972  0       3.6    18.5   6      
06/02/1972  0       1.4    26     7      
07/02/1972  5       3.1    28     5      
08/02/1972  0       1.4    30     3      
09/02/1972  0       2.5    25     5.5    
10/02/1972  0       1.8    31     7      
11/02/1972  0       2.7    30     10     
12/02/1972  0       5.2    33     11     
13/02/1972  0       1.7    31     12     
14/02/1972  0       5.1    35     7      
15/02/1972  0       3.9    37     9      
16/02/1972  0       2.2    30     10.5   
17/02/1972  0       4.6    31     9      
18/02/1972  0       7.6    38     9      
19/02/1972  0       1.9    38     6      
20/02/1972  0       4.6    34     7      
21/02/1972  0       9.6    34     6      
22/02/1972  0       4.7    34     6      
23/02/1972  0       6.4    34     6      
24/02/1972  0       4.9    36     8      
25/02/1972  0       4.7    37     8      
26/02/1972  0       2.9    37     10     
27/02/1972  0       1.5    37.5   12.5   
28/02/1972  0       1.1    36     12     
29/02/1972  0       1      36     13     
01/03/1972  0       8.2    43     15     
02/03/1972  0       8.7    38     13     
03/03/1972  0       5.9    35     6      
04/03/1972  0       9.6    41     6      
05/03/1972  0       2.1    34     10     
06/03/1972  0       2.8    37     6      
07/03/1972  0       7.8    39     10     
08/03/1972  0       8.8    40     15     
09/03/1972  29      0.8    40     15     
10/03/1972  0       6.2    37     11     
11/03/1972  0       3.3    38     6      
12/03/1972  21.5    1.7    34     15     
13/03/1972  0       5.2    32     11     
14/03/1972  13      5.9    35     10     
15/03/1972  0       5.5    38     11     
16/03/1972  29      5.3    38     13     
17/03/1972  0       7.8    40     11     
18/03/1972  0       2      38     11     
19/03/1972  0       3      36     12     
20/03/1972  0       8      39     13     
21/03/1972  2       5.7    40     10     
22/03/1972  1.5     3.4    35     15     
23/03/1972  0       5.1    37     15     
24/03/1972  0       2.7    40     15     
25/03/1972  0       3.3    40     16     
26/03/1972  0       5.1    40     15     
27/03/1972  0       5.8    41     16     
28/03/1972  0       6.7    45     15     
29/03/1972  0       7.7    40     13     
30/03/1972  0       5.6    41     13     
31/03/1972  0       5.3    43     14     
01/04/1972  0       3.1    43     13     
02/04/1972  0       5      41     15     
03/04/1972  0       5.9    45     14     
04/04/1972  0       3.3    40     13     
05/04/1972  0       3.1    40     13     
06/04/1972  0       8.6    40     12     
07/04/1972  0       7.8    42     16     
08/04/1972  0.3     4.6    42.5   16     
09/04/1972  0       6.4    40     16     
10/04/1972  0.1     6.9    40     16     
11/04/1972  0       6.3    40     17     
12/04/1972  0       7.5    41     17     
13/04/1972  0       7.6    41     17     
14/04/1972  0       4.4    44     19     
15/04/1972  0       2.3    45     18     
16/04/1972  0       4      40     17     
17/04/1972  0       5.1    40     19     
18/04/1972  0       8.2    41     18     
19/04/1972  0       8.7    41     17     
20/04/1972  0       7.9    41     16     
21/04/1972  0       6.8    40     17     
22/04/1972  0       8.3    41     13     
23/04/1972  0       6.3    41     16     
24/04/1972  0       3.9    41.5   18     
25/04/1972  0.4     2.7    37     18     
26/04/1972  0       1.3    39     15     
27/04/1972  29      8.6    41     16     
28/04/1972  0       1.3    38     17     
29/04/1972  0       4.7    37     16     
30/04/1972  0       9.2    39     15     
01/05/1972  0       4.6    39     16     
02/05/1972  22      5.5    40     19     
03/05/1972  0       1      30     15     
04/05/1972  11.5    3.7    34     14     
05/05/1972  3       5.2    36     15     
06/05/1972  0       2.9    37     16     
07/05/1972  0       4.3    40     18     
08/05/1972  11      4.3    40     19     
09/05/1972  0       5.2    38     16     
10/05/1972  0       6.5    39.5   16     
11/05/1972  0       4.5    39.5   19     
12/05/1972  30.5    10.3   41.5   20     
13/05/1972  0       2.5    36     15     
14/05/1972  0       5.8    38     17     
15/05/1972  0       3      36.5   17     
16/05/1972  0       6.4    39     17     
17/05/1972  26      9.2    40     18     
18/05/1972  1       3      36     14     
19/05/1972  0       4.4    36     18     
20/05/1972  0       3.6    36     15     
21/05/1972  0       5.4    37     16     
22/05/1972  0       6.9    38     15     
23/05/1972  0       6.4    38     16     
24/05/1972  0       1.9    37     16     
25/05/1972  0       3.9    38     19     
26/05/1972  0       3.2    40     19     
27/05/1972  0       5      38     18.5   
28/05/1972  0       5.9    38     17     
29/05/1972  0       4      37     17     
30/05/1972  6.5     1.8    33     17.5   
31/05/1972  2       5      38     14     
01/06/1972  2       4.7    38     15     
02/06/1972  2.5     6.1    39     15     
03/06/1972  36.5    1.5    38     15     
04/06/1972  0       Nulo   39     15     
05/06/1972  47      7.5    39     16     
06/06/1972  10      10     36     16     
07/06/1972  6       6      37     16     
08/06/1972  4       8      37     17     
09/06/1972  0       8      38     18     
10/06/1972  20      8      38     18     
11/06/1972  0       4      38     17     
12/06/1972  34.5    2      37     17     
13/06/1972  7       7      39     17     
14/06/1972  0       5      39     18     
15/06/1972  8       3.8    30     18     
16/06/1972  0       3.2    37     17     
17/06/1972  6.5     3.9    37     17     
18/06/1972  0       7.1    39     16     
19/06/1972  0       4.3    38     16     
20/06/1972  0       3.9    39     16     
21/06/1972  0       7      40     17     
22/06/1972  0       3.5    40     18     
23/06/1972  0       5.9    40.5   18     
24/06/1972  0       6.9    42     19     
25/06/1972  0       9      42     20     
26/06/1972  0       7.8    43     20     
27/06/1972  0       7.6    43     19     
28/06/1972  0       6.9    42     19     
29/06/1972  0       5.8    40     20     
30/06/1972  0       3.7    40     17     
01/07/1972  0       3.9    40     16     
02/07/1972  10.5    5.7    38     17     
03/07/1972  0       2.4    35     17     
04/07/1972  0       5.2    37     18     
05/07/1972  0       6.2    41     16     
06/07/1972  0       6.2    40     17     
07/07/1972  0       4.4    41     16.5   
08/07/1972  6       2.5    40     17     
09/07/1972  20      5.4    40     17     
10/07/1972  14      2      40     17     
11/07/1972  0       6.1    39     17     
12/07/1972  0       6.7    39     17     
13/07/1972  15      3.3    36.5   16     
14/07/1972  20      6.8    36     16     
15/07/1972  51      4.5    36     16     
16/07/1972  68      3      36     16     
17/07/1972  32      4.7    36     17     
18/07/1972  8.5     4.7    36     16     
19/07/1972  0       2.9    35     16     
20/07/1972  14      2.1    39     17     
21/07/1972  62      2.9    30     Nulo   
22/07/1972  3       4      36     Nulo   
23/07/1972  0       4.9    35     Nulo   
24/07/1972  3.5     5.5    35     Nulo   
25/07/1972  0.5     7.5    35     Nulo   
26/07/1972  3.5     5.2    32     Nulo   
27/07/1972  15.5    4.9    36     Nulo   
28/07/1972  6.5     2.5    36     Nulo   
29/07/1972  0       1      37     16     
30/07/1972  0       5.4    37     16     
31/07/1972  0       2.6    39     16     
01/08/1972  3.5     8.2    37     16     
02/08/1972  0       4.1    36     16     
03/08/1972  6       3.4    37     17     
04/08/1972  0       4.2    38     17     
05/08/1972  0       4.9    38     17     
06/08/1972  0       8.4    38     17     
07/08/1972  0       5.4    37     15     
08/08/1972  0       7.7    38     17     
09/08/1972  0       4.9    38     Nulo   
10/08/1972  6       4.1    37.5   Nulo   
11/08/1972  20      4.2    36     Nulo   
12/08/1972  2       7.7    37     Nulo   
13/08/1972  0       1.9    37     Nulo   
14/08/1972  0       3.4    37     Nulo   
15/08/1972  0       3.5    38     Nulo   
16/08/1972  0       2.1    38     Nulo   
17/08/1972  8       2.3    39     Nulo   
18/08/1972  0       4.8    35     16     
19/08/1972  2       6.9    37     17     
20/08/1972  12      6.9    39     17     
21/08/1972  0       5.8    39     16     
22/08/1972  0       6.9    39     16     
23/08/1972  0       8.4    39     16     
24/08/1972  0       5.9    40     18     
25/08/1972  0       7.6    40.5   18     
26/08/1972  0       6.2    39     18     
27/08/1972  8       2.1    37     17     
28/08/1972  0       1.7    38     17     
29/08/1972  3       3.9    39     16     
30/08/1972  0       5.8    40     16     
31/08/1972  0       6.9    41     17     
01/09/1972  0       7.1    41     18     
02/09/1972  2       6.7    41     18     
03/09/1972  0       6.2    40     18     
04/09/1972  0       5      40.5   17     
05/09/1972  0       4.6    40.5   17     
06/09/1972  0       3.2    41     17     
07/09/1972  0       5.5    41     17     
08/09/1972  0       2.7    41     17     
09/09/1972  0       4.3    41     17     
10/09/1972  9       6.5    41     17     
11/09/1972  20      2.5    41     18     
12/09/1972  0       4.7    38     17     
13/09/1972  0       4.2    38     17     
14/09/1972  0       4.9    38     17     
15/09/1972  0       4.6    39     16.5   
16/09/1972  0       5.4    40     17     
17/09/1972  0       4      40     17     
18/09/1972  4.5     5.1    40     17     
19/09/1972  5.5     3.4    38     17     
20/09/1972  0       5      39.5   17     
21/09/1972  0       7.4    39.5   17     
22/09/1972  0       4.7    39     16     
23/09/1972  0       4.5    39     16.5   
24/09/1972  0       4.6    39     17     
25/09/1972  0       5.5    40     17.5   
26/09/1972  5       4.5    40     17     
27/09/1972  0       4.8    38     17     
28/09/1972  0       7.4    40     17     
29/09/1972  0       3.6    40     16     
30/09/1972  34      3.7    38     16     
01/10/1972  0       8.6    38     13     
02/10/1972  0       3.1    38     12     
03/10/1972  0       3.6    38     14     
04/10/1972  5       4.2    37     14     
05/10/1972  0       3.5    38     16     
06/10/1972  0       3.7    39     16     
07/10/1972  0       4.9    39     16     
08/10/1972  0       5.5    39     16     
09/10/1972  0       3.6    39     16     
10/10/1972  1       4.1    39     16     
11/10/1972  4       3.8    37     17     
12/10/1972  11      2.1    38     17     
13/10/1972  1       0.9    37     16     
14/10/1972  0       3.2    37     15     
15/10/1972  3       1.7    36     15     
16/10/1972  0       4.2    37     14     
17/10/1972  0       3.9    37     15     
18/10/1972  0       4.9    38     15     
19/10/1972  0       2.9    36     15     
20/10/1972  0       2.3    37     15     
21/10/1972  0       4.8    38     15     
22/10/1972  2       3.4    39     15     
23/10/1972  1       3.6    32     17.5   
24/10/1972  0       2.6    36     16     
25/10/1972  0       5.2    36     16     
26/10/1972  0       4.3    37     14     
27/10/1972  0       2.2    38     15     
28/10/1972  0       6.7    39     15     
29/10/1972  10      3.2    37     16     
30/10/1972  0       2.5    39     17     
31/10/1972  0       2.4    39     17     
01/11/1972  0       3.9    33.5   17     
02/11/1972  0       1.8    33.5   14     
03/11/1972  2       5.1    33     13     
04/11/1972  0       3.8    33     15     
05/11/1972  0       4.3    33     14     
06/11/1972  0       3.8    33     14     
07/11/1972  0       7.2    31     14     
08/11/1972  0       3.7    30     5      
09/11/1972  0       4.3    32     6      
10/11/1972  0       3.3    33     9      
11/11/1972  0       3.3    33     9      
12/11/1972  0       3.5    33     12     
13/11/1972  0       4.9    32     12     
14/11/1972  0       4.3    28     11     
15/11/1972  0       0.7    24     9      
16/11/1972  0       3.5    29     11     
17/11/1972  0       4.3    31     12     
18/11/1972  1       4.6    35     13     
19/11/1972  0       1      36     13     
20/11/1972  2       2.2    25     12     
21/11/1972  0       1.1    26     9      
22/11/1972  1.5     0.8    12     6      
23/11/1972  1.5     1.1    20     3      
24/11/1972  0       1      27     8      
25/11/1972  0       2      23     10     
26/11/1972  0       1.5    25     9.5    
27/11/1972  0       2.5    28.5   3.5    
28/11/1972  4       3.3    28     5.5    
29/11/1972  0       2.1    22     6      
30/11/1972  0       1.6    18     6      
01/12/1972  0       3.2    30     9.5    
02/12/1972  0       3.7    33     10     
03/12/1972  0       2.3    36     9      
04/12/1972  0       3.8    36     13     
05/12/1972  0       3.9    38     15     
06/12/1972  0       2.5    30     15     
07/12/1972  1       4.4    33     3      
08/12/1972  0       2.9    35     4      
09/12/1972  0       2.4    38     13     
10/12/1972  9       5.5    32     12     
11/12/1972  0       1      24     6      
12/12/1972  0       2.2    23     7      
13/12/1972  0       3.7    22     7      
14/12/1972  0       4      33     7      
15/12/1972  0       7.4    23     10     
16/12/1972  0       2.3    21     4      
17/12/1972  0       3.2    21     4      
18/12/1972  0       0.9    32     4.5    
19/12/1972  0       1.3    33     9      
20/12/1972  0       6.4    35     9      
21/12/1972  0       5.9    31     10     
22/12/1972  0       2.6    31     0      
23/12/1972  0       3.6    32     0      
24/12/1972  0       3.5    34     1      
25/12/1972  0       1.8    34     1.5    
26/12/1972  0       2.1    30     3      
27/12/1972  0       4.3    30     3      
28/12/1972  0       3.9    31     4      
29/12/1972  0       1.4    33     10     
30/12/1972  0       4.3    36     9      
31/12/1972  0       5.3    30     14     
01/01/1973  0       0.5    34     12.5   
02/01/1973  0       3.1    28     7      
03/01/1973  0       0.8    23.5   8      
04/01/1973  0       1.8    35.5   11     
05/01/1973  1       3.2    35     13     
06/01/1973  5.5     1.2    30     16     
07/01/1973  3       2.9    30     11     
08/01/1973  2.2     1.7    28     11     
09/01/1973  2       0.8    27     7      
10/01/1973  1       1      27     1      
11/01/1973  0       0.6    20     1      
12/01/1973  0       2.3    21     3      
13/01/1973  0       2.3    25     0      
14/01/1973  0       2.3    26.5   0      
15/01/1973  0       5.7    29     2      
16/01/1973  0       0.4    32     7      
17/01/1973  0       2.6    33     7      
18/01/1973  0       2.8    34     8      
19/01/1973  0       4.5    34     6      
20/01/1973  0       2.2    34     5      
21/01/1973  0       5      33     5      
22/01/1973  0       4.3    35     2      
23/01/1973  0       6.2    27     5.5    
24/01/1973  0       3.7    23     9.5    
25/01/1973  0       2.8    27     5      
26/01/1973  0       3.9    31     5      
27/01/1973  0       3.8    35     5      
28/01/1973  0       2      22     9      
29/01/1973  0       1.5    20     0      
30/01/1973  0       1.8    28     -1     
31/01/1973  0       3.9    33     5      
01/02/1973  0       4.4    28     11     
02/02/1973  0       4      26     5      
03/02/1973  0       5      27     5      
04/02/1973  0       5.3    29     7      
05/02/1973  0       3.5    29.5   7      
06/02/1973  0       4.2    32     17     
07/02/1973  0       4.7    30.5   17     
08/02/1973  0       6.8    32     15     
09/02/1973  0       3.4    11     4      
10/02/1973  0       1.7    17     4      
11/02/1973  0       3.9    23     1      
12/02/1973  0       4.5    31     5      
13/02/1973  0       3.7    33     5      
14/02/1973  0       5.4    32     15     
15/02/1973  0       2.8    20     15     
16/02/1973  7       5.1    22     12     
17/02/1973  0       3.7    22     12     
18/02/1973  0       4.1    21     12     
19/02/1973  2       1.4    24     11     
20/02/1973  2.5     7.1    17.5   12     
21/02/1973  6.5     3.8    22     13     
22/02/1973  0       4.7    27     11.5   
23/02/1973  0       3.4    19     12     
24/02/1973  0       4.9    29     13     
25/02/1973  0       5.2    26     17     
26/02/1973  2.5     1      29     18     
27/02/1973  1       0.3    26     17     
28/02/1973  1       1.7    25.5   16     
01/03/1973  0       2.7    31     16     
02/03/1973  0       4.8    33     17     
03/03/1973  0       5.7    34     17     
04/03/1973  0       3.2    32     17     
05/03/1973  0       3.9    33     19     
06/03/1973  0       8      38.5   21     
07/03/1973  0       4.4    34     18     
08/03/1973  0       4.6    33     19     
09/03/1973  0       5.5    34     16     
10/03/1973  0       4.7    36     16     
11/03/1973  0       6.6    36     17     
12/03/1973  0       6.1    35     17     
13/03/1973  0       4.3    37.5   17     
14/03/1973  0       5.7    38     20     
15/03/1973  0       6      34     20     
16/03/1973  0       7.1    26     21     
17/03/1973  0       6.5    24     10     
18/03/1973  0       5.3    30     11     
19/03/1973  0.2     3      28     15     
20/03/1973  0       3.7    34     20     
21/03/1973  0       2.5    34     19     
22/03/1973  0       5.4    35     19     
23/03/1973  0       5.9    31     20     
24/03/1973  0       3.4    37     23     
25/03/1973  0       Nulo   37     17     
26/03/1973  0       Nulo   39     17     
27/03/1973  0       Nulo   35     19     
28/03/1973  0       Nulo   39     19     
29/03/1973  0       8.7    36     18     
30/03/1973  0       5.8    39     17     
31/03/1973  0       7.2    36     17     
01/04/1973  0       5.7    38     15     
02/04/1973  0       7      38     17     
03/04/1973  0       10.7   32     17     
04/04/1973  0       8.9    23     18     
05/04/1973  11.5    3.3    23     16     
06/04/1973  0       2.5    34     13.5   
07/04/1973  0       7      34     13     
08/04/1973  4.5     5.7    26     13     
09/04/1973  0       6.2    21     12     
10/04/1973  2       2.8    26     14     
11/04/1973  0       5.2    24     14     
12/04/1973  0       6      33     16     
13/04/1973  0       5.2    33     19     
14/04/1973  0       7.3    33     20     
15/04/1973  2       2.7    35     21     
16/04/1973  0       4.6    39     20     
17/04/1973  0       2.9    35     22     
18/04/1973  0       3.8    36     22     
19/04/1973  0       7.6    40     22     
20/04/1973  0       6      43     22     
21/04/1973  0       3.9    39     23     
22/04/1973  0       3.3    35     22     
23/04/1973  0       3.3    39     21     
24/04/1973  0       3.5    41     21     
25/04/1973  0       3.1    41     21     
26/04/1973  1.5     6.2    40     21     
27/04/1973  0       6.2    29     20     
28/04/1973  0       3.1    33     19.5   
29/04/1973  0       6.8    36     19     
30/04/1973  0       6.2    36     20     
01/05/1973  0       3.6    37     20     
02/05/1973  1.5     4.6    38     25     
03/05/1973  0       6.6    33     16     
04/05/1973  0       9.9    34     18     
05/05/1973  2       6.7    34     18     
06/05/1973  0       7.4    40     18     
07/05/1973  0       7      40.5   18     
08/05/1973  0       6.7    39     16     
09/05/1973  0       6.6    38     16     
10/05/1973  0       5.5    37     20     
11/05/1973  0       6.8    39     21     
12/05/1973  10      6      37     19     
13/05/1973  0       3.8    30     15     
14/05/1973  0       2.4    28     15     
15/05/1973  0       3.4    27     11     
16/05/1973  0       6.3    36     10     
17/05/1973  0       2.9    34     12     
18/05/1973  0       3.4    35     14     
19/05/1973  0       5.6    37     14     
20/05/1973  0       4.6    38     15     
21/05/1973  0       4.3    39     15     
22/05/1973  0       6.6    39     16     
23/05/1973  0       8.3    40     16     
24/05/1973  0       6.5    41     18     
25/05/1973  0       6.1    41     19     
26/05/1973  0       9.3    47     19     
27/05/1973  0       13.2   47     20     
28/05/1973  0       4.2    45     20     
29/05/1973  0       4.3    44     16     
30/05/1973  2       3.4    44     16     
31/05/1973  0       4.3    37     15.5   
01/06/1973  0       9.9    33.5   17.5   
02/06/1973  0       7.9    40     20.5   
03/06/1973  0       9.4    36     17     
04/06/1973  0       6.5    38.5   19.5   
05/06/1973  0       7.4    38     19     
06/06/1973  17      8.1    33     19     
07/06/1973  0       5.7    36     16.5   
08/06/1973  7       5.6    35.5   17     
09/06/1973  0       7.2    34     19     
10/06/1973  0       6.4    36     17     
11/06/1973  0       7.5    39     18     
12/06/1973  0       7.3    38.5   19     
13/06/1973  0       6.4    38     20.5   
14/06/1973  0       4.1    37.5   21.5   
15/06/1973  0       8.1    37     21     
16/06/1973  0       6      37     21.5   
17/06/1973  0       7.3    38.5   20     
18/06/1973  0       8.7    39     20     
19/06/1973  15      8      38.5   19.5   
20/06/1973  5       4.4    31     18     
21/06/1973  26      2.2    34     17     
22/06/1973  59      Nulo   31     17     
23/06/1973  104     Nulo   33.5   17.5   
24/06/1973  232     Nulo   31     17.5   
25/06/1973  100     Nulo   32     17     
26/06/1973  19      Nulo   26.5   16.5   
27/06/1973  0       1.8    34.5   16.5   
28/06/1973  0       5.1    34     16.5   
29/06/1973  0       6.8    37.5   18     
30/06/1973  0       6.8    38.5   18.5   
01/07/1973  0       4.2    33     23     
02/07/1973  30      2.8    35     23     
03/07/1973  42      3.5    26     23     
04/07/1973  20      4.2    29     21     
05/07/1973  0       4.8    31     21.5   
06/07/1973  3       7.2    33     21.5   
07/07/1973  0       6.1    34     21.5   
08/07/1973  50      5.8    27.5   22     
09/07/1973  15      5.2    30.5   22     
10/07/1973  0       5.8    33.5   22     
11/07/1973  0       6.7    33.5   22.5   
12/07/1973  0       7.5    33.5   22.5   
13/07/1973  6       7.1    34     22     
14/07/1973  4       6      34.5   23     
15/07/1973  0       7      31     23     
16/07/1973  11      5.2    34     23.5   
17/07/1973  0       7      34.5   23.5   
18/07/1973  0       5.3    35     23.5   
19/07/1973  0       7.5    34.5   23     
20/07/1973  0       7.1    34.5   23     
21/07/1973  0       5.4    34.5   22.5   
22/07/1973  4       6.3    35     22.5   
23/07/1973  7       5.8    35     22     
24/07/1973  1       4.4    32.5   21     
25/07/1973  33      3.4    31.5   21.5   
26/07/1973  0       4.7    33     22     
27/07/1973  0       2.8    34     22     
28/07/1973  0       6.2    34     22     
29/07/1973  0       4.4    34     22.5   
30/07/1973  0       6      34.5   23     
31/07/1973  0       8      35     24     
01/08/1973  0       4.8    35     23     
02/08/1973  76      6.3    35     23     
03/08/1973  0       5.5    34     22     
04/08/1973  0       4.4    33.5   22     
05/08/1973  0       5.9    33.5   22.5   
06/08/1973  0       4.1    33.5   22.5   
07/08/1973  0       4.7    32.5   21.5   
08/08/1973  59      4.5    31     22     
09/08/1973  11      4.4    32.5   21     
10/08/1973  55      3.6    32     21     
11/08/1973  61      4      32     20.5   
12/08/1973  0       3.8    32     20.5   
13/08/1973  11      7.2    32     21.5   
14/08/1973  0       4.4    33     21     
15/08/1973  0       4.2    33.5   22     
16/08/1973  87      5.5    34.5   21     
17/08/1973  40      3.3    32     20.5   
18/08/1973  0       2.7    33.5   21.5   
19/08/1973  0       4.5    32     18.5   
20/08/1973  9       8.5    35     19.5   
21/08/1973  0       10     33     21.5   
22/08/1973  0       4.4    34.5   21.5   
23/08/1973  0       4.3    35     20.5   
24/08/1973  0       3.9    34.5   20.5   
25/08/1973  21      3.4    34     21.5   
26/08/1973  11      4.4    30     22     
27/08/1973  10      5      30     21.5   
28/08/1973  28      6.1    30     21     
29/08/1973  1       5.6    30.5   20.5   
30/08/1973  0       3.8    34     21.5   
31/08/1973  0       3.3    33     20.5   
01/09/1973  0       6      34     21     
02/09/1973  0       3.3    34.5   21     
03/09/1973  0       2      34     21     
04/09/1973  2       1.7    35     22.5   
05/09/1973  0       3      35     22     
06/09/1973  0       2.9    34     22     
07/09/1973  0       4.3    34.5   22     
08/09/1973  0       6.8    34.5   22     
09/09/1973  0       Nulo   35.5   23     
10/09/1973  0       Nulo   30.5   22     
11/09/1973  0       Nulo   35     22     
12/09/1973  0       Nulo   35.5   22     
13/09/1973  0       Nulo   36     21.5   
14/09/1973  0       Nulo   35.5   22     
15/09/1973  0       Nulo   32     23     
16/09/1973  7       Nulo   32.5   22     
17/09/1973  9       Nulo   33     22     
18/09/1973  7       Nulo   32     22.5   
19/09/1973  0       Nulo   34     21     
20/09/1973  0       Nulo   33.5   21     
21/09/1973  0       Nulo   34     22     
22/09/1973  0       Nulo   33.5   21.5   
23/09/1973  0       Nulo   33.5   22     
24/09/1973  0       Nulo   34     22     
25/09/1973  0       Nulo   35.5   22.5   
26/09/1973  0       Nulo   35     22     
27/09/1973  0       Nulo   27.5   21.5   
28/09/1973  0       Nulo   34     22     
29/09/1973  0       Nulo   33     22     
30/09/1973  0       Nulo   32     22.5   
01/10/1973  0       Nulo   32     21     
02/10/1973  0       Nulo   32.5   20     
03/10/1973  0       Nulo   33     21     
04/10/1973  0       Nulo   33.5   21.5   
05/10/1973  0       Nulo   33.5   21.5   
06/10/1973  0       Nulo   33.5   20     
07/10/1973  0       Nulo   33.5   20.5   
08/10/1973  0       Nulo   33     20.5   
09/10/1973  0       Nulo   33.5   20     
10/10/1973  0       Nulo   33.5   20     
11/10/1973  0       Nulo   33     20.5   
12/10/1973  0       Nulo   33     20.5   
13/10/1973  0       Nulo   33.5   20.5   
14/10/1973  0       Nulo   33     21     
15/10/1973  0       Nulo   33     20.5   
16/10/1973  0       Nulo   33     20.5   
17/10/1973  0       Nulo   33     20.5   
18/10/1973  0       Nulo   29     20.5   
19/10/1973  0       Nulo   34     20.5   
20/10/1973  0       Nulo   Nulo   20.5   
21/10/1973  0       Nulo   Nulo   20     
22/10/1973  0       Nulo   Nulo   20     
23/10/1973  0       Nulo   Nulo   20     
24/10/1973  0       Nulo   Nulo   20     
25/10/1973  0       Nulo   Nulo   20.5   
26/10/1973  0       Nulo   Nulo   20.5   
27/10/1973  0       Nulo   Nulo   20.5   
28/10/1973  0       Nulo   Nulo   21     
29/10/1973  0       Nulo   Nulo   21.5   
30/10/1973  0       Nulo   33     21     
31/10/1973  0       Nulo   32     21.5   
01/12/1973  0       Nulo   33     18     
02/12/1973  0       Nulo   33     16     
03/12/1973  0       Nulo   32.5   16     
04/12/1973  0       Nulo   32.5   18     
05/12/1973  0       Nulo   33     18     
06/12/1973  0       Nulo   32.5   18     
07/12/1973  0       Nulo   32.5   18.5   
08/12/1973  0       Nulo   32.5   18.5   
09/12/1973  0       Nulo   32.5   16.5   
10/12/1973  0       Nulo   32.5   17.5   
11/12/1973  0       Nulo   33.5   16.5   
12/12/1973  0       Nulo   33.5   17.5   
13/12/1973  0       Nulo   33     17.5   
14/12/1973  0       Nulo   32.5   18     
15/12/1973  0       Nulo   32     18.5   
16/12/1973  0       Nulo   32     19.5   
17/12/1973  0       Nulo   32.5   19     
18/12/1973  0       Nulo   31.5   19     
19/12/1973  0       Nulo   31     19     
20/12/1973  0       Nulo   31     19     
21/12/1973  0       Nulo   31     19     
22/12/1973  0       Nulo   31.5   19     
23/12/1973  0       Nulo   30     18.5   
24/12/1973  0       Nulo   29.5   19     
25/12/1973  0       Nulo   29.5   19     
26/12/1973  0       Nulo   30.5   19     
27/12/1973  0       Nulo   29.5   19     
28/12/1973  0       Nulo   29     19     
29/12/1973  0       Nulo   29     19.5   
30/12/1973  0       Nulo   30     19     
31/12/1973  0       Nulo   30     19.5   
01/01/1974  0       2.2    26.5   12.5   
02/01/1974  0       1.3    27     14.5   
03/01/1974  0       1.8    27.5   14     
04/01/1974  0       1.8    25.5   10     
05/01/1974  0       0.6    24     11     
06/01/1974  0       2.6    27     13.5   
07/01/1974  0       1.9    29     10     
08/01/1974  0       1.6    29     18     
09/01/1974  0       3.7    30     19     
10/01/1974  0       5      30     19     
11/01/1974  0       2.8    28     19.5   
12/01/1974  0       1.3    29     14.5   
13/01/1974  0       1.4    30     15.5   
14/01/1974  0       2.1    29     14.5   
15/01/1974  0       1.9    29.5   16     
16/01/1974  0       4.7    30     16.5   
17/01/1974  0       3.5    30.5   16.5   
18/01/1974  0       1.1    29.5   16     
19/01/1974  0       2.3    30     15     
20/01/1974  0       4.5    30.5   14.5   
21/01/1974  0       2.8    29     13     
22/01/1974  0       3.7    30.5   17     
23/01/1974  0       1.1    30     18.5   
24/01/1974  0       2.1    29     11     
25/01/1974  0       1.3    30.5   9      
26/01/1974  0       2.5    29.5   11     
27/01/1974  0       2.9    28.5   12     
28/01/1974  0       2.9    30     10     
29/01/1974  0       5.1    29     9      
30/01/1974  0       4.2    29     9.5    
31/01/1974  0       2      30     12.5   
01/02/1974  0       2.2    26.5   13     
02/02/1974  0       2.3    24.5   12.5   
03/02/1974  0       2.6    25.5   13     
04/02/1974  0       2.1    24     12.5   
05/02/1974  0       2.3    24     13     
06/02/1974  0       2.7    25     14     
07/02/1974  0       1      25.5   14.5   
08/02/1974  0       0.8    24     14.5   
09/02/1974  0       2.3    25     15.5   
10/02/1974  0       2.3    25     14     
11/02/1974  0       2.7    28     2      
12/02/1974  0       5.8    29     8      
13/02/1974  0       2.2    29.5   10     
14/02/1974  0       3.1    29.5   9.5    
15/02/1974  0       2.5    25.5   13     
16/02/1974  0       3.6    27.5   13     
17/02/1974  0       5.3    30     13.5   
18/02/1974  0       5.7    35     14.5   
19/02/1974  0       4.6    30     16     
20/02/1974  0       2.7    29     11     
21/02/1974  0       3.2    29.5   12     
22/02/1974  0       2.3    30     11     
23/02/1974  0       2.7    30     10     
24/02/1974  0       2.1    31     11     
25/02/1974  0       2.3    32     12     
26/02/1974  0       3.6    32.5   8      
27/02/1974  0       5.6    28     7.5    
28/02/1974  0       4.6    29     11     
01/03/1974  0       2.7    27     11.5   
02/03/1974  0       8.1    31     15.5   
03/03/1974  0       4.7    29     16     
04/03/1974  0       4.8    31     16.5   
05/03/1974  0       6.2    29     16     
06/03/1974  0       5.4    31     17.5   
07/03/1974  0       4.2    32     18.5   
08/03/1974  0       3.3    32     19     
09/03/1974  0       4.6    33     19.5   
10/03/1974  0       2.4    36     19     
11/03/1974  16      3.6    35     19     
12/03/1974  0       10     35.5   18     
13/03/1974  0       8      30     18.5   
14/03/1974  17      6      30     17.5   
15/03/1974  0       4.3    31     17     
16/03/1974  22      1.8    29     17.5   
17/03/1974  0       6.1    28     18     
18/03/1974  0       7.2    32     19.5   
19/03/1974  0       5.5    30     19     
20/03/1974  0       4.2    31     18.5   
21/03/1974  0       4      30.5   18.5   
22/03/1974  0       3.9    31     17     
23/03/1974  0       2.2    31.5   17.5   
24/03/1974  0       3      33.5   14.5   
25/03/1974  0       4.9    21.5   12.5   
26/03/1974  0       4      22     12.5   
27/03/1974  0       5.9    25     14.5   
28/03/1974  0       5.2    31     15     
29/03/1974  0       5      28     15.5   
30/03/1974  0       5.2    28.5   16.5   
31/03/1974  0       5.9    28.5   17.5   
01/04/1974  0       5.8    35     16     
02/04/1974  0       4.9    36     16     
03/04/1974  0       4.1    33     16.5   
04/04/1974  0       5.9    30.5   16     
05/04/1974  0       5.1    32     15.5   
06/04/1974  0       4.9    32.5   15.5   
07/04/1974  0       3.1    33     16     
08/04/1974  0       4.7    35     14.5   
09/04/1974  0       4.6    31.5   15.5   
10/04/1974  0       5.5    33     16.5   
11/04/1974  0       4.9    33     21     
12/04/1974  0       4.6    32     21.5   
13/04/1974  2       7.4    31     17     
14/04/1974  20      5.1    31.5   16.5   
15/04/1974  0       4.5    31     16.5   
16/04/1974  0       4.8    31.5   17     
17/04/1974  0       5.6    32     16.5   
18/04/1974  0       4.1    32.5   16     
19/04/1974  0       5.7    33     16.5   
20/04/1974  0       5.1    32.5   17     
21/04/1974  0       5.1    32     17.5   
22/04/1974  0       4.9    31.5   16.5   
23/04/1974  0       4.8    32.5   17     
24/04/1974  0       6.2    34     17.5   
25/04/1974  0       4.9    33     18.5   
26/04/1974  0       6.1    32.5   17.5   
27/04/1974  0       4      32.5   16.5   
28/04/1974  0       5.9    33     17.5   
29/04/1974  0       7.1    32     16     
30/04/1974  0       7.7    34.5   16.5   
01/05/1974  0       1.2    35     19     
02/05/1974  0       4      35     22     
03/05/1974  0       5.8    35.5   23     
04/05/1974  0       5.7    30     22     
05/05/1974  0       3.1    35     23     
06/05/1974  0       3.3    29     22     
07/05/1974  0       6.2    32     21     
08/05/1974  0       7.2    36     22     
09/05/1974  0       8.3    36     22     
10/05/1974  0       2.8    42     23.5   
11/05/1974  0       3.9    45     19.5   
12/05/1974  0       4.1    40     20     
13/05/1974  0       1.9    38     22     
14/05/1974  0       5.4    35     24     
15/05/1974  0       4      39     25     
16/05/1974  0       6.2    36     26     
17/05/1974  0       6      38     26     
18/05/1974  0       6.1    38.5   24     
19/05/1974  0       4.7    36.5   22.5   
20/05/1974  0       4.6    33     21     
21/05/1974  0       7.8    33     21.5   
22/05/1974  0       8.6    39     21.5   
23/05/1974  0       4.9    40     22     
24/05/1974  0       3.4    38.5   23     
25/05/1974  0       5.4    35     23.5   
26/05/1974  0       5.2    36.5   23.5   
27/05/1974  10.5    4.9    39     22     
28/05/1974  0       5.6    37     23     
29/05/1974  0       6.8    37     22     
30/05/1974  0       5.9    39     23     
31/05/1974  3.5     5.6    38     23     
01/06/1974  34      6.7    38     24.5   
02/06/1974  0       8.1    35     21.5   
03/06/1974  0       5      37     22     
04/06/1974  0       5.7    37     22.5   
05/06/1974  0       7.5    38     23     
06/06/1974  0       6.9    38     24     
07/06/1974  0       8.2    44     27     
08/06/1974  0       8.7    41     25     
09/06/1974  0       4.9    38.5   27     
10/06/1974  9.5     5.8    37     25     
11/06/1974  0       3.7    33     22     
12/06/1974  0       7.4    35     22     
13/06/1974  0       6.6    39     23     
14/06/1974  8       8.5    37     24     
15/06/1974  17      2.7    35     22.5   
16/06/1974  0       3.8    30     23     
17/06/1974  4       7.7    31.5   21     
18/06/1974  8       5.1    33.5   22     
19/06/1974  17      9.3    32.5   22     
20/06/1974  23.5    4      30     21     
21/06/1974  0       5.8    30     22     
22/06/1974  9       3.5    31     22     
23/06/1974  8       4.1    30     21     
24/06/1974  3       6.2    35     23     
25/06/1974  0       5.8    31     20     
26/06/1974  0       5.6    32     24     
27/06/1974  0       6.4    33     19.5   
28/06/1974  0       5      32     24     
29/06/1974  0       8.8    34     23     
30/06/1974  0       6.2    35     24     
01/07/1974  13.5    3.4    30     24     
02/07/1974  8       1.2    27     22.5   
03/07/1974  140     Nulo   31     21     
04/07/1974  53      Nulo   27     21.5   
05/07/1974  0       3.5    26     21     
06/07/1974  15      3.6    25     21     
07/07/1974  0       5.7    32     21     
08/07/1974  0       4.3    32     22     
09/07/1974  0       5.6    31.5   22     
10/07/1974  0       4.7    32     20.5   
11/07/1974  80      Nulo   32     21     
12/07/1974  3       0.5    26     21.5   
13/07/1974  0       5      31     20     
14/07/1974  0       2.2    32     21     
15/07/1974  0       3.8    35.5   21.5   
16/07/1974  0       5.3    33     22     
17/07/1974  10      4.5    31     22     
18/07/1974  20      2.5    26     20     
19/07/1974  0       3.6    32     21     
20/07/1974  0       7.1    33.5   21     
21/07/1974  0       5.9    34     21     
22/07/1974  0       7.4    33     21.5   
23/07/1974  0       6.2    34     21.5   
24/07/1974  4       7.1    35     22     
25/07/1974  0       8.5    33     22.5   
26/07/1974  0       7.4    34     23     
27/07/1974  0       4.4    33     22     
28/07/1974  0       7.5    35     23     
29/07/1974  0       5.1    34     23     
30/07/1974  3.5     6.5    34     23     
31/07/1974  39      3.8    30     22.5   
04/12/1974  0       Nulo   Nulo   Nulo   
05/12/1974  0       3.6    26.5   13     
06/12/1974  0       1.7    29     13     
07/12/1974  0       4      28     14     
08/12/1974  5.5     1.1    19     14     
09/12/1974  28      0.8    17.5   10.5   
10/12/1974  0       1.7    24     10.5   
11/12/1974  0       0.7    23     11     
12/12/1974  0       1.1    27     14.5   
13/12/1974  0       1.8    26.5   15     
14/12/1974  0       1.9    28.5   18     
15/12/1974  0       3.1    25.5   18     
16/12/1974  0       3.5    26     18     
17/12/1974  0       3      24     12.5   
18/12/1974  0       2.4    23.5   13.5   
19/12/1974  0       1.1    24     14     
20/12/1974  0       1.1    27     14.5   
21/12/1974  0       1.3    26     15     
22/12/1974  0       1.2    27     15     
23/12/1974  0       1.4    28     15     
24/12/1974  0       1.1    25     16     
25/12/1974  1       1.7    19     14     
26/12/1974  2.5     0.5    17     9.5    
27/12/1974  0       0.1    16.5   10     
28/12/1974  0       0.5    19     12     
29/12/1974  0       1.5    27.5   13.5   
30/12/1974  0       2.2    28.5   17     
31/12/1974  0       1.4    27.5   18     
01/01/1975  0       1.9    25     17     
02/01/1975  0       3.4    27.5   14     
03/01/1975  0       3.7    19     14.5   
04/01/1975  0       1.7    25     12.5   
05/01/1975  0       0.6    22.5   9      
06/01/1975  0       0.9    19     10     
07/01/1975  0       1.8    27.5   12     
08/01/1975  0       0.7    29     12     
09/01/1975  0       1.8    28     16     
10/01/1975  0       6.8    28.5   17     
11/01/1975  0       3.2    28.5   10     
12/01/1975  0       2.4    21.5   13.5   
13/01/1975  0       4      14.5   6      
14/01/1975  0       1.9    21     6      
15/01/1975  0       1.7    25     1      
16/01/1975  0       2      27.5   5      
17/01/1975  0       1.6    27.5   16     
18/01/1975  0       2.8    27.5   15     
19/01/1975  9       0.4    24     15     
20/01/1975  0       0.8    19.1   13.5   
21/01/1975  0       1.6    18     7      
22/01/1975  0       0.5    26     8      
23/01/1975  0       3.4    20     13     
24/01/1975  0       2.4    27     11.5   
25/01/1975  0       4.7    31     12     
26/01/1975  0       3.2    32     9.5    
27/01/1975  0       4.2    30     10     
28/01/1975  0       3      29.5   18     
29/01/1975  0       2.8    30     19.5   
30/01/1975  0       1      26     20     
31/01/1975  0       1.1    31.5   20.5   
01/02/1975  0       1.6    31.5   15     
02/02/1975  0       2.1    31.5   20     
03/02/1975  0       3.9    31     19.5   
04/02/1975  0       2.4    28     16.5   
05/02/1975  0       3.9    29.5   17.5   
06/02/1975  5       5.6    23.5   19.5   
07/02/1975  0       1.7    18     10.5   
08/02/1975  0       0.9    28     11     
09/02/1975  0       1.9    30.5   13.5   
10/02/1975  0       0.7    28     14     
11/02/1975  0       3.7    34     14.5   
12/02/1975  0       3.9    29     13     
13/02/1975  0       2.6    24     10.5   
14/02/1975  0       3.6    22     8.5    
15/02/1975  0       5.2    25     9      
16/02/1975  0       4.8    36     14     
17/02/1975  0       2      28     13     
18/02/1975  0       6.2    32     11     
19/02/1975  0       1.1    25     13     
20/02/1975  0       1.8    28     9.5    
21/02/1975  0       4.9    33     10     
22/02/1975  0       10.2   35     13     
23/02/1975  0       4.9    22     12     
24/02/1975  0       4.9    26     14     
25/02/1975  0       4.2    27     11     
26/02/1975  0       4.2    29     19     
27/02/1975  0       6.1    29.5   9      
28/02/1975  0       2.9    30     15.5   
01/03/1975  0       4.1    32.5   17     
02/03/1975  0       3.8    31     14     
03/03/1975  0       5.4    30     15     
04/03/1975  0       4.1    28.5   17.5   
05/03/1975  0       0.7    24     15.5   
06/03/1975  0       6.1    31.5   16     
07/03/1975  0       4.8    33     19.5   
08/03/1975  0       5.2    31.5   19     
09/03/1975  0       9      32     14.5   
10/03/1975  0       2.9    35     16     
11/03/1975  0       4.3    36     19     
12/03/1975  0       8.3    38     20     
13/03/1975  0       6      30     17     
14/03/1975  0       4.9    31     11     
15/03/1975  0       6.3    31.5   11     
16/03/1975  0       10     32     15     
17/03/1975  0       3.6    34     16     
18/03/1975  0       5.7    33     19     
19/03/1975  0       4.6    33     11.5   
20/03/1975  0       5.9    33.5   13     
21/03/1975  0       4      31     16     
22/03/1975  0       6.8    33     19     
23/03/1975  0       6.5    40     20     
24/03/1975  0       4      32     20.5   
25/03/1975  0       8      29     17     
26/03/1975  0       8.6    37     14     
27/03/1975  0       4.2    33.5   13     
28/03/1975  0       7.8    42.5   21     
29/03/1975  0       4.9    25     21     
30/03/1975  0       6.1    24     16     
31/03/1975  0       3.2    30     11     
01/04/1975  0       7.7    33     11     
02/04/1975  0       8.2    38.5   15     
03/04/1975  0       7.5    29.5   19.5   
04/04/1975  0       6.5    32     10     
05/04/1975  0       2.9    31     18     
06/04/1975  0       1.9    33     14     
07/04/1975  0       4.5    33     17     
08/04/1975  0       7.9    41     22     
09/04/1975  0       11.1   40     20     
10/04/1975  0       8.9    35     15     
11/04/1975  0       3.6    26     19     
12/04/1975  0       4      26     20     
13/04/1975  0       4.1    35     19.5   
14/04/1975  0       7      37     15     
15/04/1975  0       7.8    34     17.5   
16/04/1975  0       6.2    34     21     
17/04/1975  0       6.7    36     20     
18/04/1975  0       8.7    37     19     
19/04/1975  0       8.9    35     22     
20/04/1975  0       8      30     16     
21/04/1975  0       4.9    35     15     
22/04/1975  0       8.3    36     18     
23/04/1975  0       8.6    36     18.5   
24/04/1975  0       7.6    36.5   21     
25/04/1975  0       8.7    36     20.5   
26/04/1975  0       2      33     21.5   
27/04/1975  0       3.7    36.5   19     
28/04/1975  0       6.4    37     23.5   
29/04/1975  0       7.6    36     24     
30/04/1975  0       7      39     25     
01/05/1975  0       5.7    36     22     
02/05/1975  0       5.6    35     23.5   
03/05/1975  0       6.7    36     23     
04/05/1975  0       7      32     23     
05/05/1975  0       7.7    43     20     
06/05/1975  0       7.3    41     20     
07/05/1975  0       5.8    44     23.5   
08/05/1975  0       3.5    34.5   25     
09/05/1975  0       4.5    34     24.5   
10/05/1975  0       4.5    37     25     
11/05/1975  0       7.4    33     24     
12/05/1975  19      3.9    37     22     
13/05/1975  0       6.3    37     19     
14/05/1975  0       5.4    35     20.5   
15/05/1975  0       8.1    36     18     
16/05/1975  0       8.1    33     22.5   
17/05/1975  0       8.1    38     19     
18/05/1975  0       2.8    36     21     
19/05/1975  0       8      37     22     
20/05/1975  0       3.4    34     23     
21/05/1975  0       9.1    39     22.5   
22/05/1975  0       5.9    37     24.5   
23/05/1975  0       7.6    36.5   24     
24/05/1975  51      7.1    36.5   23     
25/05/1975  0       7.6    31     21     
26/05/1975  0       3.8    30     19     
27/05/1975  0       1.3    34     18     
28/05/1975  0       5      33     23     
29/05/1975  0       7.2    38     25     
30/05/1975  0       8      39     25     
31/05/1975  0       4.1    31.5   24     
01/06/1975  0       6.8    35     19     
02/06/1975  0       5.8    32     20     
03/06/1975  0       5.2    30     22     
04/06/1975  0       3.1    33     18     
05/06/1975  0       5.8    36.5   15     
06/06/1975  0       6.3    36     21.5   
07/06/1975  0       8.3    36.5   25     
08/06/1975  0       5.8    35     22.5   
09/06/1975  0       9      38     20     
10/06/1975  0       8.8    38.5   25     
11/06/1975  5       6.2    37     24     
12/06/1975  12      6.8    33     22     
13/06/1975  0       3.3    34     22     
14/06/1975  0       7.1    36.5   22     
15/06/1975  0       7.9    37     22     
16/06/1975  0       7.6    36.5   24     
17/06/1975  0       6      36.5   24.5   
18/06/1975  0       7.2    35     20     
19/06/1975  14      3      33     22     
20/06/1975  0       7.1    33.5   21     
21/06/1975  7       2      33     24     
22/06/1975  0       3      33.5   22     
23/06/1975  9       6.1    33.5   23.5   
24/06/1975  3       7      35     22     
25/06/1975  0       3.7    32     22     
26/06/1975  0       5.2    34     21     
27/06/1975  0       5.3    35.5   21     
28/06/1975  3       6.5    32     22     
29/06/1975  0       3.3    31     20     
30/06/1975  0       6.1    30     20     
01/07/1975  0       6      36     21     
02/07/1975  0       5.9    37     21     
03/07/1975  8       6.9    36.5   20.5   
04/07/1975  0       2.7    34     21     
05/07/1975  0       1.8    36     20     
06/07/1975  40      4.3    31     21     
07/07/1975  0       9.3    35     21     
08/07/1975  0       3.4    37     22     
09/07/1975  10      1.8    29     21.5   
10/07/1975  0       5.9    32     20.5   
11/07/1975  0       5.6    36.5   21     
12/07/1975  17      8.2    38     22     
13/07/1975  47      4.7    33     21     
14/07/1975  14      4      30     22     
15/07/1975  10      2.2    25     22     
16/07/1975  13      1.9    32     21.5   
17/07/1975  0       4.2    32.5   22     
18/07/1975  0       2.7    32     23.5   
19/07/1975  0       4.2    32     23.5   
20/07/1975  0       5      34     22.5   
21/07/1975  0       8.6    37     23     
22/07/1975  0       4.4    33     25     
23/07/1975  0       6.5    35     22     
24/07/1975  0       7.4    34     22.5   
25/07/1975  0       5.8    35     23     
26/07/1975  15      5      32     21     
27/07/1975  13      8.7    39     20     
28/07/1975  0       4      33     22     
29/07/1975  0       5.3    35     22     
30/07/1975  0       4.9    35.5   23     
31/07/1975  0       6.5    35     21     
01/08/1975  0       8.3    32     23     
02/08/1975  0       4.2    35     21     
03/08/1975  0       5.9    36     23     
04/08/1975  0       4.5    35.5   23     
05/08/1975  70      5.7    35     23     
06/08/1975  8       2.3    32     21     
07/08/1975  29      9      30     20.5   
08/08/1975  0       4      36     21     
09/08/1975  10      6      32     22     
10/08/1975  10      7      32     21     
11/08/1975  0       6.4    33.5   20     
12/08/1975  7       4.4    33     22.5   
13/08/1975  0       5.9    35     22     
14/08/1975  0       5.1    34.5   22.5   
15/08/1975  0       3.6    34     23     
16/08/1975  0       4.8    35     22.5   
17/08/1975  0       4.9    35     22.5   
18/08/1975  0       1.7    33     21.5   
19/08/1975  0       3.2    34     20     
20/08/1975  15      4.8    31.5   21.5   
21/08/1975  6       4.9    34     22.5   
22/08/1975  0       7.6    36     22     
23/08/1975  0       4.7    33     21     
24/08/1975  0       2.1    35     20     
25/08/1975  0       1.5    34     22     
26/08/1975  7       2.1    34     21     
27/08/1975  0       3.8    32     21     
28/08/1975  0       3.6    31     22     
29/08/1975  0       3.1    36     23     
30/08/1975  0       1.9    35.5   21     
31/08/1975  0       5.1    30     21     
01/09/1975  30      3      29     21     
02/09/1975  7       3.9    33     22     
03/09/1975  0       5.2    35     22     
04/09/1975  27      4.8    30     20     
05/09/1975  0       3.8    32     21     
06/09/1975  0       3.5    34     21     
07/09/1975  12      4.8    30     20     
08/09/1975  0       4.1    31.5   22     
09/09/1975  26      5.8    30     22     
10/09/1975  27      6.2    31     22.5   
11/09/1975  20      5.8    33     20     
12/09/1975  0       4.1    31     22     
13/09/1975  20      7      34     20     
14/09/1975  0       2.8    31     22     
15/09/1975  0       4.9    30     21     
16/09/1975  0       5.2    32     22     
17/09/1975  0       4.8    35     20     
18/09/1975  0       5.7    34     23     
19/09/1975  0       4.6    33     21     
20/09/1975  0       4.5    34     22     
21/09/1975  0       3.3    31     21     
22/09/1975  0       2.3    32     19     
23/09/1975  0       4.8    31     20     
24/09/1975  0       4.6    30     22     
25/09/1975  0       4.1    33     21     
26/09/1975  0       4.4    31     24     
27/09/1975  0       6.8    32     22     
28/09/1975  0       3.9    34     23     
29/09/1975  0       4.5    32     20     
30/09/1975  0       5.5    33     20     
01/10/1975  0       2.9    31     20     
02/10/1975  0       3      33     17     
03/10/1975  0       4.4    30     14     
04/10/1975  0       6.5    31     19     
05/10/1975  0       4.4    33     19     
06/10/1975  0       4.8    36     20     
07/10/1975  0       4.1    30     23     
08/10/1975  0       3.9    31     18     
09/10/1975  0       3.2    32     20     
10/10/1975  31      1.8    33.5   20     
11/10/1975  3       2.2    30     14.5   
12/10/1975  0       1      31     13     
13/10/1975  0       2.2    32     18     
14/10/1975  0       0.8    33     20     
15/10/1975  0       4.1    30     18.5   
16/10/1975  4       1      32     22     
17/10/1975  8       5.3    34     18     
18/10/1975  0       6      33     20     
19/10/1975  0       2.3    28     22     
20/10/1975  0       3.7    31     19     
21/10/1975  0       1.8    35     17     
22/10/1975  0       2.4    30     20     
23/10/1975  0       3.8    31     20     
24/10/1975  0       4.1    29     16     
25/10/1975  0       2.5    33     19     
26/10/1975  0       2      33     16     
27/10/1975  0       3.4    34     16     
28/10/1975  0       3.1    32     20     
29/10/1975  2       1.8    33     17     
30/10/1975  0       4.1    35     18     
31/10/1975  0       5.1    30     20     
01/11/1975  0       4.8    36     19     
02/11/1975  0       6.4    33     23     
03/11/1975  0       7.6    30     21     
04/11/1975  0       7.2    34     17     
05/11/1975  0       3.8    33     16     
06/11/1975  0       4.4    32     20     
07/11/1975  0       4.7    32     19     
08/11/1975  0       3.9    30     20     
09/11/1975  0       5.3    31     18     
10/11/1975  0       6.9    29     19     
11/11/1975  0       2.8    30     15     
12/11/1975  0       2.1    31     18     
13/11/1975  0       1.9    23     17     
14/11/1975  0       5      32     4      
15/11/1975  0       3.1    33     10     
16/11/1975  0       3.1    35     19     
17/11/1975  0       4      30     19     
18/11/1975  0       4.9    30     20     
19/11/1975  0       2.4    31     15     
20/11/1975  0       5.2    33     11     
21/11/1975  0       2.5    30     6      
22/11/1975  0       4.5    33     15     
23/11/1975  0       4.1    28     19     
24/11/1975  0       2.9    20     16     
25/11/1975  0       2.1    25     10     
26/11/1975  0       6      30     15     
27/11/1975  0       3      31     13     
28/11/1975  0       4.1    35     16     
29/11/1975  0       4.9    33     19     
30/11/1975  0       2.7    32     19     
01/12/1975  0       4.2    31     21     
02/12/1975  0       5.7    33     15     
03/12/1975  0       4.2    29     20     
04/12/1975  0       3.1    35     12     
05/12/1975  0       3.6    32     18     
06/12/1975  0       3.1    31     11     
07/12/1975  0       2      31     17     
08/12/1975  0       3.5    32     18     
09/12/1975  0       4.7    31     15     
10/12/1975  0       6.1    35     17     
11/12/1975  0       2.4    30     19     
12/12/1975  0       4.8    33     11     
13/12/1975  0       4.8    32     13     
14/12/1975  0       3      30     14     
15/12/1975  0       5.9    31     10     
16/12/1975  0       3.1    30     16     
17/12/1975  0       2.1    25     12     
18/12/1975  0       2.7    20     9      
19/12/1975  9       2.4    24.5   8      
20/12/1975  9       3      32     5.5    
21/12/1975  9       3.1    29     12     
22/12/1975  9       3      28     9      
23/12/1975  9       3.9    30     5      
24/12/1975  9       1.9    32     9      
25/12/1975  9       5.2    31     12     
26/12/1975  9       2.1    33     11     
27/12/1975  9       2      27     14     
28/12/1975  9       2.9    29     8      
29/12/1975  9       2.1    31     10     
30/12/1975  9       4.1    29     5.5    
31/12/1975  9       2.3    30     10     
--------------------------------------
