CNA-SMN-CG-GMC-SMAA-CLIMATOLOGIA
BASE DE DATOS CLIMATOLOGICA
DATOS DISPONIBLES EN LA BASE DE DATOS A MARZO 2023

ESTACION  : 20230
NOMBRE    : PRESA MATIAS ROMERO
ESTADO    : OAXACA
MUNICIPIO : SAN PABLO HUITZO
SITUACION : SUSPENDIDA
ORGANISMO : CONAGUA-DGE
CVE-OMM   : Nulo
LATITUD   : 017.27°
LONGITUD  : -96.9°
ALTITUD   : 1739 msnm

EMISIÓN   : 13/03/2023

            PRECIP  EVAP   TMAX   TMIN   
  Fecha     (MM)    (MM)   (°C)   (°C)   
01/08/1974  0       3.5    23     12     
02/08/1974  0.8     7.4    23     13     
03/08/1974  0       7.3    22     13     
04/08/1974  0       6.5    19     11     
05/08/1974  0       4.9    22     14     
06/08/1974  21      7.2    24     13     
07/08/1974  3.5     5.5    23     12     
08/08/1974  5.1     1.8    23     12     
09/08/1974  0       6.7    23     13     
10/08/1974  1.7     4.3    23     14     
11/08/1974  0.8     4.1    23     12     
12/08/1974  0.5     6.6    21     12     
13/08/1974  0       4.1    21     12     
14/08/1974  3.4     6.1    23     12     
15/08/1974  0       3.3    23     12     
16/08/1974  0       2.7    20     12     
17/08/1974  0       4.7    21     14     
18/08/1974  0       7      22     14     
19/08/1974  0       8.3    22     12     
20/08/1974  0       4.5    24     11     
21/08/1974  0       6      25     11     
22/08/1974  0       5.4    22     11     
23/08/1974  0       3.5    22.5   11     
24/08/1974  11      4.8    23     11.5   
25/08/1974  1.7     5.1    22     13     
26/08/1974  0.5     4.2    23     12     
27/08/1974  6.8     3.4    22     14     
28/08/1974  21.5    6      24     15     
29/08/1974  0       6      21     14     
30/08/1974  0       7.5    22     11     
31/08/1974  3       3      22     12     
01/09/1974  0       6.3    23     13     
02/09/1974  0       6.7    24     11     
03/09/1974  0       7.7    23     10     
04/09/1974  0       4.9    24     13     
05/09/1974  3.3     5.9    23     13     
06/09/1974  28      4      23     15     
07/09/1974  0.5     5.6    22     15     
08/09/1974  1.5     3.3    23     13     
09/09/1974  12.2    2.2    18     11     
10/09/1974  0       3.8    20     12.5   
11/09/1974  1.1     2.5    21     11.5   
12/09/1974  0       3.5    23     13     
13/09/1974  2.5     0.7    23.5   12     
14/09/1974  0       5.4    22     14     
15/09/1974  0       3.9    22.5   13     
16/09/1974  0       8.6    24     13     
17/09/1974  0       5.1    23     13     
18/09/1974  0       4.8    22     12     
19/09/1974  3       4.6    19     13     
20/09/1974  21      4.1    19     9      
21/09/1974  6.5     3.5    19.5   10     
22/09/1974  7.5     5.5    19.8   14     
23/09/1974  15.6    4.6    21     13     
24/09/1974  0       3      21.5   14     
25/09/1974  66.2    5.9    24     14     
26/09/1974  0       3.6    23     14.5   
27/09/1974  0       5      24     14     
28/09/1974  4.9     4.2    23     14     
29/09/1974  15.9    7.6    21     13     
30/09/1974  1.2     3.1    17     14     
01/10/1974  0       1.8    17     11     
02/10/1974  0       1      16     11     
03/10/1974  0       6.8    15     10     
04/10/1974  0       2.7    15     10     
05/10/1974  0       5.2    14     11     
06/10/1974  0       6.3    18     10     
07/10/1974  0       5.9    17     11     
08/10/1974  0       8.1    17.5   10     
09/10/1974  0       8.4    21     8      
10/10/1974  0       4.3    20     9      
11/10/1974  0       6.8    22     9      
12/10/1974  0       7      21     10     
13/10/1974  0       2.6    20     12     
14/10/1974  0       3      25     12     
15/10/1974  0       1      21     14     
16/10/1974  0       3.9    20     14     
17/10/1974  0       2.9    18     11     
18/10/1974  0       4.6    21     11     
19/10/1974  0       4.7    18     11     
20/10/1974  0       4.6    21     9      
21/10/1974  0       4.9    21     9      
22/10/1974  0       5.1    17     10     
23/10/1974  0       5.1    21     11     
24/10/1974  0       4.2    21     11     
25/10/1974  0       4.9    21     10     
26/10/1974  0       4.9    21.5   10     
27/10/1974  0       5.2    22     9      
28/10/1974  0       5.3    26     10     
29/10/1974  0       5.2    26.5   12     
30/10/1974  0       5.8    23     13     
31/10/1974  0       3.8    22     13     
01/11/1974  0       6.7    24     11     
02/11/1974  0       5.6    23     10     
03/11/1974  0       6.8    24     10     
04/11/1974  0       5.2    25     11     
05/11/1974  0       5.4    22     9      
06/11/1974  0       3.4    21     10     
07/11/1974  0       2.5    20     9      
08/11/1974  0       4.8    21     11     
09/11/1974  0       5.9    25     9      
10/11/1974  0       3.5    26     11     
11/11/1974  0       2.8    17     12     
12/11/1974  0       4.4    18     4      
13/11/1974  0       6.6    19     8      
14/11/1974  0       4.7    21     8      
15/11/1974  0       4.4    22     8      
16/11/1974  0       4.8    23     9      
17/11/1974  0       5.3    24     11     
18/11/1974  0       5.6    24     10     
19/11/1974  0       7.2    22     9      
20/11/1974  8       2      19     11     
21/11/1974  0       2.1    20     10     
22/11/1974  0       5.9    21     11     
23/11/1974  0       6.1    20     9      
24/11/1974  0       5.3    22     10     
25/11/1974  0       3.6    15     10     
26/11/1974  0       4.4    19     7      
27/11/1974  0       4.4    18     7      
28/11/1974  0       4.2    18     6      
29/11/1974  0       5.2    20     6      
30/11/1974  0       4.1    20.5   10     
01/12/1974  0       6.3    20     7      
02/12/1974  0       3.8    20.5   8      
03/12/1974  0       3.8    21     9      
04/12/1974  0       4.8    20     8      
05/12/1974  0       2.1    23     8      
06/12/1974  0       1.6    22     9      
07/12/1974  0       3.6    20     11     
08/12/1974  0       3.1    19     9      
09/12/1974  0       4.9    22     9      
10/12/1974  0       5.4    25     10     
11/12/1974  0       2.6    24     12     
12/12/1974  0       4      24     9      
13/12/1974  0       4.5    19     8      
14/12/1974  0       4.5    22     8      
15/12/1974  0       5.5    25     11     
16/12/1974  0       4.1    20     8      
17/12/1974  0       4.1    25     9      
18/12/1974  0       5.6    19     5      
19/12/1974  0       4.6    21     9      
20/12/1974  0       5.7    24     11     
21/12/1974  0       2.8    23     10     
22/12/1974  0       4      21     8      
23/12/1974  0       5.9    23     8      
24/12/1974  0       4.9    22     7      
25/12/1974  0       3.8    24     8      
26/12/1974  0       2.9    24     7      
27/12/1974  0       4.4    23     7      
28/12/1974  0       2.8    24     9      
29/12/1974  0       3.5    23     7      
30/12/1974  0       4.5    23.5   9      
31/12/1974  0       4.2    23     9.5    
01/01/1975  0       5.4    18     7      
02/01/1975  0       3.2    20     8      
03/01/1975  0       5.5    23     9      
04/01/1975  0       4.4    22     7      
05/01/1975  0       4.1    21     8      
06/01/1975  0       5.1    23     8      
07/01/1975  0       4.9    24     9      
08/01/1975  0       4.6    22     9      
09/01/1975  0       5.3    23     4      
10/01/1975  0       2.5    19     7      
11/01/1975  0       2.6    21     6      
12/01/1975  0       4.9    20     7      
13/01/1975  0       5.6    21     7      
14/01/1975  0       3.6    15.1   9      
15/01/1975  0       3.8    19     3      
16/01/1975  0       3.4    19.5   8      
17/01/1975  0       3.9    23     4      
18/01/1975  0       4.1    21     8      
19/01/1975  0       5.1    24     9      
20/01/1975  0       4.9    20     9      
21/01/1975  0       5      19     7      
22/01/1975  0       3.9    22     8      
23/01/1975  0       6      24     9      
24/01/1975  0       3.8    23     6      
25/01/1975  0       3      22     8      
26/01/1975  0       5.1    24     7      
27/01/1975  0       6.1    22     9      
28/01/1975  0       5.4    23     8      
29/01/1975  0       5.6    22     9      
30/01/1975  0       4.8    23     9      
31/01/1975  0       5      23.5   9.5    
01/02/1975  0       4.3    19     9      
02/02/1975  0       5.7    19.5   10     
03/02/1975  0       5.1    19     10     
04/02/1975  0       5.1    20     11     
05/02/1975  0       4.8    17.5   11     
06/02/1975  0       4.8    18     9      
07/02/1975  0       5.2    18.5   10     
08/02/1975  0       4.4    19     10.5   
09/02/1975  0       5.8    19     11     
10/02/1975  0       5.9    20     10     
11/02/1975  0       4.6    18.5   11     
12/02/1975  0       5.4    17.5   10.5   
13/02/1975  0       4.9    17     9      
14/02/1975  0       4.9    18     8      
15/02/1975  0       4.8    18.5   9      
16/02/1975  0       5.2    19     9      
17/02/1975  0       5      20     10     
18/02/1975  0       5.2    18     10     
19/02/1975  0       5.4    19     9      
20/02/1975  0       5.4    20     9      
21/02/1975  0       4.5    22     8      
22/02/1975  0       5.8    22.5   8.5    
23/02/1975  0       5.2    23     8      
24/02/1975  0       6.3    23.5   9      
25/02/1975  0       4.9    24     10     
26/02/1975  0       6      22     11     
27/02/1975  0       4.6    21.5   11     
28/02/1975  0       4.8    20     10.5   
01/03/1975  0       4.1    26     9      
02/03/1975  0       5.1    25     9      
03/03/1975  0       4.8    25     9.5    
04/03/1975  0       6.5    26     9      
05/03/1975  0       5      24     10     
06/03/1975  0       4.6    26     10     
07/03/1975  0       4.6    26     11     
08/03/1975  0       3.9    20     8      
09/03/1975  0       5.3    26     8      
10/03/1975  0       5.5    29     9      
11/03/1975  0       4.8    26     10     
12/03/1975  0       6.3    29     11     
13/03/1975  0       5.9    28     11     
14/03/1975  0       4.6    26     10     
15/03/1975  0       5.2    28     10     
16/03/1975  0       5.9    28     9      
17/03/1975  0       6.1    27     10     
18/03/1975  0       6      29     9      
19/03/1975  0       5.9    25     9      
20/03/1975  0       4.7    27     10     
21/03/1975  0       4.6    28     10     
22/03/1975  0       5.7    30     11     
23/03/1975  0       6.3    28     11.5   
24/03/1975  0       6.5    28     10     
25/03/1975  0       5.9    26     10     
26/03/1975  0       4.3    27     11     
27/03/1975  0       5      26     11     
28/03/1975  0       6.3    29     10     
29/03/1975  0       5.8    32     10     
30/03/1975  0       4.8    28     10     
31/03/1975  0       5.5    29     10     
01/04/1975  0       5      30     10     
02/04/1975  0       3.6    31     11     
03/04/1975  0       6.3    25     12     
04/04/1975  0       5.1    25     11     
05/04/1975  0       4.8    24     10     
06/04/1975  0       7.8    28     10     
07/04/1975  0       5.9    27     10     
08/04/1975  0       5.7    28     12     
09/04/1975  0       4.5    29     11     
10/04/1975  0       5      28     11     
11/04/1975  0       3.8    30     10     
12/04/1975  0       7.4    29     11     
13/04/1975  0       8.6    29     11.5   
14/04/1975  0       5      30     12     
15/04/1975  0       5.1    25     11     
16/04/1975  0       5.8    28     10     
17/04/1975  0       4.7    29     9.5    
18/04/1975  0       5.4    29     9.5    
19/04/1975  0       4.9    28     11     
20/04/1975  0       4.2    25     11.5   
21/04/1975  0       2.8    25     10     
22/04/1975  0       4.6    24     9.8    
23/04/1975  0       7.6    26     11     
24/04/1975  0       8.8    28     10     
25/04/1975  0       5.9    25     10.5   
26/04/1975  0       6      27     10     
27/04/1975  0       4.4    30     9      
28/04/1975  0       5.7    30     9.5    
29/04/1975  0       3.9    29     12     
30/04/1975  0       5      30     12     
01/05/1975  0       8.7    27     12     
02/05/1975  0       8.1    28     11     
03/05/1975  0       7.8    27     11     
04/05/1975  0       8.6    30     11     
05/05/1975  0       8.9    30     11     
06/05/1975  0       6.5    28     10     
07/05/1975  0       7.5    31     11     
08/05/1975  0       6.3    30     10     
09/05/1975  0       7.6    31     11     
10/05/1975  0       6.6    30     12     
11/05/1975  0       6.7    28     12     
12/05/1975  17      5.3    27     12     
13/05/1975  2.5     6      23     13     
14/05/1975  0       7.1    26     11     
15/05/1975  13      2.8    24     11     
16/05/1975  0       8.9    27     11     
17/05/1975  0       9.4    25     11     
18/05/1975  17      3.9    26     12     
19/05/1975  0       5.1    24     11     
20/05/1975  0       3.4    27     11     
21/05/1975  10      5.8    27     12     
22/05/1975  0       3.3    25     12     
23/05/1975  7       8.8    26     12     
24/05/1975  0       3.3    24     12     
25/05/1975  14      5.1    26     12     
26/05/1975  17      4.2    23     11     
27/05/1975  0       6      22     13     
28/05/1975  2       2.2    22     12     
29/05/1975  17      8.2    20     13     
30/05/1975  20      4.9    26     10     
31/05/1975  0       5.2    26     11     
01/06/1975  0       4.9    17     15     
02/06/1975  14      4.1    16.1   14     
03/06/1975  0       4.8    18     13     
04/06/1975  7       6.1    21     14     
05/06/1975  0       4.9    25     11     
06/06/1975  7       4.9    24     12     
07/06/1975  0       5      26     12     
08/06/1975  22      4.6    25     13     
09/06/1975  0       6.3    23     13     
10/06/1975  0       4      25     12     
11/06/1975  0       5.9    23     12     
12/06/1975  0       4.8    23     12     
13/06/1975  0       5.4    21     12.5   
14/06/1975  0       7.9    24     11     
15/06/1975  19      7.7    27     11     
16/06/1975  0       5.6    25     11     
17/06/1975  7       4.1    25     10     
18/06/1975  0       6.3    23     10     
19/06/1975  3       6.6    21     10.5   
20/06/1975  0       6.6    22     10     
21/06/1975  20      3.6    24     10     
22/06/1975  0       6.4    22     12     
23/06/1975  0       5.5    20     12     
24/06/1975  0       6.4    21     11     
25/06/1975  0       7.6    19     11     
26/06/1975  20      3.9    22     11     
27/06/1975  0       6      19     12     
28/06/1975  0       4.9    21     11     
29/06/1975  20      7.1    22     11     
30/06/1975  0       5.8    21     12     
01/07/1975  0       6.1    20     11     
02/07/1975  0       5.2    18     10     
03/07/1975  0       4.7    19     11     
04/07/1975  0       4.3    17     11     
05/07/1975  0       5.2    18     11     
06/07/1975  4       4.9    19     11     
07/07/1975  0       4.9    23     10     
08/07/1975  0       4.6    25     10     
09/07/1975  0       5.4    24     10     
10/07/1975  9       4.6    25     12     
11/07/1975  20      5      23     12     
12/07/1975  20      6.4    24     11     
13/07/1975  20      0.9    24     12     
14/07/1975  5       4      23     10     
15/07/1975  5       4.8    22     11     
16/07/1975  0       5.3    21     12     
17/07/1975  0       5.7    22     10     
18/07/1975  0       4.6    24     10     
19/07/1975  0       6.1    22     13     
20/07/1975  3       6.3    21     10     
21/07/1975  0       5.7    20     10     
22/07/1975  0       5.6    24     10     
23/07/1975  0       5.1    22     11     
24/07/1975  0       4.8    22     10     
25/07/1975  0       4.7    19     11     
26/07/1975  16      6.1    20     9      
27/07/1975  0       4.9    22     9      
28/07/1975  0       5.5    20     10     
29/07/1975  0       4.7    21     10     
30/07/1975  10      4.7    22     9      
31/07/1975  0       5.3    19     9      
01/08/1975  0       4.9    20     10     
02/08/1975  0       5      21     11     
03/08/1975  20      5.1    22     12     
04/08/1975  0       4.2    24     12     
05/08/1975  0       6      22     12     
06/08/1975  0       4.9    20     14     
07/08/1975  0       4.8    19     12     
08/08/1975  7       5.1    20     11     
09/08/1975  0       6.9    22     12     
10/08/1975  5       7      21     11     
11/08/1975  0       6      19     11     
12/08/1975  0       3.3    22     11     
13/08/1975  0       4.2    18     10     
14/08/1975  0       7.6    23     10     
15/08/1975  0       4.5    21     10     
16/08/1975  0       4.8    22     10     
17/08/1975  0       5.1    19     10.5   
18/08/1975  0       5.5    20     10.5   
19/08/1975  0       2.4    18     12     
20/08/1975  0       2.4    20     12     
21/08/1975  0       5.3    20     12     
22/08/1975  0       5      20     12     
23/08/1975  0       4.9    21     11     
24/08/1975  0       4.9    22     10     
25/08/1975  0       5.2    23     10     
26/08/1975  7       2      24     12     
27/08/1975  0       3.8    21     11     
28/08/1975  0       6      22     11     
29/08/1975  25      4.7    24     10     
30/08/1975  0       5.3    23     10     
31/08/1975  2       1.1    25     10     
01/09/1975  0       1.8    23     13     
02/09/1975  0       4.3    21     12     
03/09/1975  0       3.9    20     12     
04/09/1975  12      4.4    24     12     
05/09/1975  0       3.7    22     13     
06/09/1975  0       3.1    23     11     
07/09/1975  0       1.5    23     11.5   
08/09/1975  2       2      21     10     
09/09/1975  2.5     4.8    23     11     
10/09/1975  20      3.1    23     10     
11/09/1975  0       4.9    24     12     
12/09/1975  0       1.1    20     11     
13/09/1975  0       2.8    23     10     
14/09/1975  0       6      21     10.5   
15/09/1975  0       5.1    21.5   12     
16/09/1975  0       5      19     12     
17/09/1975  8       2      19.5   10     
18/09/1975  0       6.1    20     10.5   
19/09/1975  0       5      21     11     
20/09/1975  0       4.9    25     12     
21/09/1975  0       4.2    23     10     
22/09/1975  0       5.5    20     11     
23/09/1975  0       4.9    22     11.5   
24/09/1975  0       5.6    19     9      
25/09/1975  0       3.8    19.5   5      
26/09/1975  0       4      22     7      
27/09/1975  0       2.1    20     8      
28/09/1975  0       2.5    21     9      
29/09/1975  0       2.4    25     9      
30/09/1975  0       5.1    23     8      
01/10/1975  0       5.4    22     9      
02/10/1975  0       4.8    21     10     
03/10/1975  0       6.2    21.5   11     
04/10/1975  0       3.4    16     12     
05/10/1975  0       3.5    18     12.5   
06/10/1975  0       4.7    18.5   13     
07/10/1975  0       2.1    20     11     
08/10/1975  0       2.9    21     11.5   
09/10/1975  0       3      22     11     
10/10/1975  0       2.4    20     12     
11/10/1975  0       1.9    19     9.5    
12/10/1975  0       2.1    20     9      
13/10/1975  0       6.9    23     10     
14/10/1975  20      3.8    19     12     
15/10/1975  0       4.9    22     13     
16/10/1975  0       5      21.5   12.5   
17/10/1975  0       5.1    22     13     
18/10/1975  0       4.6    20     12     
19/10/1975  0       4.4    19     10     
20/10/1975  0       1.9    20     7      
21/10/1975  0       4.1    19     6.5    
22/10/1975  0       4.8    20     8      
23/10/1975  0       5.1    22     10     
24/10/1975  0       5.5    23     10.5   
25/10/1975  0       7.5    24     7      
26/10/1975  0       5      24.5   5      
27/10/1975  0       5.1    23     11     
28/10/1975  0       4      20     11.5   
29/10/1975  0       3.3    17     12     
30/10/1975  0       3.8    19     9      
31/10/1975  0       4.1    19.5   10     
01/11/1975  0       4.7    21     9.5    
02/11/1975  0       9.3    24     8      
03/11/1975  0       5.3    21     10     
04/11/1975  0       7      20     10.5   
05/11/1975  0       3.6    17     11     
06/11/1975  0       5      23     9.5    
07/11/1975  0       3.9    22.5   10     
08/11/1975  0       5.7    24     9.5    
09/11/1975  0       5      25     11     
10/11/1975  0       6.5    24     10.5   
11/11/1975  0       5.2    22     10     
12/11/1975  0       5      21     7      
13/11/1975  0       4.4    20     10     
14/11/1975  0       4.4    16     6      
15/11/1975  0       4      18     4      
16/11/1975  0       6.8    21     3.5    
17/11/1975  0       4.3    23     5      
18/11/1975  0       5.1    22.5   6      
19/11/1975  0       3.5    23     5.5    
20/11/1975  0       6.1    21     6      
21/11/1975  0       3.4    19     7      
22/11/1975  0       3.7    22     9      
23/11/1975  0       4.9    23     9.5    
24/11/1975  0       2.8    20     7      
25/11/1975  0       4.6    19     9      
26/11/1975  0       5.2    23     7      
27/11/1975  0       5.8    23.5   9.5    
28/11/1975  0       4.3    22     9      
29/11/1975  0       4.4    25     10     
30/11/1975  0       4.9    24.5   10.5   
01/12/1975  0       6      23     10     
02/12/1975  0       2.3    18     10     
03/12/1975  0       6.3    20     7      
04/12/1975  0       6.4    18     7      
05/12/1975  0       1.9    18.5   7      
06/12/1975  0       2.8    20     6.5    
07/12/1975  0       7.1    19     7      
08/12/1975  0       7      21     6.5    
09/12/1975  0       6.2    16     6      
10/12/1975  0       1.7    17     6.5    
11/12/1975  0       2.6    18     5      
12/12/1975  0       2.7    19     6      
13/12/1975  0       3      20     5.5    
14/12/1975  0       1.8    22     7      
15/12/1975  0       2.2    21     6      
16/12/1975  0       1      23     6.5    
17/12/1975  0       0.7    18     5.5    
18/12/1975  0       1.7    20     6      
19/12/1975  0       1.4    15     7      
20/12/1975  0       1.1    16     7      
21/12/1975  0       1.7    18     6.5    
22/12/1975  0       1.8    20     8      
23/12/1975  0       4.2    20.5   7      
24/12/1975  0       3.4    21     6      
25/12/1975  0       5.3    22     5.5    
26/12/1975  0       6.1    20     7      
27/12/1975  0       3.2    21     6.5    
28/12/1975  0       3.9    22     7      
29/12/1975  0       6.2    21     6      
30/12/1975  0       4.3    22     4.5    
31/12/1975  0       4      21.5   5      
01/01/1976  0       4.6    22     5.5    
02/01/1976  0       7.1    24     5      
03/01/1976  0       5.9    20     6      
04/01/1976  0       3.7    21     5      
05/01/1976  0       4.4    21.5   7      
06/01/1976  0       4.6    21     6      
07/01/1976  0       4.8    23     6.5    
08/01/1976  0       5.1    15     6      
09/01/1976  0       4.2    16     4.5    
10/01/1976  0       5.1    18     4      
11/01/1976  0       3.4    20     5      
12/01/1976  0       3.8    18     6      
13/01/1976  0       5.6    23     5      
14/01/1976  0       4.6    19     5.5    
15/01/1976  0       4.5    18     6      
16/01/1976  0       5.7    18.5   8      
17/01/1976  0       3.3    15     10     
18/01/1976  0       2.4    15.5   11     
19/01/1976  0       2.9    18     7      
20/01/1976  0       1.6    19     4      
21/01/1976  0       2.6    17     5      
22/01/1976  0       5.1    19     6      
23/01/1976  0       4.2    21     5      
24/01/1976  0       6.2    16     4      
25/01/1976  0       4.8    19     5      
26/01/1976  0       4.6    20     5.5    
27/01/1976  0       6.3    16     6      
28/01/1976  0       4.2    20     2.5    
29/01/1976  0       4.4    20.5   3      
30/01/1976  0       4.8    22     5      
31/01/1976  0       4.6    21.5   5.5    
01/02/1976  0       4.4    24     5      
02/02/1976  0       3.8    19     4.5    
03/02/1976  0       3.8    21     5      
04/02/1976  0       4      19.2   6      
05/02/1976  0       7.6    20     6      
06/02/1976  0       6.3    23     7      
07/02/1976  6.4     7.4    18     6.5    
08/02/1976  0       6.7    20     6      
09/02/1976  0       6.1    23     7      
10/02/1976  0       6.7    23.5   6      
11/02/1976  0       6.4    22     3      
12/02/1976  0       6.5    21     2.5    
13/02/1976  0       5.5    19     2      
14/02/1976  0       2.3    20     1.5    
15/02/1976  0       6.9    22     4      
16/02/1976  0       5.7    24     5      
17/02/1976  0       5.3    25     7.5    
18/02/1976  0       8.3    25.5   8      
19/02/1976  0       5.7    24     8      
20/02/1976  0       6.8    22     7.5    
21/02/1976  0       7.8    22.5   9      
22/02/1976  0.2     4.3    21     5      
23/02/1976  0       9.7    17     3      
24/02/1976  0       7.6    16     2.5    
25/02/1976  0       7.8    20     1      
26/02/1976  0       7.3    19     1.5    
27/02/1976  0       4.8    20     4      
28/02/1976  0       8.4    22     5      
29/02/1976  0       7.5    21     4.5    
01/03/1976  0       7      20     5.5    
02/03/1976  0       6.3    25     6.5    
03/03/1976  0       5.4    25     8.5    
04/03/1976  0       9      25     9      
05/03/1976  0       7.4    27     8      
06/03/1976  0       6.2    25     8      
07/03/1976  0       7.7    24     7      
08/03/1976  0       5.9    22     9      
09/03/1976  0       9.4    22     8.5    
10/03/1976  0       2.7    21     9.5    
11/03/1976  0       3.2    21     9      
12/03/1976  0       4.5    23     9.5    
13/03/1976  0       5.3    24.5   10     
14/03/1976  0       8.1    26.5   11     
15/03/1976  0       9.2    20     10     
16/03/1976  0       8.3    22.5   9.5    
17/03/1976  0       6.1    21     10     
18/03/1976  0       8.1    20     9      
19/03/1976  0       7      22     9      
20/03/1976  0       7.5    25     11     
21/03/1976  0       7.8    26     11     
22/03/1976  0       6      25     10.5   
23/03/1976  0       6.1    22     10     
24/03/1976  0       8.9    20     9      
25/03/1976  0       6.8    23     9.5    
26/03/1976  0       8.5    27.5   9      
27/03/1976  0       5.3    29     12     
28/03/1976  0       7.8    28     12.5   
29/03/1976  0       8.5    30     12     
30/03/1976  0       6.8    29     11     
31/03/1976  0       5.5    28.5   11     
01/04/1976  0       3.8    21     10     
02/04/1976  0       3.5    28     8      
03/04/1976  0       6      26     8.5    
04/04/1976  2       9      25     10     
05/04/1976  0       7.2    27     10     
06/04/1976  0       5.7    25     11     
07/04/1976  0       9.5    30     11.5   
08/04/1976  0       8.5    25     10     
09/04/1976  0       4.3    29     13     
10/04/1976  0       7.3    23     10     
11/04/1976  0       9.2    28     9      
12/04/1976  0       8.9    27     10     
13/04/1976  0       8.4    26     10     
14/04/1976  0       9.6    29     10.5   
15/04/1976  0       8.3    30     9      
16/04/1976  0       5.7    29     12     
17/04/1976  0       8.3    30     12     
18/04/1976  0       3      28     12     
19/04/1976  0       4      27     11     
20/04/1976  0       5      27     10     
21/04/1976  5       4      25     11     
22/04/1976  0       5.4    26     12     
23/04/1976  0       6.1    28     11     
24/04/1976  0       7.5    26     13     
25/04/1976  4       5.9    27     12     
26/04/1976  0       6.5    24     10     
27/04/1976  0       7.2    28     10     
28/04/1976  0       7.3    25     13     
29/04/1976  0       6.6    29     14     
30/04/1976  0       4.3    28     12     
01/05/1976  6       4.1    23     11     
02/05/1976  6       4.2    24     12     
03/05/1976  0       5      25     11     
04/05/1976  0       5.9    21     10     
05/05/1976  0       4.5    23     10.5   
06/05/1976  0       4.6    28     10     
07/05/1976  20      5.2    23     13     
08/05/1976  0       6.8    22.5   12     
09/05/1976  0       6.6    23     11     
10/05/1976  0       3.9    22     10.5   
11/05/1976  0       3.8    24     10     
12/05/1976  15      3.6    27     10.5   
13/05/1976  0       4.8    25     13     
14/05/1976  0       8.2    23     12.5   
15/05/1976  0       2.6    22     13     
16/05/1976  4       3.2    23     12     
17/05/1976  4.2     3.6    27     11     
18/05/1976  30      3.3    28     13     
19/05/1976  16      5.1    29     14     
20/05/1976  8       3.6    27     11     
21/05/1976  8       4      25     12     
22/05/1976  2       4.5    24     14     
23/05/1976  0       5.2    25     13     
24/05/1976  7       3.4    28     14.5   
25/05/1976  0       3.5    27     15     
26/05/1976  0       4.8    28     14     
27/05/1976  0       3.9    27     13     
28/05/1976  6       6.5    28     14     
29/05/1976  0       5.3    23     13.5   
30/05/1976  0       6.2    Nulo   Nulo   
31/05/1976  0       Nulo   Nulo   Nulo   
01/06/1976  0       4.3    28     13     
02/06/1976  0       5.2    24     12     
03/06/1976  0       3.5    21.5   13     
04/06/1976  0       4.1    26     15     
05/06/1976  0       7.1    28     14     
06/06/1976  0       4.5    24     12.5   
07/06/1976  0       4.4    26     13     
08/06/1976  8       4.4    25     14     
09/06/1976  0       5.9    26     13     
10/06/1976  0       6.9    25     14     
11/06/1976  0       5.9    26     13     
12/06/1976  0       4.2    25.5   12.5   
13/06/1976  0       4.7    25     13     
14/06/1976  12      3.9    24.5   10     
15/06/1976  6       5.3    24     10.5   
16/06/1976  0       2.9    26     14     
17/06/1976  0       3.6    25     13.5   
18/06/1976  0       3.4    27     13     
19/06/1976  0       3.8    24     12     
20/06/1976  0       4.6    23     13     
21/06/1976  0       3.7    19.5   14     
22/06/1976  6       4.4    22     13     
23/06/1976  18      4.2    21     13.5   
24/06/1976  10      5.2    22     13     
25/06/1976  10      6.3    23     13.5   
26/06/1976  0       5.8    22     14     
27/06/1976  0       5.2    23.5   13     
28/06/1976  0       4.9    23     13.5   
29/06/1976  0       2.8    24     13     
30/06/1976  0       4.5    24     12.5   
01/07/1976  0       5.9    24     14     
02/07/1976  1       5      20     14.5   
03/07/1976  8       5.3    22.5   13.5   
04/07/1976  6       4.8    23     12     
05/07/1976  6.5     4.8    22.5   12.5   
06/07/1976  2       4.8    21.5   14     
07/07/1976  2.5     6.1    22     14.5   
08/07/1976  2       5.6    23     13     
09/07/1976  1       4.8    24     13     
10/07/1976  1       5.7    23     14     
11/07/1976  5       6.5    23.5   13     
12/07/1976  5       5.4    22.5   14     
13/07/1976  4       4.2    24     13     
14/07/1976  1       4      22.5   12.5   
15/07/1976  1       3.9    23     12     
16/07/1976  6       5.4    21.5   13     
17/07/1976  6       5      22     12.5   
18/07/1976  2       1.1    21     12     
19/07/1976  2       5.7    23     11     
20/07/1976  2.5     3.8    21.5   13     
21/07/1976  0       4.6    20     12.5   
22/07/1976  0       4.6    20.5   11     
23/07/1976  0       5.6    20     11.5   
24/07/1976  0       5.2    22     10     
25/07/1976  0       5.1    21.5   12     
26/07/1976  0       4.1    22     13     
27/07/1976  0       4.7    23     11     
28/07/1976  0       8.1    24     12     
29/07/1976  0       4.6    21     11     
30/07/1976  0       5.9    22     10.5   
31/07/1976  0       6.1    23     12.5   
01/08/1976  0       4.8    20.5   11     
02/08/1976  0       5.5    19.5   10     
03/08/1976  0       2.3    21     12     
04/08/1976  0       3.8    19.5   13     
05/08/1976  0       5.4    22     12.5   
06/08/1976  0       4.3    21.5   12     
07/08/1976  0       4.7    20.5   11.5   
08/08/1976  0       2.7    20.5   13     
09/08/1976  0       6      20     13     
10/08/1976  0       3.5    22     13     
11/08/1976  0       5.8    23     12     
12/08/1976  0       6.4    21.5   11     
13/08/1976  0       5.8    23     12     
14/08/1976  0       6.5    22.5   10     
15/08/1976  7       5.5    23     10.5   
16/08/1976  0       4.3    22     13     
17/08/1976  0       4.1    23     12     
18/08/1976  0       3.6    22     12.5   
19/08/1976  17      5.8    23.5   11     
20/08/1976  0       5.4    22.5   11.5   
21/08/1976  0       4.8    23     12     
22/08/1976  0       4.7    21.5   11.5   
23/08/1976  0       4      22     12     
24/08/1976  6       3.7    20.5   13     
25/08/1976  0       3.2    21     11     
26/08/1976  0       4.5    22     12     
27/08/1976  0       4.3    24     13     
28/08/1976  0       3.5    22     12.5   
29/08/1976  0       3.8    21     12     
30/08/1976  0       1.6    20     11     
31/08/1976  0       1.4    22     12     
01/09/1976  0       2.8    22     13     
02/09/1976  0       3.8    21     13.5   
03/09/1976  0       4.3    22     14     
04/09/1976  8       3.3    23     13     
05/09/1976  0       3.8    21     14     
06/09/1976  0       2      20.5   12     
07/09/1976  0       2.7    21.5   11.5   
08/09/1976  9       4.8    21     12     
09/09/1976  0       2.7    20     13.5   
10/09/1976  0       4.5    19     12     
11/09/1976  0       2.7    20.5   13     
12/09/1976  0       2.3    21     12.5   
13/09/1976  0       3.1    23     12     
14/09/1976  0       4.2    22     11     
15/09/1976  0       3.6    21.5   13     
16/09/1976  4       5      22     12     
17/09/1976  0       4.2    20.5   14     
18/09/1976  0       3.9    21.5   15     
19/09/1976  0       4.1    25     14     
20/09/1976  17      3.8    26     13     
21/09/1976  8       4.1    25.5   12.5   
22/09/1976  5       3      21     13     
23/09/1976  0       3      22     13     
24/09/1976  0       4.1    23     14     
25/09/1976  0       5.1    21     13     
26/09/1976  14      3.9    21.5   13.5   
27/09/1976  0       5.1    24     12     
28/09/1976  0       4.9    25     13     
29/09/1976  17      5.9    24     14     
30/09/1976  3.5     7.2    25     13     
01/10/1976  4       3.9    22     13.5   
02/10/1976  0       4.2    19.5   12     
03/10/1976  0       3.2    20.5   13     
04/10/1976  5       3.9    19.5   12     
05/10/1976  0       2.6    20.5   13     
06/10/1976  8       3.9    21     13.5   
07/10/1976  10      4.7    19     13     
08/10/1976  1       3.5    18.5   12     
09/10/1976  5       3.9    17.5   11     
10/10/1976  4       4.7    18     10     
11/10/1976  2       5.3    21     10.5   
12/10/1976  0       2.8    22     11     
13/10/1976  0       3.3    23     12     
14/10/1976  0       5.1    23.5   13     
15/10/1976  0       3.8    24     14     
16/10/1976  0       4.9    24.5   12     
17/10/1976  0       3.3    19.5   10     
18/10/1976  0       2.9    20     13     
19/10/1976  0       3.1    22     10     
20/10/1976  0       2.9    23     11     
21/10/1976  0       4.2    20     10     
22/10/1976  0       4.4    21     11     
23/10/1976  0       5.8    19     9      
24/10/1976  0       5.5    20     11     
25/10/1976  0       3.4    23     10.5   
26/10/1976  0       4.4    21     12     
27/10/1976  0       2.3    18     14     
28/10/1976  0       2.7    21     13     
29/10/1976  0       3.2    24     14     
30/10/1976  0       3.8    20     13     
31/10/1976  0       3.9    21     10     
01/11/1976  0       2.9    18.5   13     
02/11/1976  0       5      19     14     
03/11/1976  0       4.4    20     12     
04/11/1976  6       5.9    19.5   14     
05/11/1976  0       5.5    21     13.5   
06/11/1976  0       4      19.5   9      
07/11/1976  0       2.1    16.5   9      
08/11/1976  0       4.9    15.5   8      
09/11/1976  0       5.1    18     9      
10/11/1976  0       3      18.5   10     
11/11/1976  1.2     2.5    19     11     
12/11/1976  0       5.9    20.5   10     
13/11/1976  0       3.8    21.5   12     
14/11/1976  9       3.9    23     13     
15/11/1976  8       5.1    20     12.5   
16/11/1976  0       3.2    19     10     
17/11/1976  0       4.9    20     10.5   
18/11/1976  0       4.9    21     12     
19/11/1976  0       6      21.5   11     
20/11/1976  0       5.9    22     13     
21/11/1976  0       5.1    23     10     
22/11/1976  0       4.1    19     9      
23/11/1976  0       3.9    16.5   9.5    
24/11/1976  0       3.1    17     10     
25/11/1976  0       4      22     9      
26/11/1976  0       2.9    23     10     
27/11/1976  0       2.1    24     11     
28/11/1976  0       4.1    23     10     
29/11/1976  0       4.9    24     9      
30/11/1976  0       3.2    25.5   8.5    
01/12/1976  0       3.9    20     8.5    
02/12/1976  0       3      19     9      
03/12/1976  0       5      20     9      
04/12/1976  0       5      22     8      
05/12/1976  0       3      20     8      
06/12/1976  0       2      19     8      
07/12/1976  0       3.9    20     8.5    
08/12/1976  0       3.9    16     9      
09/12/1976  0       2.2    18     8      
10/12/1976  0       4.2    19     8.5    
11/12/1976  0       5.7    19     8      
12/12/1976  0       3      20     10     
13/12/1976  0       4.6    21     9      
14/12/1976  0       6.1    20     9      
15/12/1976  0       1.4    21     13     
16/12/1976  0       3      23     14     
17/12/1976  0       5.7    20     8      
18/12/1976  0       3.3    21     8      
19/12/1976  0       4      20     9      
20/12/1976  0       3.9    20     8      
21/12/1976  0       6.3    21     8      
22/12/1976  0       6      20     6      
23/12/1976  0       3.9    21     5      
24/12/1976  0       3.2    22     7      
25/12/1976  0       5      23     10     
26/12/1976  0       4.8    23     9      
27/12/1976  0       5.2    22     7      
28/12/1976  0       4.8    23     7      
29/12/1976  0       4.1    21     8      
30/12/1976  0       6.1    22     8      
31/12/1976  0       3.9    20     9      
01/01/1977  0       6.1    23     9      
02/01/1977  0       5      24     10     
03/01/1977  0       5      24     8      
04/01/1977  0       5      25     8      
05/01/1977  0       6      25     8      
06/01/1977  0       4.7    26     6      
07/01/1977  0       5.3    27     6      
08/01/1977  0       6.9    24     6      
09/01/1977  0       4.9    25     5      
10/01/1977  0       5.2    19     7      
11/01/1977  0       4.7    20     4      
12/01/1977  0       5      21     3      
13/01/1977  0       3.8    21     3.5    
14/01/1977  0       3.5    22     6      
15/01/1977  0       4.8    22     8      
16/01/1977  0       5.9    23     7      
17/01/1977  0       2.5    19     10     
18/01/1977  0       3.5    19     9      
19/01/1977  0       5.4    20     8      
20/01/1977  0       6.6    20     6      
21/01/1977  0       6.5    21     3      
22/01/1977  0       7.1    23     9      
23/01/1977  0       5.4    24     9      
24/01/1977  0       3.6    24     8      
25/01/1977  0       7.1    21     5      
26/01/1977  0       4.9    19     4      
27/01/1977  0       5.1    20     3      
28/01/1977  0       5.3    22     8      
29/01/1977  0       6.6    24     6      
30/01/1977  0       3      25     10     
31/01/1977  0       3.5    23     9      
01/07/1981  0       Nulo   Nulo   Nulo   
02/07/1981  0       Nulo   Nulo   Nulo   
03/07/1981  0       Nulo   Nulo   Nulo   
04/07/1981  0       Nulo   Nulo   Nulo   
05/07/1981  0       Nulo   Nulo   Nulo   
06/07/1981  0       Nulo   Nulo   Nulo   
07/07/1981  0       Nulo   Nulo   Nulo   
08/07/1981  0       Nulo   Nulo   Nulo   
09/07/1981  0       Nulo   Nulo   Nulo   
10/07/1981  0       Nulo   Nulo   Nulo   
11/07/1981  0       Nulo   Nulo   Nulo   
12/07/1981  0       Nulo   Nulo   Nulo   
13/07/1981  0       Nulo   Nulo   Nulo   
14/07/1981  0       Nulo   Nulo   Nulo   
15/07/1981  0       Nulo   Nulo   Nulo   
16/07/1981  0       Nulo   Nulo   Nulo   
17/07/1981  0       Nulo   Nulo   Nulo   
18/07/1981  0       Nulo   Nulo   Nulo   
19/07/1981  0       Nulo   Nulo   Nulo   
20/07/1981  0       Nulo   Nulo   Nulo   
21/07/1981  0       Nulo   Nulo   Nulo   
22/07/1981  0       Nulo   Nulo   Nulo   
23/07/1981  0       Nulo   Nulo   Nulo   
24/07/1981  0       Nulo   Nulo   Nulo   
25/07/1981  0       Nulo   Nulo   Nulo   
26/07/1981  4       Nulo   27     Nulo   
27/07/1981  1       Nulo   29     15     
28/07/1981  8       Nulo   27     14     
29/07/1981  0       Nulo   25     15     
30/07/1981  4       Nulo   25.4   15.5   
31/07/1981  0       Nulo   25     14.1   
01/08/1981  0       Nulo   24     14     
02/08/1981  0       Nulo   24.5   12.1   
03/08/1981  0       Nulo   26     12     
04/08/1981  0       Nulo   25     14     
05/08/1981  1.2     Nulo   25     16     
06/08/1981  0       Nulo   26     14     
07/08/1981  0       Nulo   25     14     
08/08/1981  0       Nulo   24     14     
09/08/1981  18      Nulo   24.5   13     
10/08/1981  10      Nulo   24     12     
11/08/1981  0       Nulo   25     14     
12/08/1981  0       Nulo   24     12     
13/08/1981  0       Nulo   24.5   13.1   
14/08/1981  0       Nulo   23     10     
15/08/1981  1.6     Nulo   24.1   12     
16/08/1981  10.7    Nulo   31     14     
17/08/1981  3       Nulo   27     14     
18/08/1981  12.5    Nulo   25     15     
19/08/1981  19.5    Nulo   23     16     
20/08/1981  17.5    Nulo   24     15     
21/08/1981  18.6    Nulo   25     13     
22/08/1981  18.1    Nulo   25     19     
23/08/1981  8.5     Nulo   24     13     
24/08/1981  17.3    Nulo   24     14     
25/08/1981  19.5    Nulo   23     14.5   
26/08/1981  17.5    Nulo   25     15     
27/08/1981  20      Nulo   24     15     
28/08/1981  1       Nulo   25     16     
29/08/1981  6       Nulo   23     15     
30/08/1981  10      Nulo   25     16     
31/08/1981  0       Nulo   26     17     
01/09/1981  0       4      27     15     
02/09/1981  2       6      27     14     
03/09/1981  10      5      24     15     
04/09/1981  10      4.9    26     14     
05/09/1981  6       6.1    25     10     
06/09/1981  5       8      23     14     
07/09/1981  0       3      24     15     
08/09/1981  0       4      25     13     
09/09/1981  0       5      29     12     
10/09/1981  0       4.1    25     14     
11/09/1981  0       5      26     11.1   
12/09/1981  0       5.2    24     13     
13/09/1981  0       5.7    27     14     
14/09/1981  0       5      25     12     
15/09/1981  0       3      28     12     
16/09/1981  1.5     3.5    24     15     
17/09/1981  0       3      23     15     
18/09/1981  0       2      26     15     
19/09/1981  0       5      24.1   14     
20/09/1981  0       4.1    27     10     
21/09/1981  0       5.5    27     14     
22/09/1981  0       5.8    24     15     
23/09/1981  0       2.2    23     15     
24/09/1981  0       4      24     15.2   
25/09/1981  0       3.1    25     12     
26/09/1981  0       4.9    24     15     
27/09/1981  4.5     5.4    24.5   14     
28/09/1981  2       3.1    24     15     
29/09/1981  3       3.9    24     15     
30/09/1981  4       4.2    21.1   13     
01/10/1981  1       2.8    25     15     
02/10/1981  2.1     3      25     15     
03/10/1981  0       4.1    25     15     
04/10/1981  1.5     4.5    26     14     
05/10/1981  1       4      25     13     
06/10/1981  0       3      24     14     
07/10/1981  0       4.2    23     13     
08/10/1981  5       4.2    22     12     
09/10/1981  1.2     4      24     13     
10/10/1981  0       3.9    23     13.5   
11/10/1981  0       3      24     13     
12/10/1981  17.5    4.6    24.5   12     
13/10/1981  9       5.4    23     14     
14/10/1981  0       6      23     13     
15/10/1981  0       5.6    24.5   12     
16/10/1981  0       5      24     13     
17/10/1981  0       4.1    23     14     
18/10/1981  0       5.8    24     13     
19/10/1981  0       5      25     13     
20/10/1981  0       5.2    24.5   12     
21/10/1981  0       4.9    23     12     
22/10/1981  0       3.1    24.5   12     
23/10/1981  0       5      25     12     
24/10/1981  0       4.3    25     11     
25/10/1981  8       4.5    25.5   11     
26/10/1981  0       5      24     12     
27/10/1981  0       5.2    25     14     
28/10/1981  0       6.4    24.5   13     
29/10/1981  0       4.9    25     12     
30/10/1981  1       5.1    24     13     
31/10/1981  2       5.1    25     11     
10/11/1981  0       Nulo   Nulo   Nulo   
11/11/1981  0       3.5    30     12     
12/11/1981  0       4.6    28     14     
13/11/1981  0       2      30     16     
14/11/1981  0       2      30     13     
15/11/1981  0       3.1    30     14     
16/11/1981  0       4.4    35     16     
17/11/1981  0       4.1    30     14     
18/11/1981  0       6.5    32     15     
19/11/1981  0       3.8    33     15     
20/11/1981  0       4.2    30     15     
21/11/1981  0       3.1    32     16     
22/11/1981  0       3.9    31     15     
23/11/1981  0       4.1    32     15     
24/11/1981  0       2.6    34     15     
25/11/1981  0       3.7    33     16     
26/11/1981  0       7.1    38     12     
27/11/1981  0       2.8    31     11     
28/11/1981  0       1.2    29     15     
29/11/1981  0       2.3    35     15     
30/11/1981  0       3.9    31     10     
01/12/1981  0       1.5    26     15     
02/12/1981  0       0.6    28     13     
03/12/1981  0       4.9    27     13     
04/12/1981  0       3      27     14     
05/12/1981  0       3.1    25     14     
06/12/1981  0       2.4    28     7      
07/12/1981  0       2.7    26     9      
08/12/1981  0       5      28     10     
09/12/1981  0       5      28     13     
10/12/1981  0       3      27     12     
11/12/1981  0       3      28     9      
12/12/1981  0       3.6    28     7      
13/12/1981  0       4.6    28     7      
14/12/1981  0       4.6    29     9      
15/12/1981  0       2.5    28     11     
16/12/1981  0       3      26     6      
17/12/1981  0       4.7    25     8      
18/12/1981  0       1.2    26     11     
19/12/1981  0       5.4    27     12     
20/12/1981  0       2      28     10     
21/12/1981  0       2.8    27.5   7      
22/12/1981  0       5.6    29     8      
23/12/1981  0       3.5    28     7      
24/12/1981  0       4.2    26     8      
25/12/1981  0       3.3    26     15     
26/12/1981  0       2.7    26.5   10     
27/12/1981  0       4.2    25     9      
28/12/1981  0       4.7    24.5   10     
29/12/1981  0       4.4    26     8      
30/12/1981  0       2.8    27     13     
31/12/1981  0       4.1    28     9      
--------------------------------------
