CNA-SMN-CG-GMC-SMAA-CLIMATOLOGIA
BASE DE DATOS CLIMATOLOGICA
DATOS DISPONIBLES EN LA BASE DE DATOS A JULIO 2022

ESTACION  : 25179
NOMBRE    : LATERAL DIEZ
ESTADO    : SINALOA
MUNICIPIO : CULIACAN
SITUACION : SUSPENDIDA
ORGANISMO : CONAGUA-DGE
CVE-OMM   : Nulo
LATITUD   : 024.6°
LONGITUD  : -107.483°
ALTITUD   : 10 msnm

EMISIÓN   : 04/07/2022

            PRECIP  EVAP   TMAX   TMIN   
  Fecha     (MM)    (MM)   (°C)   (°C)   
01/01/1979  0       2.2    26.5   12.5   
02/01/1979  0       1.4    25.5   9      
03/01/1979  0       2.8    26     10     
04/01/1979  0       1.5    29     11.5   
05/01/1979  0       3.7    28     13.5   
06/01/1979  0       2.3    28     11.5   
07/01/1979  0       4.3    28     11     
08/01/1979  0       3.3    28     10     
09/01/1979  0       1.8    26     10     
10/01/1979  0       4      27     9      
11/01/1979  0       3.1    28     7      
12/01/1979  0       3      27     8.5    
13/01/1979  0       2.7    27     9      
14/01/1979  0       3.2    28     11.5   
15/01/1979  0       2.1    25     11     
16/01/1979  0       2.2    26     12     
17/01/1979  0       1.2    28     12     
18/01/1979  0       5.6    31     18     
19/01/1979  0       3.9    32     17.5   
20/01/1979  0       2      36     17.5   
21/01/1979  0       3.7    28     10     
22/01/1979  0       3.8    25     11     
23/01/1979  0       3.8    24     12     
24/01/1979  62      9.6    22     16     
25/01/1979  0       2.8    22.5   12     
26/01/1979  0       0.8    23     15     
27/01/1979  0       1.4    21     10     
28/01/1979  3       3      23     11     
29/01/1979  0       2      21     10     
30/01/1979  0       5.7    23     8      
31/01/1979  0       1.4    23     10     
01/03/1979  0       3.5    26     10.5   
02/03/1979  0       3.6    24.5   14     
03/03/1979  0       5.8    28.5   10.5   
04/03/1979  0       3.9    29     9.5    
05/03/1979  0       3.6    25.5   10     
06/03/1979  0       4.4    29     11.5   
07/03/1979  0       4.9    31     12     
08/03/1979  0       3.6    27     11     
09/03/1979  0       4.4    29     14     
10/03/1979  0       4.1    30     15     
11/03/1979  0       6.8    32     16     
12/03/1979  0       5.9    32     13.5   
13/03/1979  0       8.9    34.5   15     
14/03/1979  0       8.9    34     15.5   
15/03/1979  0       4.4    33     15     
16/03/1979  0       4.7    32     13     
17/03/1979  0       7      31     11.5   
18/03/1979  0       4.7    30     8      
19/03/1979  0       5.4    30     8      
20/03/1979  0       4.1    27     13.5   
21/03/1979  0       4.6    28     14     
22/03/1979  0       7.4    29     11     
23/03/1979  0       8      30     13.5   
24/03/1979  0       6.5    29     14.5   
25/03/1979  0       5.4    30     10.5   
26/03/1979  0       6.4    28.5   11     
27/03/1979  0       6.4    32     12     
28/03/1979  0       3.5    29.5   12     
29/03/1979  0       4.7    33     14.5   
30/03/1979  0       7.9    32     13     
31/03/1979  0       5.6    30     8      
01/06/1979  0       5.9    35     23     
02/06/1979  0       8.4    34     24.5   
03/06/1979  0       8.1    35     24     
04/06/1979  0       9.1    32     23     
05/06/1979  0       8.2    30     24     
06/06/1979  0       7      30     24     
07/06/1979  0       6.8    30     23     
08/06/1979  0       7.9    30     20     
09/06/1979  0       8      32     18     
10/06/1979  0       9.1    35     22     
11/06/1979  0       9      39     23     
12/06/1979  0       7.3    36     25.5   
13/06/1979  0       10.1   35     26     
14/06/1979  0       10.2   35     24     
15/06/1979  0       7.4    34     24.5   
16/06/1979  0       10.2   33     24     
17/06/1979  0       7.7    34     24     
18/06/1979  0       10.2   34     23     
19/06/1979  0       7.8    36     22     
20/06/1979  0       11.5   40     21     
21/06/1979  0       9.5    36     25     
22/06/1979  0       9.3    35     26     
23/06/1979  0       11.8   37     25     
24/06/1979  0       10.9   35     26     
25/06/1979  0       8.7    35     25.5   
26/06/1979  0       11.6   35     25     
27/06/1979  0       8.6    39     26     
28/06/1979  0       13.5   39     26     
29/06/1979  5.5     9.6    39     27     
30/06/1979  0       10.3   33     26     
01/07/1979  0       10     39     27     
02/07/1979  0       8.8    36     25     
03/07/1979  0       9.2    35     26.5   
04/07/1979  0       9.8    36     24.5   
05/07/1979  0       9.5    37     25     
06/07/1979  0       10.3   37     28     
07/07/1979  0       9.6    36     28     
08/07/1979  0       10.1   38     25     
09/07/1979  0       8.6    35.5   26     
10/07/1979  0       10.7   37     27     
11/07/1979  0       9      36     26     
12/07/1979  0       9      35     27     
13/07/1979  0       8      34     26.5   
14/07/1979  0       6.5    36     26.5   
15/07/1979  1.5     9.3    37     26     
16/07/1979  0       8.1    34     26     
17/07/1979  0       8.6    37     28     
18/07/1979  0       5.6    34     25.5   
19/07/1979  3       8.5    34     26     
20/07/1979  0       10.4   36     25     
21/07/1979  0       14.1   38     24.5   
22/07/1979  13      5.5    37     26     
23/07/1979  6.5     6      34.5   24     
24/07/1979  0       5.3    32     24     
25/07/1979  0       6.1    34     25     
26/07/1979  0       4.8    34     27     
27/07/1979  0       6.6    34     28     
28/07/1979  11.5    4.8    35     26     
29/07/1979  0       7.3    33     26.5   
30/07/1979  0       7.3    35     24.5   
31/07/1979  8       8.3    36     26     
01/08/1979  4       5.9    36     25     
02/08/1979  0       2      35     25     
03/08/1979  0       5.3    34     26     
04/08/1979  0       8      36     25     
05/08/1979  1.5     5.1    36     26     
06/08/1979  0       8.7    39     25     
07/08/1979  22.5    8.9    36     25     
08/08/1979  0       7.1    34     23     
09/08/1979  0       3.8    36     24.5   
10/08/1979  0       6.2    36     26     
11/08/1979  0       8.3    32     27     
12/08/1979  0       8.1    36     25     
13/08/1979  0       7.4    34     26     
14/08/1979  0       6.7    35     26     
15/08/1979  0       8.5    32     26     
16/08/1979  0       5.6    35     25     
17/08/1979  0       8.9    37     24.5   
18/08/1979  0       5.7    32     26     
19/08/1979  0       10.7   37     25     
20/08/1979  0       9.1    39     24     
21/08/1979  0       7.3    37     29     
22/08/1979  0       6.1    35     28     
23/08/1979  0       6.5    36     27.5   
24/08/1979  0       8.4    38     27     
25/08/1979  0       8.7    37     27     
26/08/1979  0       7.7    37     28     
27/08/1979  7       7.4    36     27     
28/08/1979  0       2.6    32     23.5   
29/08/1979  0       6.8    36     26     
30/08/1979  0       5.1    36     28     
31/08/1979  0       6.4    34     26.5   
01/10/1979  0       6      36     25.5   
02/10/1979  0       4.2    36     25     
03/10/1979  0       6.5    35     24.5   
04/10/1979  0       5.3    36     25.5   
05/10/1979  0       4.7    35     26     
06/10/1979  0       6.3    35     27     
07/10/1979  0       4.6    36     26     
08/10/1979  0       6.5    33.5   26     
09/10/1979  0       7.6    35     27     
10/10/1979  0       5.9    36     28     
11/10/1979  0       2.6    34     25     
12/10/1979  0       6      35     26     
13/10/1979  0       5.3    36     25     
14/10/1979  0       4.9    35     25.5   
15/10/1979  0       5.3    37     22     
16/10/1979  0       5      36     20     
17/10/1979  0       6.3    35     20     
18/10/1979  0       4.6    35     20     
19/10/1979  0       5.8    36     20     
20/10/1979  0       3.6    35     18.5   
21/10/1979  0       4.6    35     19     
22/10/1979  0       6.9    34     18     
23/10/1979  0       4.8    34     19     
24/10/1979  0       4.7    36     19.5   
25/10/1979  0       4.2    34     19.5   
26/10/1979  0       2.6    34     20     
27/10/1979  0       5.4    32     21     
28/10/1979  0       5.7    35     19     
29/10/1979  0       5.1    34     17     
30/10/1979  0       6.3    30     16     
31/10/1979  0       5      29.5   13     
01/11/1979  0       2.3    30     14     
02/11/1979  0       4.8    35     13     
03/11/1979  0       5      32     16     
04/11/1979  0       3.4    32     14     
05/11/1979  0       4      35     16     
06/11/1979  0       3.8    35     16     
07/11/1979  0       4.6    30     17.5   
08/11/1979  0       2.7    32     16.5   
09/11/1979  0       6.2    32     15     
10/11/1979  0       3.7    34     16     
11/11/1979  0       3.4    34     14     
12/11/1979  0       5.8    33     13     
13/11/1979  0       2.4    32     13     
14/11/1979  0       4.5    29     12.5   
15/11/1979  0       6.5    32     15.5   
16/11/1979  0       2.7    33     15.5   
17/11/1979  0       3.3    31     16     
18/11/1979  0       4.9    30.5   16.5   
19/11/1979  0       3.3    30     16     
20/11/1979  0       4.9    30     15     
21/11/1979  0       4.4    28     10     
22/11/1979  0       3.3    27     6      
23/11/1979  0       4.6    29     4.5    
24/11/1979  0       2.3    31     6      
25/11/1979  0       4.9    30     6.5    
26/11/1979  0       4.3    28     6      
27/11/1979  0       3.6    32     8.5    
28/11/1979  0       2.7    30     8      
29/11/1979  0       4.2    30     8      
30/11/1979  0       2.3    29     9.5    
01/12/1979  Nulo    3.2    29     10     
02/12/1979  Nulo    3.2    30     8.5    
03/12/1979  Nulo    2.7    31     8      
04/12/1979  Nulo    5.4    34     12     
05/12/1979  Nulo    4.4    32     13     
06/12/1979  Nulo    4.6    30     11.5   
07/12/1979  Nulo    2.5    30     12.5   
08/12/1979  Nulo    4.5    32     12.5   
09/12/1979  Nulo    3.9    33     11.5   
10/12/1979  Nulo    2.8    34     12     
11/12/1979  Nulo    1.6    30     16.5   
12/12/1979  Nulo    2.2    28     12     
13/12/1979  Nulo    4.3    28     15     
14/12/1979  Nulo    1.7    27     11     
15/12/1979  Nulo    1.6    28     12     
16/12/1979  Nulo    3.3    29     14     
17/12/1979  Nulo    1.8    29     13     
18/12/1979  Nulo    2.8    31     14.5   
19/12/1979  Nulo    1.3    28.5   10     
20/12/1979  Nulo    1      31     19     
21/12/1979  Nulo    3.2    28     19.5   
22/12/1979  Nulo    2.7    32     16.5   
23/12/1979  Nulo    3.1    29.5   15.5   
24/12/1979  Nulo    2.9    30.5   7.5    
25/12/1979  Nulo    3.3    31     10     
26/12/1979  Nulo    3.3    31.5   8.5    
27/12/1979  Nulo    5.6    29     12.5   
28/12/1979  Nulo    2.9    32     8      
29/12/1979  Nulo    3.2    29.5   9.5    
30/12/1979  Nulo    2.5    28.5   8.5    
31/12/1979  Nulo    4      29.5   8      
01/01/1980  0       2.8    30     8.5    
02/01/1980  0       4      26     8      
03/01/1980  0       2.8    28.5   11     
04/01/1980  0       2.4    32     11     
05/01/1980  0       5.3    31     11     
06/01/1980  0       4.4    32     10     
07/01/1980  0       1.9    26.5   9.5    
08/01/1980  0       4.1    30     9      
09/01/1980  0       3.9    32     10     
10/01/1980  0       6.7    31     10     
11/01/1980  0       3.3    32     10.5   
12/01/1980  0       2.7    29     10     
13/01/1980  0       3.3    30     9.5    
14/01/1980  0       4.3    28     10     
15/01/1980  0       2.6    31     13     
16/01/1980  0       3      30     12.5   
17/01/1980  0       5      30.5   13     
18/01/1980  0       2.4    27     12     
19/01/1980  0       4.7    29.5   12     
20/01/1980  0       4.5    30     10.5   
21/01/1980  0       3.3    26     11     
22/01/1980  0       3.7    25     8.5    
23/01/1980  0       4.9    28     8.5    
24/01/1980  0       3.2    24     12     
25/01/1980  0       2.8    27     12     
26/01/1980  0       4      32     13     
27/01/1980  0       2.9    29     11.5   
28/01/1980  0       5.5    29     11     
29/01/1980  0       4.1    27.5   11     
30/01/1980  0       2.2    28     13     
31/01/1980  0       4.4    30     13.5   
01/02/1980  0       4.3    29.5   16     
02/02/1980  0       4.3    32     15     
03/02/1980  0       3.6    35     14.5   
04/02/1980  0       4.5    32     13     
05/02/1980  0       3      32     15     
06/02/1980  0       5.6    28.5   12.5   
07/02/1980  0       4.8    28     14     
08/02/1980  0       4.6    26     16.5   
09/02/1980  0       3.8    32     12.5   
10/02/1980  0       2.6    28     13     
11/02/1980  0       1.5    22     12     
12/02/1980  0       2.7    25     12     
13/02/1980  0       3.6    31     14     
14/02/1980  0       4.8    31     16     
15/02/1980  0       4.1    32     17.5   
16/02/1980  0       7.5    30     14     
17/02/1980  0       5.2    31     13     
18/02/1980  0       4.9    31     12     
19/02/1980  0       4      33     13.5   
20/02/1980  0       5.4    32     15.5   
21/02/1980  0       6.5    31     11.5   
22/02/1980  0       7.9    31     10     
23/02/1980  0       2.8    32     10     
24/02/1980  0       4.1    32     10     
25/02/1980  0       5      31     10.5   
26/02/1980  0       5.1    29     15     
27/02/1980  0       6.1    29     16     
28/02/1980  0       7.2    31.5   15     
29/02/1980  0       5.9    31     13.5   
01/03/1980  0       5.5    32.5   13     
02/03/1980  0       5.5    29     11     
03/03/1980  0       3.5    29     15     
04/03/1980  0       5.9    32     14     
05/03/1980  0       7.9    29     14     
06/03/1980  0       7      30     13     
07/03/1980  0       9      32     13     
08/03/1980  0       6      35     13     
09/03/1980  0       4.2    31     13     
10/03/1980  0       9.4    32     14     
11/03/1980  0       5.7    33     14     
12/03/1980  0       8.2    31     12     
13/03/1980  0       7.4    31     14     
14/03/1980  0       6.8    31     14     
15/03/1980  0       6.9    31     13     
16/03/1980  0       8.4    34     13     
17/03/1980  0       6.9    33     11     
18/03/1980  0       3.2    29     13     
19/03/1980  0       4.6    33     14.5   
20/03/1980  0       7.1    33.5   11.5   
21/03/1980  0       7.1    34     11     
22/03/1980  0       6.2    34     13     
23/03/1980  0       6.2    32.5   16.5   
24/03/1980  1.5     3.2    28     16     
25/03/1980  0       3.8    28.5   18     
26/03/1980  0       3.5    23.5   14.5   
27/03/1980  0       4.7    27     13.5   
28/03/1980  0       5.3    30     10.5   
29/03/1980  0       7.1    30     9      
30/03/1980  0       7.3    32     10.5   
31/03/1980  0       3.4    29     10.5   
01/04/1980  0       5.2    30     10     
02/04/1980  0       7.2    32     7.5    
03/04/1980  0       6.6    30     9.5    
04/04/1980  0       7.4    34     8      
05/04/1980  0       3.9    32     10     
06/04/1980  0       4.6    36     10.5   
07/04/1980  0       6.7    36     11.5   
08/04/1980  0       9.2    35     11     
09/04/1980  0       6.1    30.5   13.5   
10/04/1980  0       6.2    30     14     
11/04/1980  0       6.9    31     16     
12/04/1980  0       9.2    30     16     
13/04/1980  0       4.6    29     15.5   
14/04/1980  0       7.9    31     12     
15/04/1980  0       6.1    29     15     
16/04/1980  0       7.9    32     12     
17/04/1980  0       6.8    34     11.5   
18/04/1980  0       6.2    32     14.5   
19/04/1980  0       6.8    32.5   17     
20/04/1980  0       5.4    33     17.5   
21/04/1980  0       9      35     18     
22/04/1980  0       8.4    37     20     
23/04/1980  0       9.1    37     15     
24/04/1980  0       10.2   33     12     
25/04/1980  0       8.6    34     12     
26/04/1980  0       5.7    35     12.5   
27/04/1980  0       8.1    32     15     
28/04/1980  0       4.4    31     14     
29/04/1980  0       2.7    27     18     
30/04/1980  0       4.8    27     19.5   
01/05/1980  0       6.7    30     15     
02/05/1980  0       7.8    29.5   13     
03/05/1980  0       8.3    35     12.5   
04/05/1980  0       8.1    35.5   13.5   
05/05/1980  0       6.9    35     14     
06/05/1980  0       8.6    36     17     
07/05/1980  0       8.4    33     18     
08/05/1980  0       8.1    34     19.5   
09/05/1980  0       8.1    34.5   18     
10/05/1980  0       8.4    37     18.5   
11/05/1980  0       8.7    37     19.5   
12/05/1980  0       9.2    36     19     
13/05/1980  0       8.8    35     16     
14/05/1980  0       9.6    35     15     
15/05/1980  0       9.1    32     14.5   
16/05/1980  0       6.8    32     15     
17/05/1980  0       9.5    33     15     
18/05/1980  0       9.9    35     15.5   
19/05/1980  0       7.8    33     16     
20/05/1980  0       8      32     18     
21/05/1980  0       6.8    33.5   16.5   
22/05/1980  0       8.9    34     15.5   
23/05/1980  0       12.2   33.5   17     
24/05/1980  0       5.1    34.5   18     
25/05/1980  0       8.4    37     19     
26/05/1980  0       9.4    37     19     
27/05/1980  0       11.5   38     18     
28/05/1980  0       9.7    37     18     
29/05/1980  0       11.8   39     20     
30/05/1980  0       11.7   39     19     
31/05/1980  0       11.7   37     21     
01/06/1980  0       10.7   39     20.5   
02/06/1980  0       9.2    36     20     
03/06/1980  0       9      36     20.5   
04/06/1980  0       9.1    36     22     
05/06/1980  0       9.6    35.5   24.5   
06/06/1980  0       10.1   36     24     
07/06/1980  0       10.3   37     26.5   
08/06/1980  0       10.8   40     23.5   
09/06/1980  0       11.3   37.5   24     
10/06/1980  0       10.3   35     27     
11/06/1980  0       10.4   36     26     
12/06/1980  0       10.1   36     26     
13/06/1980  0       9.9    35     25     
14/06/1980  0       8.3    36     25.5   
15/06/1980  0       8      35     24.5   
16/06/1980  0       10.9   35     24     
17/06/1980  0       8.9    35     26     
18/06/1980  0       10.5   36     25     
19/06/1980  0       8.7    39     26     
20/06/1980  0       6.9    34     27     
21/06/1980  0       10.6   34.5   28     
22/06/1980  0       8.8    35     26.5   
23/06/1980  0       10.3   35     27.5   
24/06/1980  0       11.3   36     27     
25/06/1980  0       9.4    36     27     
26/06/1980  0       10.6   36     27     
27/06/1980  0       8.9    39     27     
28/06/1980  0       11.3   37     27.5   
29/06/1980  0       11.5   39     24.5   
30/06/1980  0       12.2   39     25     
01/07/1980  14.5    11.1   39.5   26     
02/07/1980  0       8.4    40     26     
03/07/1980  5.5     10.8   37     28     
04/07/1980  0       9.3    36     24.5   
05/07/1980  0       7.3    37     27     
06/07/1980  0       6.6    40     27.5   
07/07/1980  3       15     39     28     
08/07/1980  1       10     36     24     
09/07/1980  22.5    3.2    32     27     
10/07/1980  2.5     8.4    34     25     
11/07/1980  0       8.2    34     24.5   
12/07/1980  0       10     37     25     
13/07/1980  0       9.5    39     26.5   
14/07/1980  0       10.6   38.5   27     
15/07/1980  1.5     11.2   36     28     
16/07/1980  22      2.2    36     25     
17/07/1980  2.5     7.5    34     24     
18/07/1980  0       4.3    34     24.5   
19/07/1980  0       10.4   32     26     
20/07/1980  0       10.4   36     24.5   
21/07/1980  0       7.9    36     20     
22/07/1980  23      10.9   35     27     
23/07/1980  0       6.2    36     24.5   
24/07/1980  11.5    3.9    36     27     
25/07/1980  0       5.9    35     26     
26/07/1980  0       8.3    37     27     
27/07/1980  0       6.8    36     26.5   
28/07/1980  5.5     9      37     26     
29/07/1980  0       8      35     24.5   
30/07/1980  11.5    3.4    36     26.5   
31/07/1980  3.5     4.2    34     26     
01/08/1980  0       5.4    35     25     
02/08/1980  27      1.4    32     27     
03/08/1980  0       5.5    32     27     
04/08/1980  0       4.6    34     26.5   
05/08/1980  3       7.1    37     28     
06/08/1980  0       6.6    36     25.5   
07/08/1980  1       6.7    37     28     
08/08/1980  0       8.1    36     24     
09/08/1980  0       4.6    34     27.5   
10/08/1980  0       4      34     27     
11/08/1980  0       4.4    32     26     
12/08/1980  3       4.4    34.5   26     
13/08/1980  0       5.5    33     26     
14/08/1980  0       5.9    32     27     
15/08/1980  0       6      35     26.5   
16/08/1980  6       2.3    31     26     
17/08/1980  41      7.6    32     25.5   
18/08/1980  3       2.8    32     24.5   
19/08/1980  0       7.2    34     24     
20/08/1980  12      6.1    32     26     
21/08/1980  0       1      30     25.5   
22/08/1980  0       5.1    35     25.5   
23/08/1980  0       10.6   35.5   27     
24/08/1980  0       4.4    36     24     
25/08/1980  0       4.5    34     25     
26/08/1980  0       1.6    34     24     
27/08/1980  0       5      35     27     
28/08/1980  0       5.3    36     25.5   
29/08/1980  0       3.8    38     27     
30/08/1980  12      7.9    34     27     
31/08/1980  0       8.2    37     25     
01/09/1980  41      9.6    34     24     
02/09/1980  11      1.8    39     25     
03/09/1980  13.5    5.8    32     24     
04/09/1980  2.5     3.1    34     24     
05/09/1980  4.5     6.3    37     26     
06/09/1980  6       8.5    34     25     
07/09/1980  0       2      34     25.5   
08/09/1980  0       0.4    32     24     
09/09/1980  0       5.8    35     24     
10/09/1980  53.5    5.4    36     27     
11/09/1980  0       5.1    35     24     
12/09/1980  0       10.9   36     25     
13/09/1980  43.5    4.1    32     24     
14/09/1980  0       9.3    34     24     
15/09/1980  0       4.8    36     24     
16/09/1980  0       5.7    37     28.5   
17/09/1980  15.5    8      35     28     
18/09/1980  0       3.2    33.5   25     
19/09/1980  43      9.9    34     26.5   
20/09/1980  0       1.4    32     21     
21/09/1980  2.5     3.4    34     25.5   
22/09/1980  0       3.2    32     21.5   
23/09/1980  17.5    3.1    30     25.5   
24/09/1980  14.5    2.6    29.5   24     
25/09/1980  0       4.5    34     23     
26/09/1980  0       3.5    35     25     
27/09/1980  9       3.1    30     22     
28/09/1980  41.5    4      30     24     
29/09/1980  2       2.3    30.5   25     
30/09/1980  0       3.7    33     26     
01/10/1980  0       3.7    33     26     
02/10/1980  0       3.7    36     26     
03/10/1980  0       5.4    35     26     
04/10/1980  0       4.7    35     25     
05/10/1980  0       4.7    37     25.5   
06/10/1980  0       5      36     25     
07/10/1980  0       1.2    29     27     
08/10/1980  0       2.3    34     21     
09/10/1980  21      6.1    33     22.5   
10/10/1980  0       3.6    33     20.5   
11/10/1980  0       5.4    32     22     
12/10/1980  0       3.6    34     22     
13/10/1980  0       3.8    34     21.5   
14/10/1980  0       5.5    35     22     
15/10/1980  90      6.1    26     24     
16/10/1980  28      6      26     22     
17/10/1980  0       8.6    32     22     
18/10/1980  1.5     1.5    33     23     
19/10/1980  0       2.7    32     24     
20/10/1980  0       4.2    32     22     
21/10/1980  0       5.9    33     22     
22/10/1980  0       4.2    34     21     
23/10/1980  0       4.7    34     20     
24/10/1980  0       5.5    34     20     
25/10/1980  0       4.2    33     19.5   
26/10/1980  0       2.4    34     19.5   
27/10/1980  0       4.8    32     20     
28/10/1980  0       4.2    33     21     
29/10/1980  0       3.8    32     20.5   
30/10/1980  0       2.5    33     20.5   
31/10/1980  0       2      32     21     
01/11/1980  0       5.3    33     19.5   
02/11/1980  0       4.9    34     18     
03/11/1980  0       2.7    32     17     
04/11/1980  0       3.6    35     17     
05/11/1980  0       3.3    33     19     
06/11/1980  0       4      34     20     
07/11/1980  0       4.9    33.5   20     
08/11/1980  0       3.8    32     18     
09/11/1980  0       4.1    34.5   18.5   
10/11/1980  0       3.6    32     19     
11/11/1980  0       3.6    33.5   21     
12/11/1980  0       3.4    33     20.5   
13/11/1980  0       3.9    33     18     
14/11/1980  0       3.9    32     17     
15/11/1980  11      3      28     18     
16/11/1980  0       3      26     17     
17/11/1980  0       3.4    28.5   13.5   
18/11/1980  0       2.7    29     14.5   
19/11/1980  0       2.3    28     16     
20/11/1980  0       1.6    27     12     
21/11/1980  0       3.8    26     11.5   
22/11/1980  0       3.7    33.5   11     
23/11/1980  0       2.7    32     12     
24/11/1980  0       3.3    32     11     
25/11/1980  0       3.4    28     12     
26/11/1980  0       4.4    30     11     
27/11/1980  0       4.5    30     8.5    
28/11/1980  0       3.4    32     9      
29/11/1980  0       4.8    31.5   11     
30/11/1980  0       6.4    32     11.5   
01/12/1980  0       Nulo   30     12     
02/12/1980  0       2.5    32     12     
03/12/1980  0       4.4    31     12     
04/12/1980  0       3.2    32     14     
05/12/1980  0       1.5    33     13     
06/12/1980  0       2.1    32     12.5   
07/12/1980  8.5     1.2    28     14     
08/12/1980  0       2.5    26.5   14     
09/12/1980  0       4.2    27     11.5   
10/12/1980  0       2.4    28     10     
11/12/1980  0       2      30     13     
12/12/1980  0       3.1    28     12.5   
13/12/1980  0       2.6    31     16     
14/12/1980  0       5.3    32     16.5   
15/12/1980  0       2.4    29     9.5    
16/12/1980  0       3.2    31     10.5   
17/12/1980  0       3.9    33     13     
18/12/1980  0       3.7    32     13.5   
19/12/1980  0       2.8    32     12.5   
20/12/1980  0       2.3    32     11.5   
21/12/1980  0       2      30     12     
22/12/1980  0       2      27     13     
23/12/1980  0       2.8    28     16     
24/12/1980  0       3.4    32     15.5   
25/12/1980  0       2.8    31     16.5   
26/12/1980  0       5.2    30     15     
27/12/1980  0       4.7    32     14.5   
28/12/1980  0       4.9    34     14     
29/12/1980  0       2.6    32     13     
30/12/1980  0       3.5    30     12     
31/12/1980  0       3.9    30.5   12     
01/01/1981  0       1.1    32     12.5   
02/01/1981  0       3.2    30     11     
03/01/1981  0       2.8    30     13     
04/01/1981  0       1.3    28     12.5   
05/01/1981  0       1.2    26     18.5   
06/01/1981  20      1.9    27     18.5   
07/01/1981  3.5     2.5    29     16     
08/01/1981  0       1.8    28     16.5   
09/01/1981  0       1.6    27     14     
10/01/1981  0       2      32.5   15     
11/01/1981  0       0.2    32     17.5   
12/01/1981  2       2.5    24.5   17     
13/01/1981  0       1.4    29     15     
14/01/1981  0       3.2    28     14     
15/01/1981  0       0.7    23     12.5   
16/01/1981  0       1.3    23     16     
17/01/1981  19      5.4    23     17.5   
18/01/1981  30      2.2    26     14     
19/01/1981  0       3.8    25     14     
20/01/1981  0       2.5    26     11.5   
21/01/1981  0       1.9    27     12     
22/01/1981  0       3.7    28     12     
23/01/1981  0       2.6    28     10.5   
24/01/1981  0       2.9    32     10     
25/01/1981  0       4.4    29     11     
26/01/1981  0       0.2    19.5   12     
27/01/1981  16      2      24.5   12     
28/01/1981  0       2.5    29     11     
29/01/1981  0       3      28     11     
30/01/1981  0       3.4    28.5   13     
31/01/1981  0       3.4    32     14     
01/02/1981  0       3.9    28     10     
02/02/1981  0       2.5    29     8.5    
03/02/1981  0       0.9    23     12.5   
04/02/1981  0       2.7    29     12.5   
05/02/1981  0       3      30     11.5   
06/02/1981  0       3.5    30     12.5   
07/02/1981  0       3.8    32.5   14     
08/02/1981  0       4.4    32     12.5   
09/02/1981  0       2      30     12     
10/02/1981  0       5.3    20     11.5   
11/02/1981  0       4.1    32     11     
12/02/1981  0       3.5    29     10.5   
13/02/1981  0       4.8    32     12     
14/02/1981  0       4.4    35     13     
15/02/1981  0       4.3    34     13.5   
16/02/1981  0       2.8    30     13     
17/02/1981  0       4      30     12     
18/02/1981  0       4.8    32     12     
19/02/1981  0       1.4    24     15     
20/02/1981  0       1.6    27     17     
21/02/1981  0       4.1    32     14     
22/02/1981  0       3.7    34     13.5   
23/02/1981  0       2.9    24.5   12.5   
24/02/1981  0       4.2    32     14.5   
25/02/1981  0       5.4    32     16     
26/02/1981  0       5.4    23     18     
27/02/1981  0       4.1    32     19     
28/02/1981  0       3.7    28.5   21     
01/03/1981  0       1.4    30     18     
02/03/1981  0       2.5    26     17     
03/03/1981  6       1.3    30     18     
04/03/1981  0       3.7    27     11.5   
05/03/1981  0       2.6    25     12     
06/03/1981  0       4.2    23     12     
07/03/1981  0       4      28     10     
08/03/1981  0       4.2    28.5   8.5    
09/03/1981  0       4.8    31     8      
10/03/1981  0       4.3    28     12.5   
11/03/1981  0       3.2    26     16     
12/03/1981  0       5.4    29.5   12.5   
13/03/1981  0       3.4    30     11     
14/03/1981  0       3.8    28.5   14     
15/03/1981  0       3.7    30     15     
16/03/1981  0       6.7    32     16     
17/03/1981  0       5.2    32     13     
18/03/1981  0       5.7    32     13     
19/03/1981  0       4.8    30     10     
20/03/1981  0       4.6    28     13     
21/03/1981  0       4      28     13     
22/03/1981  0       6.4    31     13     
23/03/1981  0       4.6    28     13     
24/03/1981  0       5.5    29     13     
25/03/1981  0       7.7    32     13.5   
26/03/1981  0       6.4    32     13.5   
27/03/1981  0       5.4    32     14.5   
28/03/1981  0       4.6    30.5   15     
29/03/1981  0       5.2    30     11     
30/03/1981  0       6.6    30     10     
31/03/1981  0       3.8    30.5   9.5    
01/04/1981  0       6.3    32     14     
02/04/1981  0       4.9    31     13.5   
03/04/1981  0       5.6    31     11.5   
04/04/1981  0       4.4    32     11     
05/04/1981  0       3.9    34.5   14     
06/04/1981  0       5.8    32     16     
07/04/1981  0       5      35     18     
08/04/1981  0       6.4    36.5   16.5   
09/04/1981  0       4.9    32     17     
10/04/1981  0       3.5    29     16     
11/04/1981  0       5.6    30.5   15.5   
12/04/1981  0       6.8    33     15     
13/04/1981  0       6.2    33     16     
14/04/1981  0       9      29     20     
15/04/1981  0       7      34.5   19.5   
16/04/1981  0       4.3    32.5   20     
17/04/1981  0       6.9    33     16.5   
18/04/1981  0       7.2    36     16     
19/04/1981  0       8.2    37     16.5   
20/04/1981  0       7.1    36.5   16     
21/04/1981  0       1.7    28     20     
22/04/1981  5       3.4    26     17     
23/04/1981  0       7.4    28.5   11     
24/04/1981  0       6.6    32.5   12.5   
25/04/1981  0       6.9    33     13.5   
26/04/1981  0       6.1    30.5   14     
27/04/1981  0       4.3    30     18.5   
28/04/1981  0       5.6    30     17     
29/04/1981  0       6.7    30     20     
30/04/1981  0       5.2    32     19     
01/05/1981  0       6.8    31     21     
02/05/1981  0       6.8    32.5   18     
03/05/1981  0       7.4    31     17     
04/05/1981  0       8.2    32     16     
05/05/1981  0       6      32     18.5   
06/05/1981  0       6.9    32     20     
07/05/1981  0       4.2    29     20     
08/05/1981  0       7.9    30     19.5   
09/05/1981  0       5.5    30.5   17     
10/05/1981  0       6.1    32     18     
11/05/1981  0       6.1    30     19     
12/05/1981  0       5.8    32     17     
13/05/1981  0       6.4    35     17.5   
14/05/1981  0       7.1    37     18     
15/05/1981  0       5      33     20     
16/05/1981  0       8.6    34     17     
17/05/1981  0       8.8    34.5   16.5   
18/05/1981  0       7.9    37     16     
19/05/1981  0       8.7    37     18     
20/05/1981  0       6.7    36     16     
21/05/1981  0       8.5    36     18     
22/05/1981  0       6.8    36     18     
23/05/1981  0       7.8    34     21     
24/05/1981  0       7.9    34     23     
25/05/1981  0       9.9    34     23     
26/05/1981  0       7.5    34     21.5   
27/05/1981  0       9.9    30     22     
28/05/1981  0       6.3    34     18     
29/05/1981  0       8.7    33     18     
30/05/1981  0       7.9    34     18     
31/05/1981  0       6.4    32     19     
01/06/1981  0       7.9    32     22     
02/06/1981  0       3.7    31     21     
03/06/1981  0       4.5    30     22     
04/06/1981  0       7      32     24     
05/06/1981  0       4.1    29     24     
06/06/1981  0       4      29.5   20     
07/06/1981  0       2.2    30     21     
08/06/1981  0       6.8    30     22     
09/06/1981  0       3.4    30     22     
10/06/1981  0       4      28     22.5   
11/06/1981  0       2.9    30     22     
12/06/1981  0       4.4    31     24     
13/06/1981  0       6.6    31     22     
14/06/1981  0       3.4    29     22     
15/06/1981  0       6.4    32     22     
16/06/1981  0       4      32     22     
17/06/1981  0       4.6    34     25     
18/06/1981  0       8.4    35     25     
19/06/1981  0       9      34     24     
20/06/1981  0       5.1    33     25     
21/06/1981  0       9      34     24     
22/06/1981  0       6.1    34     25     
23/06/1981  8.5     6.7    35     24     
24/06/1981  0       8.9    34     24     
25/06/1981  0       8.3    34     23     
26/06/1981  0       8.2    35     25     
27/06/1981  0       7.5    34     24     
28/06/1981  0       9      35     25     
29/06/1981  0       9.7    37     25     
30/06/1981  0       6.7    35     28     
01/07/1981  4.5     6.2    34     25     
02/07/1981  3       6      34.5   24     
03/07/1981  0       7.4    32     25     
04/07/1981  25      2.8    35     24.5   
05/07/1981  4       7.3    32     24     
06/07/1981  0       5.9    33     26     
07/07/1981  0       6.7    34     25     
08/07/1981  0       4.3    34     25.5   
09/07/1981  0       4.7    34     26     
10/07/1981  18.5    2.2    34     25     
11/07/1981  0       5.9    32     25     
12/07/1981  2       4.8    33     26     
13/07/1981  0       3.6    34     25     
14/07/1981  0       6.4    36     25     
15/07/1981  0       5.3    36     24     
16/07/1981  0       5.8    34     27     
17/07/1981  4.5     3.6    31     27     
18/07/1981  9.5     7.1    32     24.5   
19/07/1981  0       6.1    34     24     
20/07/1981  0       6.9    35     26     
21/07/1981  0       6.9    37     27     
22/07/1981  0       4.7    33.5   28     
23/07/1981  0       4.6    32.5   27     
24/07/1981  0       8      35     26.5   
25/07/1981  0       5.2    32     25     
26/07/1981  0       6      35     24.5   
27/07/1981  8       4.8    34.5   26     
28/07/1981  1       2.4    32     25     
29/07/1981  0       2.5    33     25     
30/07/1981  0       8.7    32     25     
31/07/1981  0       7.3    38     24.5   
01/08/1981  0       8.6    36     26     
02/08/1981  0       7.5    36     28     
03/08/1981  0       4.6    36.5   28.5   
04/08/1981  0       7      36     25     
05/08/1981  0       8.7    37     25.5   
06/08/1981  0       1.3    37     24.5   
07/08/1981  68      4      33     24     
08/08/1981  0       5.4    34     24     
09/08/1981  0       7.9    37     26     
10/08/1981  0       4.2    35     24     
11/08/1981  0       10.5   35     23     
12/08/1981  0       2.1    36     26     
13/08/1981  0       7      35     25     
14/08/1981  2       4.5    35     24     
15/08/1981  0       6.3    36     26.5   
16/08/1981  4       6.4    36     26     
17/08/1981  0       4.6    35     26     
18/08/1981  0       2.9    34.5   26     
19/08/1981  6       5.9    36     25     
20/08/1981  0       7      38     27     
21/08/1981  0       4.7    35     25     
22/08/1981  12.5    2.2    33     24     
23/08/1981  4       4.2    34     24     
24/08/1981  0       5.4    36     26     
25/08/1981  21      5      35     24     
26/08/1981  0       5.9    36     26     
27/08/1981  0       6.4    39     26     
28/08/1981  0       8      39     28     
29/08/1981  0       5.6    35     25     
30/08/1981  4       6      34     24.5   
31/08/1981  10.5    2      33     25     
01/09/1981  47      5      33     25     
02/09/1981  0       2.3    30     25     
03/09/1981  7.5     4.7    33     25.5   
04/09/1981  0       5.7    32     25.5   
05/09/1981  0       3.3    33     26     
06/09/1981  0       1.1    31     26     
07/09/1981  3       5.7    34     26     
08/09/1981  0       5.9    34     26     
09/09/1981  0       4.9    34     24     
10/09/1981  6       2.9    34     26     
11/09/1981  0       4.8    36     24.5   
12/09/1981  0       5.2    32     26     
13/09/1981  0       4.4    36     25     
14/09/1981  0       6      36     26     
15/09/1981  0       4.3    30     24.5   
16/09/1981  1       2.6    33     26     
17/09/1981  0       5.4    33     24     
18/09/1981  0       7.7    38     26     
19/09/1981  0       8.9    36     24     
20/09/1981  47      0.2    28     22     
21/09/1981  5       2      29     23     
22/09/1981  12.5    4.6    33     24     
23/09/1981  0       4.1    34     23     
24/09/1981  0       5.2    36     24     
25/09/1981  0       5.2    35     26     
26/09/1981  0       4.8    36     26     
27/09/1981  0       5.8    35     24     
28/09/1981  0       4.8    35     24     
29/09/1981  0       4.9    36     25     
30/09/1981  Nulo    5.4    33     24     
01/10/1981  1.5     4      33     26     
02/10/1981  0       6      35     25.5   
03/10/1981  0       2.2    35     24     
04/10/1981  0       6.3    35     24     
05/10/1981  21      5      35     24     
06/10/1981  40      1.8    26     23     
07/10/1981  67      2.7    26     23     
08/10/1981  0       3.6    32     24     
09/10/1981  0       3.8    32     23     
10/10/1981  0       3.7    34     22     
11/10/1981  8.5     1.9    29     25     
12/10/1981  0       4.5    32     24     
13/10/1981  0       3.5    34     22     
14/10/1981  0       4.9    34     22     
15/10/1981  0       3.8    34     20.5   
16/10/1981  0       4.9    34     21     
17/10/1981  0       3.6    32     20     
18/10/1981  0       4.2    34     21     
19/10/1981  0       3.7    33     20     
20/10/1981  0       1.2    34     22     
21/10/1981  0       3.8    35     23     
22/10/1981  0       5      35     24     
23/10/1981  0       4.7    32     22     
24/10/1981  0       3.8    32     23     
25/10/1981  0       3.8    34     21.5   
26/10/1981  0       5.9    35     20     
27/10/1981  0       1.9    34     19     
28/10/1981  0       4.1    34     18     
29/10/1981  0       2.3    39     20     
30/10/1981  0       3.5    31     21     
31/10/1981  0       4.6    32     20     
01/11/1981  0       4.4    35     19     
02/11/1981  0       5      35     20     
03/11/1981  0       2.9    34     21     
04/11/1981  0       3.7    34     21     
05/11/1981  0       3.8    34     19     
06/11/1981  0       6      35     19     
07/11/1981  0       3.2    35     19     
08/11/1981  0       4.3    36     18.5   
09/11/1981  0       3.7    34     15     
10/11/1981  0       2.4    31     16     
11/11/1981  0       3.8    31     18     
12/11/1981  0       4      32     19     
13/11/1981  0       2.5    32     18     
14/11/1981  0       3.8    32.5   16     
15/11/1981  0       2.4    33     16.5   
16/11/1981  0       5.2    32     16     
17/11/1981  0       0.9    33     16     
18/11/1981  0       2.8    32     17     
19/11/1981  0       2.9    31     15     
20/11/1981  0       4.4    32     16.5   
21/11/1981  0       3.8    32     15     
22/11/1981  0       4.2    32     16     
23/11/1981  0       4.1    33     16     
24/11/1981  0       1.8    32     12     
25/11/1981  0       2.3    29     14     
26/11/1981  0       4.7    30     14     
27/11/1981  0       1.4    29     18.5   
28/11/1981  0       2.3    27     15     
29/11/1981  0       3.1    29     15     
30/11/1981  0       2      27     14     
01/12/1981  0       2.8    29     12     
02/12/1981  0       2.8    31     12     
03/12/1981  0       3.5    30     14     
04/12/1981  0       2      26     17     
05/12/1981  0       1.8    32     16     
06/12/1981  0       1.8    31     17     
07/12/1981  0       4.4    32     15     
08/12/1981  0       1.8    34     15     
09/12/1981  0       4.5    35     16     
10/12/1981  0       4.7    36     16     
11/12/1981  0       3.1    33     14     
12/12/1981  0       3.3    32     14     
13/12/1981  0       3.4    32     12.5   
14/12/1981  0       2.3    30     11     
15/12/1981  0       2.8    30     10.5   
16/12/1981  0       2.6    30     12     
17/12/1981  0       3.5    30     13     
18/12/1981  0       1.9    30     13     
19/12/1981  0       2.8    32     12     
20/12/1981  0       2.8    33     13     
21/12/1981  0       3.8    34     13     
22/12/1981  0       2.9    29     13     
23/12/1981  0       2.2    28     12.5   
24/12/1981  0       1.7    28     12     
25/12/1981  0       1.9    29     9.5    
26/12/1981  0       3.5    29     10     
27/12/1981  0       4.5    29     9      
28/12/1981  0       2.8    26     9      
29/12/1981  0       3      22     11     
30/12/1981  0       3      29     12     
31/12/1981  0       2      32     11     
01/01/1982  0       2.3    29     11.5   
02/01/1982  0       3.8    28.5   11     
03/01/1982  0       4      28     12.5   
04/01/1982  0       2.3    28     9      
05/01/1982  0       2.6    27     8      
06/01/1982  0       3.2    28     9      
07/01/1982  0       1.8    28     10     
08/01/1982  0       2.4    27     12     
09/01/1982  0       3.9    33     15     
10/01/1982  0       2.8    29     12     
11/01/1982  0       0.5    25     14     
12/01/1982  7.5     2.2    28     18     
13/01/1982  0       2.1    26     14     
14/01/1982  0       3.6    27     9      
15/01/1982  0       1.8    27     9      
16/01/1982  0       2.7    28.5   10.5   
17/01/1982  0       2.6    29     9.5    
18/01/1982  0       3.2    31     11     
19/01/1982  0       2.9    32     12     
20/01/1982  0       2.9    28     13     
21/01/1982  0       3.2    29     14     
22/01/1982  0       2.8    30     13     
23/01/1982  0       3.2    31     7.5    
24/01/1982  0       2.6    30     8      
25/01/1982  0       2.3    31     7      
26/01/1982  0       3.3    32     12     
27/01/1982  0       3.5    32     8      
28/01/1982  0       5.1    32     9      
29/01/1982  0       5.4    29     8      
30/01/1982  0       3.6    26     5      
31/01/1982  0       3.1    29     6      
01/02/1982  0       4.2    28     7      
02/02/1982  0       4.9    28     6      
03/02/1982  0       4      29     8      
04/02/1982  0       4.3    29     11     
05/02/1982  0       4.2    30     10     
06/02/1982  0       3.6    30     8      
07/02/1982  0       4.2    29.5   9      
08/02/1982  0       4.8    31     8.5    
09/02/1982  0       1.2    32     9      
10/02/1982  0       6.8    32.5   9      
11/02/1982  0       3.1    32     12     
12/02/1982  0       6      30     12     
13/02/1982  0       3.7    29     12     
14/02/1982  0       2.2    28     10     
15/02/1982  0       5.1    29     11     
16/02/1982  0       4.8    33     10     
17/02/1982  0       4.1    33     9      
18/02/1982  0       4.6    32     7      
19/02/1982  0       4      32     12     
20/02/1982  0       3.9    31     13     
21/02/1982  0       4.1    31     14     
22/02/1982  0       6      32     11     
23/02/1982  0       3.3    30     13     
24/02/1982  0       4.5    26     13     
25/02/1982  0       5.4    33     15     
26/02/1982  0       3.5    30     11     
27/02/1982  0       4.7    29     12     
28/02/1982  0       5.1    32     12     
01/03/1982  0       5.1    33     12     
02/03/1982  0       4      32     12     
03/03/1982  0       5.4    32     12.5   
04/03/1982  0       3.3    28.5   13     
05/03/1982  0       5.6    31     12     
06/03/1982  0       4.7    32     10.5   
07/03/1982  0       5.2    32     14.5   
08/03/1982  0       4.5    29     10     
09/03/1982  0       5.8    32     13     
10/03/1982  0       3.1    34     12     
11/03/1982  0       5.3    34     13     
12/03/1982  0       5      30     14     
13/03/1982  0       6.1    32     15     
14/03/1982  0       6      32     12.5   
15/03/1982  0       5.3    32     12.5   
16/03/1982  0       5      32     12     
17/03/1982  0       6      30     12.5   
18/03/1982  0       4.4    29     12     
19/03/1982  0       4.8    32     12     
20/03/1982  0       6.8    32     12     
21/03/1982  0       6.2    32     11.5   
22/03/1982  0       4.8    32     11     
23/03/1982  0       5.5    32     12     
24/03/1982  0       6.3    33     13     
25/03/1982  0       7.2    34     14     
26/03/1982  0       6.6    34     12     
27/03/1982  0       4.8    32.5   13     
28/03/1982  0       5      32     14     
29/03/1982  0       5.5    32     14.5   
30/03/1982  0       7.2    34     13     
31/03/1982  0       8.6    34     11     
01/04/1982  0       7.6    37     12.5   
02/04/1982  0       6.8    34     12     
03/04/1982  0       7.5    35     11.5   
04/04/1982  0       6.4    38     12     
05/04/1982  0       7.9    37     12     
06/04/1982  0       6.1    32     13.5   
07/04/1982  0       6      32     15.5   
08/04/1982  0       7.2    36     16     
09/04/1982  0       9.7    37     15     
10/04/1982  0       6.8    38     15.5   
11/04/1982  0       5.5    32     16     
12/04/1982  0       7.2    32     18     
13/04/1982  0       6      34     17.5   
14/04/1982  0       6.4    32     18     
15/04/1982  0       6.9    32     19     
16/04/1982  0       6.7    35     14     
17/04/1982  0       6.5    34     18     
18/04/1982  0       7.7    32     19     
19/04/1982  0       7.5    36     17.5   
20/04/1982  0       6.1    34     13.5   
21/04/1982  0       5.7    32     18     
22/04/1982  0       6.2    34     17     
23/04/1982  0       2.3    30     18     
24/04/1982  0       6.6    32     18     
25/04/1982  0       6.8    35     14     
26/04/1982  0       5.9    35     13     
27/04/1982  0       3.5    30     16     
28/04/1982  0       3.4    32     17     
29/04/1982  0       7.5    35     18     
30/04/1982  0       1.7    32     20     
01/05/1982  0       8.4    32     18     
02/05/1982  0       9.2    32     17.5   
03/05/1982  0       4.7    31     18     
04/05/1982  0       5      30     21     
05/05/1982  0       6.1    32     18     
06/05/1982  0       6.1    32     15     
07/05/1982  0       7.5    34     15.5   
08/05/1982  0       7.2    33     16     
09/05/1982  0       7.6    33     14     
10/05/1982  0       6.2    34     15     
11/05/1982  0       3.7    32     18     
12/05/1982  0       6.8    34     19     
13/05/1982  0       7.5    34     14     
14/05/1982  0       8.7    36     15     
15/05/1982  0       7.8    37     19     
16/05/1982  0       8      36     18     
17/05/1982  0       9.3    36     15     
18/05/1982  0       8.1    37     15     
19/05/1982  0       7.5    36     19     
20/05/1982  0       7.6    35     24     
21/05/1982  0       8.5    32     19     
22/05/1982  0       7.7    36     18.5   
23/05/1982  0       7.8    37     20     
24/05/1982  0       8.5    38     19     
25/05/1982  0       7.5    35     22     
26/05/1982  0       7.7    32     19     
27/05/1982  0       3.6    31     22     
28/05/1982  0       7.2    34     22     
29/05/1982  0       8.2    33     22     
30/05/1982  0       5.3    33     20     
31/05/1982  0       7.3    33     19     
01/06/1982  0       8.2    33     22     
02/06/1982  0       5.9    34     23     
03/06/1982  0       10     34     23.5   
04/06/1982  0       7.7    34     22     
05/06/1982  0       7.1    34     25     
06/06/1982  0       7      33     25.5   
07/06/1982  0       7.1    35     21     
08/06/1982  0       7.1    37     21     
09/06/1982  0       7.8    34     22     
10/06/1982  0       7.3    35     24     
11/06/1982  0       8.1    35     25     
12/06/1982  0       9.4    35     23     
13/06/1982  0       8.1    36     22     
14/06/1982  0       7.3    35     25     
15/06/1982  0       8.8    35     23     
16/06/1982  0       8.2    36     24     
17/06/1982  0       7.6    35     24     
18/06/1982  0       8.8    35     25     
19/06/1982  0       7.7    35     24     
20/06/1982  0       8.5    36     25     
21/06/1982  0       8.6    36     24.5   
22/06/1982  0       9      37     25     
23/06/1982  0       9.1    38     26     
24/06/1982  0       8.9    36     24     
25/06/1982  0       5.6    37     25     
26/06/1982  0       9.9    37     25     
27/06/1982  0       9.2    37     25     
28/06/1982  0       9.2    36     25     
29/06/1982  0       8.4    35     26     
30/06/1982  0       9      35     27     
01/07/1982  0       8.6    36     26     
02/07/1982  0       8.7    37     25.5   
03/07/1982  0       8.2    37     26     
04/07/1982  0       8.4    35     26     
05/07/1982  0       8.6    37     26     
06/07/1982  0       10.5   39     26     
07/07/1982  0       7.2    39     27     
08/07/1982  0       8.6    36     29     
09/07/1982  0       6.8    35     27     
10/07/1982  83      5      34     27     
11/07/1982  0       5.9    33     27     
12/07/1982  0       6.8    36     25     
13/07/1982  1       6.4    36     25     
14/07/1982  0       8.4    36     26     
15/07/1982  0       5.9    35     27     
16/07/1982  0       3      36     27     
17/07/1982  0       6      35     25     
18/07/1982  1       7.9    35     25     
19/07/1982  0       5.4    35     25     
20/07/1982  0       3.4    35     26     
21/07/1982  0       5.8    35     26     
22/07/1982  3       7.3    37     26     
23/07/1982  0       7      37     26.5   
24/07/1982  0       6.8    33     25.5   
25/07/1982  0       6.2    36     26     
26/07/1982  0       7.7    37     27     
27/07/1982  10      2.5    30     23.5   
28/07/1982  3       8      35     24     
29/07/1982  0       5.9    37     26     
30/07/1982  0       9.2    37     27     
31/07/1982  4       1.2    34     28.5   
01/08/1982  1       6.4    36     28     
02/08/1982  0       5.7    34     23.5   
03/08/1982  2       3.3    32     26.5   
04/08/1982  0       6.6    36     24     
05/08/1982  0       6.7    37     25     
06/08/1982  0       7.5    37     27     
07/08/1982  0       7.6    37     28     
08/08/1982  0       5      35     27     
09/08/1982  65      2.3    34     22     
10/08/1982  0       2.8    30     26     
11/08/1982  12.5    6.7    35     24     
12/08/1982  0       6.5    36     25     
13/08/1982  0       2.8    32     26     
14/08/1982  0       6.5    35     26     
15/08/1982  0       6.7    35     25     
16/08/1982  5.5     6.4    36     24     
17/08/1982  0       6.3    36     25.5   
18/08/1982  0       7.9    38     27     
19/08/1982  0       4.7    35     26     
20/08/1982  0       7.1    33     25     
21/08/1982  0       2      37     29     
22/08/1982  45      5      36     22     
23/08/1982  0       3.2    35     25     
24/08/1982  0       7.5    36     24     
25/08/1982  0       6.1    35     26     
26/08/1982  0       4.6    37     25     
27/08/1982  0       11.9   38     25     
28/08/1982  0       6      38     26     
29/08/1982  5       4.8    36     24.5   
30/08/1982  0       5.1    36     26     
31/08/1982  0       4.7    35     26     
01/09/1982  0       5.2    36     24     
02/09/1982  0       5.8    37     25     
03/09/1982  0       4.5    36     26     
04/09/1982  0       6.3    35     23     
05/09/1982  0       10.2   36     25.5   
06/09/1982  14      4.2    36     23     
07/09/1982  0       1.5    36     26     
08/09/1982  0       8.1    35     24     
09/09/1982  0       4.6    37     24     
10/09/1982  0       3.3    33     27     
11/09/1982  0       4.4    33     26     
12/09/1982  0       4.3    35     24     
13/09/1982  0       6      36     25     
14/09/1982  0       7.7    36     25     
15/09/1982  0       6      38     25     
16/09/1982  0       8.7    36     25     
17/09/1982  0       5      35     25     
18/09/1982  0       6.7    37     25.5   
19/09/1982  0       6.6    39     26     
20/09/1982  0       6.4    39     26     
21/09/1982  0       5.6    40     27     
22/09/1982  0       4.5    36     26     
23/09/1982  34      6.1    35     22     
24/09/1982  0       3.6    36     27     
25/09/1982  0       5.4    35     27     
26/09/1982  0       4.7    37     27     
27/09/1982  0       3.7    34     27     
28/09/1982  42      3.8    29     25     
29/09/1982  56      0.8    27     24.5   
30/09/1982  14.5    1.1    30     24     
01/01/1983  0       1.6    26     6.5    
02/01/1983  0       2.2    27     7      
03/01/1983  0       2.2    28     11     
04/01/1983  0       3.1    28     12     
05/01/1983  0       3.3    30     12     
06/01/1983  0       4.6    32     13     
07/01/1983  0       3.8    30.5   14     
08/01/1983  0       2.2    30     11.5   
09/01/1983  0       2.1    30     12     
10/01/1983  0       2.4    29     14     
11/01/1983  0       2.2    28     15     
12/01/1983  0       1      25     16     
13/01/1983  0       0.3    24     18     
14/01/1983  5.5     2.6    29     16     
15/01/1983  0       3      31     16     
16/01/1983  0       2      28     18     
17/01/1983  0       3      28     15     
18/01/1983  0       2.7    31     15     
19/01/1983  0       4.1    28     15     
20/01/1983  13.5    3      24     14     
21/01/1983  0       2.9    28     10     
22/01/1983  0       3.6    27     11.5   
23/01/1983  0       3.7    26     8.5    
24/01/1983  0       2.4    28     7      
25/01/1983  0       4.9    29     10     
26/01/1983  0       2.3    29     9      
27/01/1983  0       3.2    30     10     
28/01/1983  0       3.5    30     10     
29/01/1983  0       3.1    32     12     
30/01/1983  0       1.7    29     14     
31/01/1983  15.5    5.4    25     13     
01/02/1983  0       3      24     9      
02/02/1983  0       3      25     8      
03/02/1983  0       1.6    29     10     
04/02/1983  0       1.1    26     12     
05/02/1983  13      3      28     15     
06/02/1983  0       3      25     11     
07/02/1983  0       2.7    29     10     
08/02/1983  0       2.8    30     10     
09/02/1983  0       4.5    30     11     
10/02/1983  0       3      28     11     
11/02/1983  0       4.5    28     11     
12/02/1983  0       3.1    32     12     
13/02/1983  0       4.5    32     13     
14/02/1983  0       4.6    30     10     
15/02/1983  0       4.1    29     9.5    
16/02/1983  0       4.7    31     10     
17/02/1983  0       3.1    29     11     
18/02/1983  0       3.5    30     11     
19/02/1983  0       2.5    30     12     
20/02/1983  0       4.6    30     11.5   
21/02/1983  0       3.8    31     10.5   
22/02/1983  0       5.3    30     12     
23/02/1983  0       5.4    30     13     
24/02/1983  0       2.3    27     12     
25/02/1983  0       3.7    26     15     
26/02/1983  0       3.4    29     11     
27/02/1983  0       4      30     9.5    
28/02/1983  0       5      30.5   10     
01/03/1983  0       6.4    29     9.5    
02/03/1983  0       2.4    33     12     
03/03/1983  4       1.5    32     11     
04/03/1983  7       6.8    32     12     
05/03/1983  3       4.2    28     13     
06/03/1983  0       3.7    32     15.5   
07/03/1983  0       5.9    33     12     
08/03/1983  0       4      32     14     
09/03/1983  0       9      33     14.5   
10/03/1983  0       4      28     12     
11/03/1983  0       4.6    30     17     
12/03/1983  0       2.4    29     17     
13/03/1983  0       5.1    28     14     
14/03/1983  0       6      31     14     
15/03/1983  0       5.6    28.5   14     
16/03/1983  0       5.7    27     12     
17/03/1983  0       4.4    30     10     
18/03/1983  0       5.1    29     13     
19/03/1983  0       5.6    33     13     
20/03/1983  0       7.5    29     14     
21/03/1983  0       3.7    30     12     
22/03/1983  0       3.4    29.5   11     
23/03/1983  0       6.9    30     13     
24/03/1983  0       4.5    33     11.5   
25/03/1983  0       6.7    30     11     
26/03/1983  0       4.8    31     9      
27/03/1983  0       4.4    28     11     
28/03/1983  0       7      32     13     
29/03/1983  0       6.7    33     12     
30/03/1983  0       5.6    34     12     
31/03/1983  0       6      32     14     
01/04/1983  0       5.5    35     13.5   
02/04/1983  0       7.5    32     14     
03/04/1983  0       4.3    30     15     
04/04/1983  0       4.8    29     15     
05/04/1983  0       5.4    27     17     
06/04/1983  0       4.8    28     17.5   
07/04/1983  15.5    3.4    20     17     
08/04/1983  1       5      26     10     
09/04/1983  0       5      28     9      
10/04/1983  0       5.7    30     9.5    
11/04/1983  0       6.6    31     11     
12/04/1983  0       6      30     10.5   
13/04/1983  0       7.9    29     11     
14/04/1983  0       5.3    30     10     
15/04/1983  0       6.9    31     10     
16/04/1983  0       7.2    30     11     
17/04/1983  0       4.7    32     12     
18/04/1983  0       5.7    31     13     
19/04/1983  0       7      32     14.5   
20/04/1983  0       7.9    33     14     
21/04/1983  0       6      33     14     
22/04/1983  0       7.2    33     13     
23/04/1983  0       6      34     13.5   
24/04/1983  0       7      33     12     
25/04/1983  0       5.7    32     12     
26/04/1983  0       6.5    30     18     
27/04/1983  0       6.3    31     16     
28/04/1983  0       7      30     16     
29/04/1983  0       7.2    32     16     
30/04/1983  0       5.3    36     16     
01/05/1983  0       7.5    35     16     
02/05/1983  0       7.2    35     13     
03/05/1983  0       8      34     12.5   
04/05/1983  0       6.3    33     14.5   
05/05/1983  0       7.1    35     16.5   
06/05/1983  0       7.1    34     18     
07/05/1983  0       8.4    35     15     
08/05/1983  0       7.2    37     13     
09/05/1983  0       7.1    35     14     
10/05/1983  0       7.8    35     16     
11/05/1983  0       8.4    37     14.5   
12/05/1983  0       7.2    37     14     
13/05/1983  0       8.5    37     12     
14/05/1983  0       8      35     14     
15/05/1983  0       6.4    34     14     
16/05/1983  0       8      35     15     
17/05/1983  0       7.8    35     14.5   
18/05/1983  0       7.4    36     15     
19/05/1983  0       7.4    36     14     
20/05/1983  0       7.3    36     14     
21/05/1983  0       6.7    36     14.5   
22/05/1983  0       6.7    38     15     
23/05/1983  0       6.9    34     15     
24/05/1983  0       8.7    35     18     
25/05/1983  0       6.7    34     19.5   
26/05/1983  0       6      35     19.5   
27/05/1983  0       3.8    35     23.5   
28/05/1983  0       6.1    31     21.5   
29/05/1983  0       4.9    32     22     
30/05/1983  0       7.9    33     22     
31/05/1983  0       6      32     23     
01/06/1983  0       4.6    32     23     
02/06/1983  0       6.6    33     24     
03/06/1983  0       6.3    35     23     
04/06/1983  0       8.3    37     22     
05/06/1983  0       7.2    34     23     
06/06/1983  0       8.1    33     22     
07/06/1983  0       7.7    34     22     
08/06/1983  0       6      33     24     
09/06/1983  0       6.4    35     24     
10/06/1983  0       9.2    37     24     
11/06/1983  0       5.6    34     23     
12/06/1983  0       8.4    35     25     
13/06/1983  0       8.5    35     24     
14/06/1983  0       8      35     24     
15/06/1983  0       8.1    38     24     
16/06/1983  0       8      37     24     
17/06/1983  0       9.3    36     24     
18/06/1983  0       8.4    37     25     
19/06/1983  0       8.2    36     25     
20/06/1983  0       8.7    36     26     
21/06/1983  0       8.6    35     26     
22/06/1983  0       8.3    36     27     
23/06/1983  0       8.8    36     26.5   
24/06/1983  0       8      35     26     
25/06/1983  0       6.8    37     25     
26/06/1983  0       8.2    37     26     
27/06/1983  0       8.5    38     25.5   
28/06/1983  0       10.5   39     24     
29/06/1983  0       11.4   37     23     
30/06/1983  0       7.8    38     23     
01/07/1983  0       9.3    39     24     
02/07/1983  0       9.2    35     24     
03/07/1983  0       9.4    38     23.5   
04/07/1983  0       9.5    38     25     
05/07/1983  0       7.6    38     27     
06/07/1983  0       7.7    37     26     
07/07/1983  9       5.1    36     23.5   
08/07/1983  0       6.8    38     25     
09/07/1983  6       6.1    36     23     
10/07/1983  2       8      38     22     
11/07/1983  0       8.5    37     26     
12/07/1983  0       6.8    37     24     
13/07/1983  0       7.8    36     25     
14/07/1983  0       5.7    35     25     
15/07/1983  2.5     10.9   37     25     
16/07/1983  0       4.8    39     26     
17/07/1983  9       6.5    36     24     
18/07/1983  10      6.4    36     24     
19/07/1983  3.5     3.6    35     26     
20/07/1983  3       9.2    34     24     
21/07/1983  0       2.9    32     25     
22/07/1983  0       3.5    34     25     
23/07/1983  0       6.8    37     26     
24/07/1983  0       8.3    38     27     
25/07/1983  0       6.3    38     24     
26/07/1983  0       9.6    37     27     
27/07/1983  0       3.7    35     27     
28/07/1983  1       7.2    37     28     
29/07/1983  0       8.4    34     25     
30/07/1983  0       3.2    37     24.5   
31/07/1983  36      8.1    37     25     
01/08/1983  0       2      37     24     
02/08/1983  0       4.2    37     25     
03/08/1983  4       5.5    33     25     
04/08/1983  14      4.6    35     24     
05/08/1983  0       4.1    35     25     
06/08/1983  7       6.2    35     24.5   
07/08/1983  0       7.8    35     25     
08/08/1983  56      3.6    33     23.5   
09/08/1983  0       5      33     25     
10/08/1983  0       6.8    35     25     
11/08/1983  0       7.2    36     26     
12/08/1983  0       8.5    35     24.5   
13/08/1983  100     2.4    34     24     
14/08/1983  28.5    3.3    32     24     
15/08/1983  8.5     1.5    32     25     
16/08/1983  3.5     5.8    32     24     
17/08/1983  0       2.2    34     23     
18/08/1983  0       6.4    34     24     
19/08/1983  0       4.1    35     24     
20/08/1983  0       4      32     26     
21/08/1983  0       4.8    36     25     
22/08/1983  0       5.6    36     20     
23/08/1983  0       4.4    36     18     
24/08/1983  0       6      36     25     
25/08/1983  0       6.7    36     25.5   
26/08/1983  0       4.6    35     28     
27/08/1983  3.5     5.5    35     24     
28/08/1983  16.5    5.3    35     24.5   
29/08/1983  0       9.5    35     26     
30/08/1983  23.5    4.8    35     24     
31/08/1983  0       4.8    35     26     
01/09/1983  0       6.5    37     25.5   
02/09/1983  0       5.8    37     27     
03/09/1983  0       5.4    36     25     
04/09/1983  0       2.1    37     26     
05/09/1983  1       5.5    32     26.5   
06/09/1983  0       5.1    35     26     
07/09/1983  1       6.7    36     25     
08/09/1983  0       5.8    37     26.5   
09/09/1983  0       2      32     27     
10/09/1983  1.5     4.3    32     25     
11/09/1983  3       4.1    34     26     
12/09/1983  0       4.4    35     25.5   
13/09/1983  0       3.8    36     27     
14/09/1983  3.5     3.6    35     25     
15/09/1983  0       5.3    35     25     
16/09/1983  0       3.7    35     25     
17/09/1983  0       5.5    34     26     
18/09/1983  0       4.8    34     27     
19/09/1983  0       2.4    34     26     
20/09/1983  27.5    5.2    34     24     
21/09/1983  1.5     2.6    34     26     
22/09/1983  4.5     5.7    35     24     
23/09/1983  0       5.2    35     24     
24/09/1983  0       5.1    36     26     
25/09/1983  0       4.6    37     26     
26/09/1983  0       5.1    37     27     
27/09/1983  0       5.7    36     23     
28/09/1983  0       4.5    37     23     
29/09/1983  0       5.1    36     22     
30/09/1983  0       4.8    37     23     
01/10/1983  0       4.2    36     26     
02/10/1983  0       6.7    37     24     
03/10/1983  0       5.7    36     24     
04/10/1983  0       5.9    36     24.5   
05/10/1983  0       5.1    37     25     
06/10/1983  0       4.7    37     27     
07/10/1983  0       5.3    38     26     
08/10/1983  0       4.8    32     26     
09/10/1983  0       5.9    36     23     
10/10/1983  0       4.5    36     23     
11/10/1983  0       7.9    36     23     
12/10/1983  0       5      37     22     
13/10/1983  0       5.7    37     23     
14/10/1983  0       6.6    35     24     
15/10/1983  0       3.7    34     22     
16/10/1983  0       4.2    33     21     
17/10/1983  0       4.6    35     22     
18/10/1983  0       4      35     24     
19/10/1983  19.5    4.2    32     22.5   
20/10/1983  0       3.4    34     23     
21/10/1983  0       3.8    32     21     
22/10/1983  0       3.4    33     20.5   
23/10/1983  0       5.7    35     20     
24/10/1983  0       4.9    35     21     
25/10/1983  0       3.6    35     22     
26/10/1983  0       4.7    35     24     
27/10/1983  0       2.6    36     22     
28/10/1983  0       4.4    36     23     
29/10/1983  0       5.1    35     23     
30/10/1983  0       5.4    36     22     
31/10/1983  0       2.7    36     20     
01/11/1983  0       5.4    35     19     
02/11/1983  0       3.4    32     18     
03/11/1983  20      2.4    24     20     
04/11/1983  145     1.3    32     20     
05/11/1983  0       4      32     20     
06/11/1983  0       3.6    33     20.5   
07/11/1983  0       4.7    33     18.5   
08/11/1983  0       2.8    33     19     
09/11/1983  0       2.8    33     18     
10/11/1983  0       2.6    32     17     
11/11/1983  0       3.9    33     16.5   
12/11/1983  0       2.9    32     14.5   
13/11/1983  0       3.6    32     15     
14/11/1983  0       2.4    32     16.5   
15/11/1983  0       3.1    33     15     
16/11/1983  0       2.3    33     15     
17/11/1983  0       2.8    31     17     
18/11/1983  0       2.5    32     17     
19/11/1983  0       2.2    32.5   15     
20/11/1983  0       4.3    33     15     
21/11/1983  0       0.9    30     15.5   
22/11/1983  22      2.2    26     18     
23/11/1983  12.5    3.4    25     11     
24/11/1983  0       3.7    30     11     
25/11/1983  0       0.8    30     14     
26/11/1983  0       3.8    26     16     
27/11/1983  0       3.3    25     11     
28/11/1983  0       1      29     10     
29/11/1983  0       1.9    29     10     
30/11/1983  0       3.2    30     13     
01/12/1983  2.5     1.4    28     15     
02/12/1983  25      3.2    22     17     
03/12/1983  0       2.6    28     15     
04/12/1983  0       2.7    28     14.5   
05/12/1983  0       1.6    29     13     
06/12/1983  0       3      30     12     
07/12/1983  0       2      30     10.5   
08/12/1983  0       2.5    30     12     
09/12/1983  0       2      32     14     
10/12/1983  0       3.6    32     16     
11/12/1983  0       2.3    32     13     
12/12/1983  0       2.1    29     14.5   
13/12/1983  0       3.4    29.5   14     
14/12/1983  0       2.2    30     10.5   
15/12/1983  0       2.1    32     11.5   
16/12/1983  0       2.6    32     12     
17/12/1983  0       0.2    32.5   12     
18/12/1983  0       2.2    32     11     
19/12/1983  0       3.7    30     12     
20/12/1983  0       1.2    30     10.5   
21/12/1983  0       2.8    31     11     
22/12/1983  0       1.6    30     13     
23/12/1983  0       2.2    30     10     
24/12/1983  0       1.5    32     9.5    
25/12/1983  0       3.1    32     11.5   
26/12/1983  0       2.8    32     10     
27/12/1983  0       2.4    32     12     
28/12/1983  0       2.2    30     12.5   
29/12/1983  0       2.6    30     12     
30/12/1983  0       2.6    33     12     
31/12/1983  0       2.7    34     14     
01/01/1984  0       2      33     15     
02/01/1984  1.5     1.3    28     14.5   
03/01/1984  2       2      29     17     
04/01/1984  1.5     1.1    28     18     
05/01/1984  0       1.1    30     18     
06/01/1984  0       2.3    28     17     
07/01/1984  0       2.5    30     16.5   
08/01/1984  0       2.6    29     13     
09/01/1984  0       2.8    27     11     
10/01/1984  0       2.4    28     12     
11/01/1984  0       2.6    30     12     
12/01/1984  0       3.7    29     10     
13/01/1984  0       3.6    30     10.5   
14/01/1984  0       4      32     11     
15/01/1984  0       2.8    32     12     
16/01/1984  0       2.9    29     13     
17/01/1984  0       1.6    29     10     
18/01/1984  0       3.5    28     11     
19/01/1984  0       2      29     13     
20/01/1984  0       3.3    27     12     
21/01/1984  0       1.9    30     11.5   
22/01/1984  0       1.1    30     12     
23/01/1984  0       1.7    30     12     
24/01/1984  0       3.3    25     8      
25/01/1984  0       4.3    28     8      
26/01/1984  0       2.9    30     11     
27/01/1984  0       3.4    32     12     
28/01/1984  0       2.8    30     12     
29/01/1984  0       2.8    28     14     
30/01/1984  66      2.8    26     14     
31/01/1984  0       2      28     14     
01/02/1984  0       2.6    28     14     
02/02/1984  0       2.3    28     14     
03/02/1984  0       1.5    28     15     
04/02/1984  0       3.1    28     16     
05/02/1984  0       2.6    28     15     
06/02/1984  0       3.6    30     12     
07/02/1984  0       2.6    31     11     
08/02/1984  0       3.9    30     12     
09/02/1984  0       3      32     13     
10/02/1984  0       3.8    32     13     
11/02/1984  0       3.7    30     12     
12/02/1984  0       3.7    29     11     
13/02/1984  0       4.1    30     10     
14/02/1984  0       3      32     10     
15/02/1984  0       3.5    32     11     
16/02/1984  0       3.5    32     12     
17/02/1984  0       3.8    31     13     
18/02/1984  0       3.7    30     10     
19/02/1984  0       4.7    28     8.5    
20/02/1984  0       2.9    27     7      
21/02/1984  0       3.3    28     5      
22/02/1984  0       3.3    28     8      
23/02/1984  0       2.6    27     11     
24/02/1984  0       3.9    28     10     
25/02/1984  0       4.8    30     8      
26/02/1984  0       4.2    31     9      
27/02/1984  0       4.8    32     7      
28/02/1984  0       4.8    32     10     
29/02/1984  Nulo    2.2    29     9.5    
01/03/1984  0       4.2    30     11.5   
02/03/1984  0       4      30     12     
03/03/1984  0       4.1    29     13     
04/03/1984  0       4.6    30     11.5   
05/03/1984  0       3.5    31     12     
06/03/1984  0       3.8    29     9      
07/03/1984  0       5.6    31     9      
08/03/1984  0       4.8    32     9      
09/03/1984  0       5      29     10     
10/03/1984  0       5      31     9.5    
11/03/1984  0       3.2    33     10     
12/03/1984  0       5.6    33     10     
13/03/1984  0       5      34     10     
14/03/1984  0       5.5    35     11     
15/03/1984  0       3.8    35     11.5   
16/03/1984  0       3.5    32     11.5   
17/03/1984  0       4.1    33     10     
18/03/1984  0       5.4    34     10     
19/03/1984  0       4.9    32     11     
20/03/1984  0       4.7    33     11     
21/03/1984  0       4.9    31     12     
22/03/1984  0       5.2    32     12     
23/03/1984  0       4.6    33     13     
24/03/1984  0       3.4    31     13     
25/03/1984  0       4.1    33     12     
26/03/1984  0       5.8    33     13     
27/03/1984  0       5.2    34     14     
28/03/1984  0       5      32     15     
29/03/1984  0       6.1    31.5   14     
30/03/1984  0       4.5    32     14     
31/03/1984  0       4.2    32     13     
01/04/1984  0       3.9    32     13     
02/04/1984  0       7.2    31     13     
03/04/1984  0       7.6    30     12     
04/04/1984  0       4      32     11.5   
05/04/1984  0       6.3    33     13     
06/04/1984  0       4.7    30     14     
07/04/1984  0       6.8    30     18     
08/04/1984  0       8      32     13     
09/04/1984  0       5.7    33     14     
10/04/1984  0       5.3    32     12.5   
11/04/1984  0       4.4    33     12     
12/04/1984  0       7.2    33     13     
13/04/1984  0       6.7    32     14     
14/04/1984  0       7.4    32     15.5   
15/04/1984  0       6.1    34     16     
16/04/1984  0       6.2    32     17     
17/04/1984  0       6      33     20     
18/04/1984  0       4.3    32     18     
19/04/1984  0       7.4    32     16.5   
20/04/1984  0       6.6    34     15     
21/04/1984  0       5      34     14.5   
22/04/1984  0       7.8    34     15     
23/04/1984  0       5.2    33     14     
24/04/1984  0       6.3    34     14     
25/04/1984  0       5.8    30     14.5   
26/04/1984  0       6.2    31     18.5   
27/04/1984  0       6      31     17     
28/04/1984  0       4.7    30     15.5   
29/04/1984  0       6.4    30     15     
30/04/1984  0       6.3    33     14.5   
01/05/1984  0       5.8    32     13     
02/05/1984  0       8.3    33     12     
03/05/1984  0       6.1    35     14     
04/05/1984  0       7.4    35     15     
05/05/1984  0       2.8    32     16     
06/05/1984  0       6.4    33     18     
07/05/1984  0       6.8    34     19     
08/05/1984  0       6.5    37     17.5   
09/05/1984  0       6.7    37     21     
10/05/1984  0       5.8    35     22     
11/05/1984  0       6.5    34     22     
12/05/1984  0       6.6    34     23     
13/05/1984  0       4.9    34     22     
14/05/1984  0       7.2    33     20     
15/05/1984  0       6.5    32     22     
16/05/1984  0       6      30     19     
17/05/1984  0       8.4    33     17     
18/05/1984  0       8      36     18     
19/05/1984  0       6.9    37     18     
20/05/1984  0       6.5    38     17     
21/05/1984  0       10.3   36     18     
22/05/1984  0       8      36     18     
23/05/1984  0       7.5    35     21     
24/05/1984  0       6.3    34     24     
25/05/1984  0       7.7    35     22     
26/05/1984  0       6.1    35     23     
27/05/1984  0       7.1    32     23     
28/05/1984  0       7.1    34     24     
29/05/1984  0       7.2    35     23     
30/05/1984  0       6.2    35     24     
31/05/1984  0       9.8    37     25     
01/06/1984  0       6.9    36     25     
02/06/1984  0       7.6    34     24     
03/06/1984  0       5.8    35     24     
04/06/1984  0       6.6    35     23.5   
05/06/1984  0       6.8    33     22     
06/06/1984  0       8.5    34     20     
07/06/1984  0       7      34     21     
08/06/1984  0       6.5    35     22     
09/06/1984  0       6.9    34     22     
10/06/1984  0       8      34     20.5   
11/06/1984  0       7.3    35     22     
12/06/1984  0       8.4    36     25     
13/06/1984  0       9.8    36     25     
14/06/1984  0       7.3    37     24     
15/06/1984  0       8.6    36     26     
16/06/1984  0       5.6    36     27     
17/06/1984  0       7.9    35     25     
18/06/1984  4.5     5.7    35     25     
19/06/1984  0       6.6    34     25     
20/06/1984  0       3.3    36     24.5   
21/06/1984  11      5.4    34     25     
22/06/1984  0       5.2    34     25     
23/06/1984  5.5     5.6    32     24     
24/06/1984  0       7.5    35     25     
25/06/1984  45      5.1    36     22     
26/06/1984  0       7.2    35     23     
27/06/1984  0       5      32     23     
28/06/1984  4.5     7.6    35     22     
29/06/1984  4.5     5.5    36     25     
30/06/1984  0       5.5    36     27     
--------------------------------------
