CNA-SMN-CG-GMC-SMAA-CLIMATOLOGIA
BASE DE DATOS CLIMATOLOGICA
DATOS DISPONIBLES EN LA BASE DE DATOS A ABRIL 2023

ESTACION  : 29049
NOMBRE    : PANZACOLA
ESTADO    : TLAXCALA
MUNICIPIO : Papalotla de Xicohténcatl
SITUACION : SUSPENDIDA
ORGANISMO : CONAGUA-DGE
CVE-OMM   : Nulo
LATITUD   : 019.167°
LONGITUD  : -98.2°
ALTITUD   : 2260 msnm

EMISIÓN   : 12/04/2023

            PRECIP  EVAP   TMAX   TMIN   
  Fecha     (MM)    (MM)   (°C)   (°C)   
01/08/1979  0       Nulo   Nulo   Nulo   
02/08/1979  0       Nulo   Nulo   Nulo   
03/08/1979  0       Nulo   Nulo   Nulo   
04/08/1979  0       Nulo   Nulo   Nulo   
05/08/1979  0       Nulo   Nulo   Nulo   
06/08/1979  0       Nulo   Nulo   Nulo   
07/08/1979  0       Nulo   25     Nulo   
08/08/1979  0       4.4    22     8      
09/08/1979  0       3.2    23.5   9      
10/08/1979  0       2.3    25     12     
11/08/1979  0       2.6    24     8      
12/08/1979  0.3     4.2    24     12     
13/08/1979  14.8    3.5    20     10     
14/08/1979  5       5.1    21     9      
15/08/1979  0.5     4.6    24     8      
16/08/1979  0       3.6    23     7      
17/08/1979  0.3     5.2    24     7      
18/08/1979  32      3      22     9      
19/08/1979  0       2.2    25     8      
20/08/1979  0       2.4    24     10     
21/08/1979  0       2.3    26     11.5   
22/08/1979  0       4.2    24.5   9      
23/08/1979  13.4    4.3    24     6      
24/08/1979  0       3.6    18     9      
25/08/1979  11.5    5.6    19     6      
26/08/1979  13.2    2.2    20     12     
27/08/1979  64.6    2.2    21.5   9.5    
28/08/1979  11      3.1    22     12.5   
29/08/1979  30      4.6    24     12.5   
30/08/1979  0.5     2.6    24     10     
31/08/1979  27.8    4.8    Nulo   9      
01/09/1979  16.6    5      24     9      
02/09/1979  20      3.2    23.5   9      
03/09/1979  3       3.7    23     7.5    
04/09/1979  10.1    3.4    22.5   7.5    
05/09/1979  0       3      22     11.5   
06/09/1979  1.3     3.2    21     12.5   
07/09/1979  7       2.8    24     13     
08/09/1979  20.5    2.5    23     10     
09/09/1979  22      2      22.5   9      
10/09/1979  13      2      20.5   12     
11/09/1979  1       2.7    21     13.5   
12/09/1979  4.8     2      21.5   13.5   
13/09/1979  16.5    6.1    22.5   13     
14/09/1979  0       4.8    23     13.5   
15/09/1979  0       5.2    23.5   13     
16/09/1979  0       2.9    24     12     
17/09/1979  16.4    3.7    19     13     
18/09/1979  2.7     2.1    17.5   9      
19/09/1979  0       2.4    20.5   13     
20/09/1979  17.5    3.8    20.5   11.5   
21/09/1979  0       4.6    23.5   10     
22/09/1979  0       3.9    24.5   8      
23/09/1979  5       2.3    24     8.5    
24/09/1979  0       4.7    24     8      
25/09/1979  0       5.1    20     6      
26/09/1979  0       6      22.5   4      
27/09/1979  0       5.9    23     4.5    
28/09/1979  0       5.9    24     4      
29/09/1979  0       5.4    24     3.5    
30/09/1979  0       4.5    25     0      
01/10/1979  0       4.3    25     -1     
02/10/1979  0       4.7    24     2      
03/10/1979  0       5.6    24     1      
04/10/1979  0       4.9    25     3.5    
05/10/1979  0       4.6    25     4.5    
06/10/1979  0       4.2    24.5   5      
07/10/1979  0       5.1    25.5   4.5    
08/10/1979  0       4.9    21     6.5    
09/10/1979  0       3.2    23     6.5    
10/10/1979  0       4.1    24     7      
11/10/1979  0       4.3    25     7      
12/10/1979  10.1    4.7    26     7.5    
13/10/1979  0       4      25.5   9      
14/10/1979  0       4.4    25     8.5    
15/10/1979  0       4.1    24     9      
16/10/1979  0       4.7    23     8.5    
17/10/1979  0       4.8    25     8      
18/10/1979  0       5.2    26     9      
19/10/1979  0       4      25.5   10     
20/10/1979  0       3      25     9      
21/10/1979  0       3.8    24     9      
22/10/1979  0       4.3    24     8      
23/10/1979  0       5.3    25     7.5    
24/10/1979  0       3.7    23     8      
25/10/1979  0       4.3    23.5   6.5    
26/10/1979  0       5.8    25     6      
27/10/1979  0       4.1    25.5   8      
28/10/1979  0       4.8    25     8.5    
29/10/1979  0       4.4    25     9      
30/10/1979  0       4.9    23     8      
31/10/1979  0       5.1    25     7.5    
01/11/1979  0       4.6    26     8      
02/11/1979  0       5.6    24     8.5    
03/11/1979  0       5.6    25.5   7.5    
04/11/1979  0       4.4    24     8      
05/11/1979  0       4.4    26     9      
06/11/1979  0       5.9    25.5   10     
07/11/1979  0       5.8    25.5   8.5    
08/11/1979  0       5.7    26     4.5    
09/11/1979  0       6      27     3.5    
10/11/1979  0       4.4    24     1.5    
11/11/1979  0       4.5    24.5   6      
12/11/1979  0       4.2    25     8      
13/11/1979  0       3.9    20     10     
14/11/1979  0       4.4    21     6      
15/11/1979  0       5.1    23     5      
16/11/1979  0       5      22     3      
17/11/1979  0       4.1    23     3      
18/11/1979  0       3.9    21     4      
19/11/1979  0       4.1    23     7      
20/11/1979  0       5.1    26     7      
21/11/1979  0       5.2    26     7      
22/11/1979  0       5.2    25     6.5    
23/11/1979  0       4.9    24     8      
24/11/1979  0       4.7    23     9      
25/11/1979  0       3.8    22     5      
26/11/1979  0       5.1    25     3      
27/11/1979  0       5.1    26     3      
28/11/1979  0       5.3    26.5   5      
29/11/1979  0       3.7    20     -0.5   
30/11/1979  0       4      19.5   -1.5   
01/12/1979  0       1      21     2.5    
02/12/1979  0       1.9    22.5   4.5    
03/12/1979  0       1.3    17     6      
04/12/1979  0       0.8    15     7      
05/12/1979  1.9     3.3    20.5   7.5    
06/12/1979  0       1.4    19     8.5    
07/12/1979  0       3.2    21.5   6.5    
08/12/1979  0       2.9    24     4      
09/12/1979  3       2.7    23.5   5      
10/12/1979  0       4.2    22     3      
11/12/1979  0       3      24     2      
12/12/1979  0       3.2    23     2      
13/12/1979  0       2.3    24.5   4      
14/12/1979  0       5.2    23.5   3      
15/12/1979  0       2.5    24     3.5    
16/12/1979  0.4     3.3    23     4      
17/12/1979  0       2      17     4.5    
18/12/1979  0       3      22     -0.5   
19/12/1979  0       2.5    23     -0.5   
20/12/1979  0       2.9    24     2      
21/12/1979  0       2.7    22     3      
22/12/1979  0       3.9    25     2.5    
23/12/1979  0       3.4    24     4      
24/12/1979  0       2.6    23     5      
25/12/1979  0       5.2    20     5      
26/12/1979  0       2.8    17.5   -1     
27/12/1979  0       4.2    24.5   -1     
28/12/1979  0       4      23.5   -0.5   
29/12/1979  0       2.6    22     -2     
30/12/1979  0       4.9    24     -2     
31/12/1979  0       3.5    21     0      
01/01/1980  0       2.8    18     -2     
02/01/1980  0       3.4    20     -1.5   
03/01/1980  0       3.1    18     -2     
04/01/1980  0       4.5    20     -2.5   
05/01/1980  0       4.2    21     -3.5   
06/01/1980  0       3.7    20.5   -2.5   
07/01/1980  0       3.7    22     -2     
08/01/1980  0       4.5    24     -2     
09/01/1980  0       4.4    24     -1.5   
10/01/1980  0       4.5    24     -0.5   
11/01/1980  0       4.3    24     -0.5   
12/01/1980  0       4.6    24.5   1      
13/01/1980  0       5.5    25.5   1.5    
14/01/1980  0       5.6    25     0.5    
15/01/1980  0       5.7    25.5   1.5    
16/01/1980  0       4      24     2      
17/01/1980  0       3.3    20.5   2      
18/01/1980  0       5.1    21.5   -1     
19/01/1980  0       4.9    25     0.5    
20/01/1980  0       4.5    24     2      
21/01/1980  0       4      23     4      
22/01/1980  0       4      23     2      
23/01/1980  0       3.8    23     5      
24/01/1980  12.3    1.8    14     6      
25/01/1980  29      1.3    18.5   7      
26/01/1980  0       1.5    15     7.5    
27/01/1980  0       3      19.5   3.5    
28/01/1980  0       3.9    21     2.5    
29/01/1980  0       3.6    22     2      
30/01/1980  0       3.8    23.5   2      
31/01/1980  0       3.2    22     4      
01/02/1980  0       3.6    23     3.5    
02/02/1980  0       3.2    18.5   6      
03/02/1980  0       4      19     -0.5   
04/02/1980  0       4.2    21     2      
05/02/1980  0       4.7    22     -1.5   
06/02/1980  0       3.2    20     2      
07/02/1980  0       4.8    21.5   -2     
08/02/1980  0       4.1    22     -0.5   
09/02/1980  0       3.5    23     -1     
10/02/1980  0       4.7    22     4      
11/02/1980  0       4.1    23     2      
12/02/1980  0       3.4    21.5   5      
13/02/1980  0       4.5    22     4      
14/02/1980  0       6.2    24     5.5    
15/02/1980  0       6.4    27     4.5    
16/02/1980  0       6.6    25.5   0.5    
17/02/1980  0       5.7    26     4      
18/02/1980  0       5.2    27     5      
19/02/1980  0       6.9    26     3      
20/02/1980  0       6.4    26     3.5    
21/02/1980  0       4.1    26     2.5    
22/02/1980  0       4.2    25.5   3      
23/02/1980  0       3.4    25     2.5    
24/02/1980  0       4.6    25.5   3.5    
25/02/1980  0       5.8    24     4      
26/02/1980  0       5.9    23     5      
27/02/1980  0       5      23.5   3      
28/02/1980  0       6.4    21.5   2.5    
29/02/1980  0       7.7    22     5      
01/03/1980  0       4.1    23.5   4      
02/03/1980  0       4.2    26     4.5    
03/03/1980  0       4.2    24     4      
04/03/1980  0       5.9    23     3      
05/03/1980  0       6      20.5   3.5    
06/03/1980  0       4.9    23     2      
07/03/1980  0       5.6    25.5   4.5    
08/03/1980  0       5.6    26.5   5      
09/03/1980  0       6.5    27     6      
10/03/1980  0       7.6    30.5   7      
11/03/1980  0       6.4    30     1      
12/03/1980  0       6.3    31     3      
13/03/1980  0       5.1    30     5      
14/03/1980  0       4.8    30.5   5      
15/03/1980  0       5.1    30.5   4.5    
16/03/1980  0       6.3    31     3      
17/03/1980  0       5.3    29     5.5    
18/03/1980  0       6.2    30     5      
19/03/1980  0       5.9    30.5   4.5    
20/03/1980  0       4.7    29.5   5      
21/03/1980  0       4.4    28.5   5      
22/03/1980  0       4.8    30     4.5    
23/03/1980  0       5.4    32     6      
24/03/1980  0       4.6    30     7      
25/03/1980  0       4.1    27     2.5    
26/03/1980  0       5.3    27.5   7      
27/03/1980  0       6.1    28     4.5    
28/03/1980  0       5.5    28     5.5    
29/03/1980  0       6.2    27     5      
30/03/1980  0       5.4    28.5   5      
31/03/1980  0       6.1    27.5   5.5    
01/04/1980  0       9.9    29     3.5    
02/04/1980  0       5.3    30     5.5    
03/04/1980  0       7.2    30     5.5    
04/04/1980  0       5.2    30.5   4.5    
05/04/1980  0       5.3    28.5   5      
06/04/1980  0       5      30.5   4      
07/04/1980  0       4.8    31.5   5      
08/04/1980  8       5.6    30     5      
09/04/1980  5.9     4.2    21     5      
10/04/1980  4.6     4      23     7      
11/04/1980  0       5.1    22.5   4.5    
12/04/1980  0       4      23     4      
13/04/1980  0       4.7    24     4.5    
14/04/1980  0       4.8    24     4      
15/04/1980  0       4.8    24.5   5      
16/04/1980  0       4.5    25.5   5      
17/04/1980  0       4.3    25.5   5      
18/04/1980  0       5.6    23.5   5      
19/04/1980  0       3.8    22     5      
20/04/1980  0       4.3    21.5   6      
21/04/1980  0       5.4    23     5      
22/04/1980  0       4.5    24     5      
23/04/1980  0       3.6    22.5   7      
24/04/1980  0       4.5    26     7.5    
25/04/1980  0       3.3    27     8.5    
26/04/1980  0       4.6    28     9      
27/04/1980  0       5.5    26     9      
28/04/1980  0       4.3    26     9.5    
29/04/1980  0       5.8    27     10     
30/04/1980  0       8      29     10     
01/05/1980  0       5.5    27     10     
02/05/1980  11.2    5.4    28     10.5   
03/05/1980  0       5.5    27     9.5    
04/05/1980  0       4      27     8.5    
05/05/1980  0       6      28     10     
06/05/1980  0       5.4    28.5   9.5    
07/05/1980  0       5.4    29     9.5    
08/05/1980  0       4.9    28     8.5    
09/05/1980  0       4.3    29     8      
10/05/1980  0       4.2    28     9      
11/05/1980  0       4.3    29.5   9      
12/05/1980  0       4.3    29     8.5    
13/05/1980  0       4.2    29.5   8.5    
14/05/1980  0       4.7    28     9.5    
15/05/1980  0       4.9    27     9      
16/05/1980  0       4.5    28     8.5    
17/05/1980  0       4.6    29     8      
18/05/1980  0       4.1    27.5   8      
19/05/1980  0       4.1    28     8      
20/05/1980  5.9     5.6    29     9.5    
21/05/1980  0       5.8    28     9      
22/05/1980  4.5     5.4    28     8.5    
23/05/1980  0       5.2    29     9.5    
24/05/1980  1.3     4.2    27.5   9      
25/05/1980  17.4    5.4    28     9.5    
26/05/1980  0       5.6    29.5   10     
27/05/1980  0       5.7    28.5   8      
28/05/1980  0       5.2    26     10.5   
29/05/1980  0       4.7    28.5   7      
30/05/1980  0       4.8    28     9.5    
31/05/1980  0       5.1    28.5   8      
01/06/1980  0       5.2    29     7.5    
02/06/1980  0       5.6    27     6      
03/06/1980  0       4.5    28     8      
04/06/1980  10.5    4.3    27.5   11     
05/06/1980  27.2    3.7    27.5   10.5   
06/06/1980  0       4.1    28     10     
07/06/1980  0       5.3    27     11.5   
08/06/1980  0       4.6    27.5   12     
09/06/1980  0       5.3    27     13.5   
10/06/1980  0       5.5    28     10     
11/06/1980  0       5.8    28.5   10     
12/06/1980  0       4.2    27.5   11.5   
13/06/1980  0       4.1    26     9.5    
14/06/1980  0       5.3    27.5   8      
15/06/1980  0       4.5    28.5   10.5   
16/06/1980  0       4.2    26.5   12     
17/06/1980  0       4.2    25.5   12     
18/06/1980  15.4    4      24.5   9      
19/06/1980  23.5    2.8    24     9.5    
20/06/1980  15.1    4.3    24.5   8.5    
21/06/1980  6.8     4.1    25     8      
22/06/1980  0.8     3.6    21     6.5    
23/06/1980  5.1     3.9    23.5   11     
24/06/1980  0       3.9    23     9      
25/06/1980  0       3.7    23     12     
26/06/1980  0       4.5    25     12     
27/06/1980  0.2     4.8    23     9      
28/06/1980  7       4.1    23     10.5   
29/06/1980  0       3.7    25.5   10.5   
30/06/1980  4.6     2.1    25     11     
01/07/1980  0       7.5    26.5   7      
02/07/1980  0       6.1    27     5      
03/07/1980  0       6.2    25.5   7      
04/07/1980  0       5.1    27     5      
05/07/1980  7.5     5.5    27.5   7.5    
06/07/1980  5.2     3.8    21.5   8.5    
07/07/1980  3.3     4.3    22.5   7      
08/07/1980  0       3.5    21     10.5   
09/07/1980  0       3.1    24.5   6.5    
10/07/1980  0       4.5    23.5   10.5   
11/07/1980  0       4.6    27.5   12.5   
12/07/1980  0       5.5    27.5   11.5   
13/07/1980  0       6.1    26.5   13.5   
14/07/1980  7.5     4.5    27.5   12.5   
15/07/1980  5.3     5.7    26.5   11.5   
16/07/1980  0       4.4    27.5   12.5   
17/07/1980  28.4    5.2    29     8.5    
18/07/1980  9.3     4.6    23.5   11.5   
19/07/1980  15.7    5.6    23     11.5   
20/07/1980  4       5.7    24     10     
21/07/1980  6.2     5      25     11     
22/07/1980  0       6.4    25     8      
23/07/1980  0       5.9    24.5   8.5    
24/07/1980  15.1    4.9    25     9.5    
25/07/1980  12      3      24     10.5   
26/07/1980  12.5    3.8    23     11     
27/07/1980  4.5     4      23     11.5   
28/07/1980  0       4.5    25     9      
29/07/1980  5.4     3.4    23     7.5    
30/07/1980  0.5     3.5    22.5   7.5    
31/07/1980  0       4.1    23     6.5    
01/08/1980  1.6     3.9    24.5   9.5    
02/08/1980  1.3     3.3    23.5   11.5   
03/08/1980  9.3     3      23     10.5   
04/08/1980  3       4.4    25     11     
05/08/1980  10      6      27.5   8.5    
06/08/1980  27.5    3.9    23     11     
07/08/1980  2.4     2.8    22     11.5   
08/08/1980  7.8     2.6    23.5   11.5   
09/08/1980  3.3     2.6    23.5   12     
10/08/1980  15.8    3.1    23     13.5   
11/08/1980  7.8     4.3    23.5   11     
12/08/1980  2.3     3.3    22     9.5    
13/08/1980  1.5     3.7    22     10     
14/08/1980  12.3    3.2    23     13.5   
15/08/1980  18.3    3      23     12     
16/08/1980  6.5     3.3    23     11     
17/08/1980  0.5     4      22     9      
18/08/1980  14.4    4      23.5   10     
19/08/1980  0       4.6    24     7.5    
20/08/1980  0       3.9    24     9      
21/08/1980  1.1     5.1    24     7      
22/08/1980  0       2.9    25     8      
23/08/1980  2.7     2.7    25     7      
24/08/1980  20      2.7    25     9      
25/08/1980  8.1     4.3    24     8      
26/08/1980  1.5     4.7    22     10     
27/08/1980  11      2.2    22     11     
28/08/1980  1       4.2    24     9      
29/08/1980  5.8     2.4    22     9      
30/08/1980  3.2     3.2    24     8      
31/08/1980  5.3     2.3    22     11     
01/09/1980  10.2    3.6    21     10     
02/09/1980  1.2     5.4    27     12     
03/09/1980  2.5     5      28     13     
04/09/1980  0       4.6    28     12     
05/09/1980  0       4.8    24     13     
06/09/1980  0       4.3    25     9      
07/09/1980  0       5.9    31     9      
08/09/1980  0.9     4.4    24.5   10     
09/09/1980  0       5      29.5   11     
10/09/1980  0       3.4    22.5   12.5   
11/09/1980  0.3     3.9    22.5   11     
12/09/1980  9.5     2.8    23     9.5    
13/09/1980  7       4.1    23.5   10     
14/09/1980  0       4      22     6.5    
15/09/1980  1       4.3    25     8      
16/09/1980  0       3.8    24     9      
17/09/1980  0       3.3    24.5   10     
18/09/1980  6.7     3.3    25     7      
19/09/1980  0       3      22.5   8      
20/09/1980  35      3      22.5   11     
21/09/1980  0       3.2    24.5   9      
22/09/1980  0       3.8    23.5   13     
23/09/1980  0       3.5    20.5   13     
24/09/1980  5.2     3.3    21     14     
25/09/1980  0       3.3    19.5   14     
26/09/1980  0       3.6    21     13.5   
27/09/1980  0       3.4    24.5   10.5   
28/09/1980  0       3.5    25.5   11     
29/09/1980  0       5.1    27     8.5    
30/09/1980  0       4.1    26.5   9      
01/10/1980  0       5.8    26.5   8.5    
02/10/1980  0       5.1    24.5   8.5    
03/10/1980  0       6.7    20     8.5    
04/10/1980  0       4.7    23.5   9      
05/10/1980  0       4.5    25.5   7.5    
06/10/1980  0       4.4    24.5   5      
07/10/1980  0       4.7    24.5   8.5    
08/10/1980  0       5.5    23.5   5      
09/10/1980  0       5.8    24.5   5      
10/10/1980  0       5      25     6.5    
11/10/1980  0       6.1    25     4      
12/10/1980  0       5.5    26     5      
13/10/1980  0       5.1    25     5      
14/10/1980  0       4.7    25     6      
15/10/1980  0       3      25     8.5    
16/10/1980  0       4.7    26     8      
17/10/1980  8.6     4.8    27     8.5    
18/10/1980  0       4      26     8.5    
19/10/1980  3       5.4    26     8      
20/10/1980  0       5.4    26     11     
21/10/1980  0       3.9    24.5   9      
22/10/1980  2.6     4.9    26     7      
23/10/1980  8.8     4.9    24.5   10     
24/10/1980  4       4.4    26     8      
25/10/1980  0       3.3    20     10     
26/10/1980  0       4.1    24     8.5    
27/10/1980  0       5.9    27     8.5    
28/10/1980  11      6.2    27     9.5    
29/10/1980  0.8     6.1    22.5   11     
30/10/1980  0       4.8    21     11     
31/10/1980  0       4.7    23     8.5    
01/11/1980  11.5    5.8    23.5   7      
02/11/1980  0       3.2    25     8.5    
03/11/1980  8.8     4.8    25     6.5    
04/11/1980  2.7     4.5    24     6.5    
05/11/1980  0       2.8    23     7      
06/11/1980  0       2.7    22     8      
07/11/1980  0       3.2    22.5   4      
08/11/1980  0       3.4    21     9      
09/11/1980  0       3.5    24     9      
10/11/1980  0       3.8    24     6      
11/11/1980  0       3.2    24     4      
12/11/1980  0       3.4    22     3      
13/11/1980  0       2.3    22     5      
14/11/1980  0       4.5    24.5   -1     
15/11/1980  0       4.6    24     -1.5   
16/11/1980  0       3.1    23     4      
17/11/1980  0       2.8    23.5   4      
18/11/1980  0       3.6    24     4.5    
19/11/1980  0       3.4    23     4      
20/11/1980  0       3.6    24     4      
21/11/1980  0       4.3    24     6      
22/11/1980  0       3.4    24     4      
23/11/1980  0       3.7    23.5   4      
24/11/1980  0       4.1    24     6      
25/11/1980  0       3.9    24     5      
26/11/1980  0       2.8    23     4      
27/11/1980  0       3.9    22     5      
28/11/1980  0       3.4    22     3      
29/11/1980  0       3.7    23     2.5    
30/11/1980  0       3      23     5      
01/12/1980  0       3.1    22     4      
02/12/1980  0       4.1    23     3      
03/12/1980  0       3.1    19     4      
04/12/1980  0       4.7    23     3      
05/12/1980  0       3.8    23.5   3      
06/12/1980  0       5.2    24     3      
07/12/1980  0       3.2    22     3      
08/12/1980  0       3.1    23     2      
09/12/1980  0       4.2    24.5   3      
10/12/1980  0       4.4    24     3.5    
11/12/1980  0       3.4    21     4      
12/12/1980  0       3.4    22     2.5    
13/12/1980  0       5.1    24     3.5    
14/12/1980  0       4.9    23.5   5      
15/12/1980  0       3.8    23     4      
16/12/1980  0       3.4    20     4.5    
17/12/1980  0       2.2    20     3      
18/12/1980  0       4.4    24     1      
19/12/1980  0       4.1    24     -0.5   
20/12/1980  0       6.1    26     2      
21/12/1980  0       2.6    20     5      
22/12/1980  0       2.2    21     4      
23/12/1980  0       3.6    22     3.5    
24/12/1980  0       4.2    24.5   4      
25/12/1980  0       3.2    21     4      
26/12/1980  0       3.4    22     3      
27/12/1980  0       6.5    21     6      
28/12/1980  0       5.6    25     1      
29/12/1980  0       4.5    24     0      
30/12/1980  0       4.1    21     1      
31/12/1980  0       4.1    21     -1     
01/01/1981  0       4      22     0      
02/01/1981  0       3.8    20     1      
03/01/1981  0       2.9    22.5   3.5    
04/01/1981  0       4.2    23     1      
05/01/1981  0       3.6    21     0      
06/01/1981  0       3.9    21     0      
07/01/1981  0       4.1    23     0      
08/01/1981  0       3.9    22     1      
09/01/1981  0       5.6    25     1      
10/01/1981  0       3.6    22     2      
11/01/1981  0       3.8    22     4      
12/01/1981  0       2.9    20     1      
13/01/1981  0       2.1    19     0      
14/01/1981  0       3.4    21     -1.5   
15/01/1981  0       2      19     0      
16/01/1981  0       2.9    20     1      
17/01/1981  13.7    1.8    19     2      
18/01/1981  3       1.8    13     6      
19/01/1981  1.5     1.3    14     6      
20/01/1981  0       2.2    16     4      
21/01/1981  0       2.3    17     1      
22/01/1981  0       2.4    17     2      
23/01/1981  0       1.8    17     4.5    
24/01/1981  0       3.3    22     -2     
25/01/1981  0       3      21     -2.5   
26/01/1981  0       2.8    20     -2     
27/01/1981  0       2.7    20     0      
28/01/1981  0       2.6    23     3      
29/01/1981  0       3      22     0      
30/01/1981  0       6.2    26     1      
31/01/1981  1       5.8    24     2      
01/02/1981  0       3.8    24     1      
02/02/1981  0       2.2    22     2      
03/02/1981  0       2.1    20.5   0      
04/02/1981  0       2.7    23     0      
05/02/1981  0       2.7    22     2      
06/02/1981  0       2.3    20     2      
07/02/1981  0       3.9    23.5   2      
08/02/1981  0       4.7    25     2      
09/02/1981  0       4.6    26     2      
10/02/1981  0       2.1    22     3      
11/02/1981  0       1.8    18     1      
12/02/1981  0       2.8    21.5   0      
13/02/1981  0       2.5    21     0      
14/02/1981  2       2.4    21     1      
15/02/1981  0       2.6    21     2      
16/02/1981  0       2.5    20.5   1      
17/02/1981  0       3.5    22     2      
18/02/1981  0       4.3    24     4      
19/02/1981  0       4.5    25     1      
20/02/1981  0       4.2    24     3      
21/02/1981  0       5      26     2      
22/02/1981  10.5    2.2    22     3      
23/02/1981  11.8    1.9    18     1      
24/02/1981  6       2.5    20     4      
25/02/1981  0       3.2    22.5   4      
26/02/1981  0       2.2    21     5.5    
27/02/1981  0       6      26     5      
28/02/1981  0       5.1    27     4      
01/03/1981  0       4.6    27     4      
02/03/1981  0       2.6    24     6      
03/03/1981  0       4.3    24     4      
04/03/1981  0       3.1    24     7      
05/03/1981  0       2.6    20.5   6      
06/03/1981  0       2.9    25.5   5      
07/03/1981  0       2.7    24     8      
08/03/1981  0       4.3    20.5   4      
09/03/1981  0       3.5    21.5   8      
10/03/1981  0       3.1    24     8.5    
11/03/1981  0       2.9    25.5   11     
12/03/1981  4       4      21.5   10     
13/03/1981  0       3.7    25     6      
14/03/1981  0       3.8    25     3      
15/03/1981  0       4.2    26     7      
16/03/1981  0       3.9    23.5   7      
17/03/1981  10      3.9    21.5   9      
18/03/1981  0       4.1    22.5   8      
19/03/1981  0       4.3    24.5   5      
20/03/1981  0       3.7    24     5      
21/03/1981  0       4.2    23.5   7.5    
22/03/1981  0       3.7    25.5   1      
23/03/1981  0       4.1    23.5   2.5    
24/03/1981  0       4      24.5   1.5    
25/03/1981  0       3.9    25.5   3      
26/03/1981  0       3.5    25     3.5    
27/03/1981  0       4.8    27     4.5    
28/03/1981  0       3.3    25.5   5      
29/03/1981  0       3.9    26.5   6.5    
30/03/1981  0       4.3    27.5   3.5    
31/03/1981  0       4      28     4.5    
01/04/1981  0       7.1    29.5   6      
02/04/1981  0       6.6    28.5   6      
03/04/1981  0       6.4    27.5   7      
04/04/1981  0       7.4    31.5   4.5    
05/04/1981  0       4.1    21.5   8      
06/04/1981  0       4.4    24     6.5    
07/04/1981  0       5.6    27     8      
08/04/1981  0       6.1    28.5   4      
09/04/1981  0       5.8    27.5   2.5    
10/04/1981  0       4.4    25.5   3      
11/04/1981  0       4.7    26.5   3.5    
12/04/1981  0       5.2    27.5   6.5    
13/04/1981  0       4.7    24.5   8.5    
14/04/1981  15.4    2.5    23.5   9.5    
15/04/1981  0       3.2    21     9.5    
16/04/1981  0       3.9    23.5   10     
17/04/1981  1.5     3.9    23     8      
18/04/1981  0       4.5    23.5   9.5    
19/04/1981  0       5.2    25.5   10.5   
20/04/1981  0       5.1    25.5   12     
21/04/1981  8       4.6    26     8.5    
22/04/1981  0       4.1    24     10.5   
23/04/1981  0       5.1    25.5   12     
24/04/1981  0       5.3    26     9      
25/04/1981  0       5      25     8      
26/04/1981  0       4.9    25.5   10     
27/04/1981  0       5.1    26     7.5    
28/04/1981  0       6      28.5   8      
29/04/1981  5.4     4.7    28     10.5   
30/04/1981  0       6.2    27.5   9      
01/05/1981  0       4.5    27     10.5   
02/05/1981  5.5     3.8    26     6      
03/05/1981  0       4.9    25     12     
04/05/1981  0       4.8    25     11.5   
05/05/1981  0       4.7    27.5   5.5    
06/05/1981  0       4      28.5   7.5    
07/05/1981  0       4.3    27.5   9.5    
08/05/1981  0       4      26.5   8.5    
09/05/1981  0       4.2    28     7.5    
10/05/1981  0       4      27     6.5    
11/05/1981  0       4.4    28     8.5    
12/05/1981  0       4.2    28.5   7.5    
13/05/1981  0       4.8    29     8.5    
14/05/1981  0       4.4    29.5   5      
15/05/1981  0       4.1    27.5   6      
16/05/1981  0       5.1    28.5   5.5    
17/05/1981  0       4      26     8.5    
18/05/1981  0       6.1    30.5   6.5    
19/05/1981  4       5.7    29     8.5    
20/05/1981  10.5    4.7    24.5   10     
21/05/1981  6.6     4.6    24     12     
22/05/1981  1.8     5.1    25     10.5   
23/05/1981  8.5     4.9    24.5   12.5   
24/05/1981  0       4.6    25     12     
25/05/1981  6.5     4.4    25.5   13.5   
26/05/1981  0       4      24.5   12     
27/05/1981  0       5.3    24     12.5   
28/05/1981  10.5    4.1    26.5   11.5   
29/05/1981  10      4.7    23.5   11.5   
30/05/1981  2.3     4.2    23.5   11.5   
31/05/1981  0       5.6    23.5   12.5   
01/06/1981  1       4.9    26.5   12.5   
02/06/1981  2       4.7    26     13.5   
03/06/1981  1.8     4.4    25.5   14.5   
04/06/1981  7.5     4.6    24     14.5   
05/06/1981  4.5     3.9    24     11.5   
06/06/1981  20      5.3    25     13.5   
07/06/1981  1.5     4.9    24     12.5   
08/06/1981  4.5     3.8    24.5   13.5   
09/06/1981  18      2.9    23     15     
10/06/1981  25      2.4    23     13     
11/06/1981  3.3     2.6    22.5   12     
12/06/1981  24      3.4    24.5   12.5   
13/06/1981  13      3.1    22     12     
14/06/1981  32      3.8    23     11.5   
15/06/1981  10      2      20     14     
16/06/1981  3.2     3.4    23     13.5   
17/06/1981  2       2      21     13.5   
18/06/1981  13      1.8    17     12     
19/06/1981  0       3.3    21     12.5   
20/06/1981  1.6     2.4    22.5   10     
21/06/1981  14.5    3.6    22.5   12.5   
22/06/1981  0       4.1    22     10.5   
23/06/1981  8       4.4    22.5   10     
24/06/1981  1.6     4.9    24     10     
25/06/1981  4       2.8    20.5   13     
26/06/1981  0       3.5    24     13     
27/06/1981  6.8     3.9    25     10.5   
28/06/1981  4       2.8    22     9.5    
29/06/1981  0       3.9    20     9.5    
30/06/1981  0.2     3.3    20     11     
01/07/1981  2       3.8    20.5   12.5   
02/07/1981  5       4.2    22     12     
03/07/1981  0.9     4.4    22.5   10     
04/07/1981  20      4.3    22     8      
05/07/1981  0       3.8    20.5   12     
06/07/1981  1       4.8    23.5   8.5    
07/07/1981  2.3     4.9    23.5   11.5   
08/07/1981  5.5     4      21     10     
09/07/1981  10      3.7    23     8.5    
10/07/1981  8.5     2.2    19.5   8.5    
11/07/1981  4.9     4.4    22.5   12     
12/07/1981  0       2.7    23.5   8      
13/07/1981  0       3.6    21.5   9.5    
14/07/1981  1.8     2.5    18.5   10.5   
15/07/1981  1       5.6    23     12     
16/07/1981  10.6    2.6    22     10.5   
17/07/1981  0       3.1    22.5   10.5   
18/07/1981  6.8     5.8    24     10.5   
19/07/1981  10.4    4.8    24.5   9.5    
20/07/1981  0       3.5    22     8      
21/07/1981  16.5    3.2    23     9      
22/07/1981  0       5.8    25     12     
23/07/1981  35      5.2    24     8.5    
24/07/1981  12      5      23.5   7      
25/07/1981  5.5     4.9    23     9      
26/07/1981  10.2    3.6    22.5   12     
27/07/1981  10      2.8    21.5   11     
28/07/1981  0       4.2    22.5   10     
29/07/1981  0       2.9    23     7      
30/07/1981  0       3      23     7.5    
31/07/1981  0       5.3    23.5   6      
01/08/1981  0       3.5    22.5   5      
02/08/1981  4       3.8    22.5   6.5    
03/08/1981  2.2     5.5    25.5   8.5    
04/08/1981  0       5.1    24     7.5    
05/08/1981  0       4.9    24     8      
06/08/1981  0       4.7    24     4.5    
07/08/1981  0       5.3    24.5   6.5    
08/08/1981  0       4.5    23     7      
09/08/1981  0       4.2    21.5   10.5   
10/08/1981  3       4.7    23.5   7      
11/08/1981  0       5.2    24.5   7.5    
12/08/1981  14.7    4      24     6      
13/08/1981  0       5.1    24     9      
14/08/1981  0.6     1.7    22     11.5   
15/08/1981  6.4     4.2    25     8      
16/08/1981  5       4.9    24     8      
17/08/1981  4.9     4.3    23     11     
18/08/1981  4       4.4    23     11     
19/08/1981  0       3.3    21.5   12.5   
20/08/1981  0       2.3    22     11     
21/08/1981  32      2.3    23.5   13     
22/08/1981  10      1.2    21     12     
23/08/1981  12      2.5    21.5   9.5    
24/08/1981  3.6     6.1    23     8      
25/08/1981  0       4.3    22.5   9      
26/08/1981  0.5     6.2    25     13     
27/08/1981  41      3.2    21     13.5   
28/08/1981  11      1.7    21     13.5   
29/08/1981  10      4.3    19     13     
30/08/1981  1.8     5.2    24     14     
31/08/1981  0       5.4    24.5   12.5   
01/09/1981  5.8     3.7    25     9      
02/09/1981  11      3.3    19     10     
03/09/1981  2.3     4      23     9.5    
04/09/1981  22.5    3.5    21     11     
05/09/1981  2       2.7    19     12     
06/09/1981  0       4.1    23     8      
07/09/1981  0       5.3    21.5   8      
08/09/1981  12      2.1    23.5   7      
09/09/1981  25      4.4    23.5   9.5    
10/09/1981  0       2.3    24.5   8      
11/09/1981  0       3.2    24     9      
12/09/1981  0       4      22.5   7      
13/09/1981  0       3      24     7      
14/09/1981  0       4.2    24.5   5.5    
15/09/1981  6       4.4    25     7.5    
16/09/1981  0       5.1    25     9.5    
17/09/1981  0       2.1    19     11.5   
18/09/1981  2       2.2    15.5   12.5   
19/09/1981  0       3      20.5   8.5    
20/09/1981  0       3.8    24     5      
21/09/1981  1       3.6    24     6.5    
22/09/1981  0       3.8    27     7      
23/09/1981  0       2.2    24.5   6.5    
24/09/1981  0       3      23     10     
25/09/1981  1       4.3    24     7.5    
26/09/1981  0       3.6    24     6      
27/09/1981  2.2     3.9    23     8      
28/09/1981  3       2.8    19.5   11     
29/09/1981  1       3.4    21     11.5   
30/09/1981  15      3.3    22     13     
01/10/1981  2       3.2    23     10     
02/10/1981  0       3.5    23     9      
03/10/1981  0       3.1    24     7      
04/10/1981  0       3.1    24     6      
05/10/1981  2       3.1    25     10     
06/10/1981  0       3.1    24.5   6      
07/10/1981  0.6     3.7    24     7      
08/10/1981  2.5     4.7    24     8      
09/10/1981  0       2.7    25     9.5    
10/10/1981  0       4.5    25.5   5.5    
11/10/1981  22      3.8    23.5   7      
12/10/1981  0       3.6    25     6      
13/10/1981  0       2.4    24     9.5    
14/10/1981  0       3      24.5   7.5    
15/10/1981  0       3      20     7      
16/10/1981  0       2.9    25.5   7      
17/10/1981  0       3.9    25.5   4.5    
18/10/1981  0       4.6    24.5   4.5    
19/10/1981  0       3.7    21     8      
20/10/1981  0       3.3    25     9.5    
21/10/1981  0       4      23.5   4      
22/10/1981  0       2.3    25.5   4.5    
23/10/1981  40      5      23     7      
24/10/1981  0       4.3    23     4.5    
25/10/1981  0       2.4    23     7      
26/10/1981  18      3.3    21.5   10     
27/10/1981  0       1.9    22.5   10     
28/10/1981  27      1.1    24     7.5    
29/10/1981  0       3.6    24.5   9.5    
30/10/1981  0       2.7    23     9      
31/10/1981  16      4.7    25.5   8      
01/11/1981  0       4.2    20     7.5    
02/11/1981  12.5    3.4    22.5   4.5    
03/11/1981  0       3.1    23.5   5      
04/11/1981  0       3.6    23.5   5      
05/11/1981  0       4      24     6.5    
06/11/1981  0       2.2    24     4      
07/11/1981  0       3.2    23.5   5      
08/11/1981  0       3.4    25.5   3.5    
09/11/1981  0       3.8    20.5   5      
10/11/1981  0       4.1    22.5   3.5    
11/11/1981  0       4.2    24     2.5    
12/11/1981  0       4.9    24.5   1      
13/11/1981  0       5.7    21.5   1.5    
14/11/1981  0       2.2    23     5.5    
15/11/1981  0       6.9    23.5   4      
16/11/1981  0       4      23     3      
17/11/1981  0       3.1    25     2      
18/11/1981  0       3.1    26     0      
19/11/1981  0       3.7    24.5   1.5    
20/11/1981  0       3.1    25     4      
21/11/1981  0       2.8    23     6      
22/11/1981  0       2.2    25.5   0      
23/11/1981  0       4.6    24.5   0      
24/11/1981  0       4.1    26.5   0      
25/11/1981  0       3.9    24.5   -1     
26/11/1981  0       3.3    23.5   -2     
27/11/1981  0       3.5    25.5   0      
28/11/1981  0       4      25.5   1.5    
29/11/1981  0       3.9    25.5   2.5    
30/11/1981  0       5.1    25     3      
01/12/1981  0       3      23.5   2      
02/12/1981  0       2.4    23.5   2      
03/12/1981  0       2.8    25     3.5    
04/12/1981  0       3      24.5   2.5    
05/12/1981  0       2      23.5   3      
06/12/1981  0       2.9    24     1.5    
07/12/1981  3.6     2.6    23.5   2.5    
08/12/1981  0       1.8    18     4.5    
09/12/1981  0       2.1    17.5   7      
10/12/1981  0       3.4    22     5      
11/12/1981  0       3.5    22.5   0      
12/12/1981  0       3.3    23     0      
13/12/1981  0       3.4    23.5   0      
14/12/1981  0       3.5    23.5   1.5    
15/12/1981  0       3.2    22     1      
16/12/1981  0       3.4    23     0      
17/12/1981  0       3      22.5   1.5    
18/12/1981  0       3.3    23     1      
19/12/1981  0       2.3    23.5   1      
20/12/1981  0       3.8    24.5   1.5    
21/12/1981  0       4.2    24.5   1      
22/12/1981  0       3.3    22     1      
23/12/1981  0       2.9    23     0      
24/12/1981  0       2.2    22.5   1      
25/12/1981  0       2.4    22.5   2.5    
26/12/1981  0       3.1    24     4.5    
27/12/1981  0       3.4    22.5   2.5    
28/12/1981  0       3.8    24     1.5    
29/12/1981  0       2.6    25     1.5    
30/12/1981  0       3.1    22.5   1.5    
31/12/1981  0       4.3    24     3      
01/01/1982  0       3.7    24     2.5    
02/01/1982  0       3.8    23     1.5    
03/01/1982  0       3.2    22.5   0      
04/01/1982  0       2.1    23     3      
05/01/1982  0       3      22     0      
06/01/1982  0       4      24     0      
07/01/1982  0       3.2    25     0      
08/01/1982  0       3.3    24     0      
09/01/1982  0       2.6    23     1.5    
10/01/1982  0       3.9    24     1.5    
11/01/1982  0       3.6    22     0      
12/01/1982  0       3.5    23     1      
13/01/1982  0       3.9    22     1      
14/01/1982  0       3.8    23     2      
15/01/1982  0       3.8    22.5   0      
16/01/1982  0       4.1    26.5   1      
17/01/1982  0       3.7    23.5   2      
18/01/1982  0       3.6    26     1      
19/01/1982  0       3.4    25     1      
20/01/1982  0       4.3    26     0      
21/01/1982  0       4.8    27     0      
22/01/1982  0       4.4    26     0      
23/01/1982  0       4.2    27.5   -2     
24/01/1982  0       3.9    25     3      
25/01/1982  0       3.8    26     0      
26/01/1982  0       3.2    26.5   1      
27/01/1982  0       3.9    27     0      
28/01/1982  0       4.1    25     1      
29/01/1982  0       3.5    26     2      
30/01/1982  0       3.7    26.5   1      
31/01/1982  0       3.4    25     2      
01/02/1982  0       3.6    21     2      
02/02/1982  0       4.3    22.5   1.5    
03/02/1982  0       4.4    23     -1     
04/02/1982  0       4.6    24     0      
05/02/1982  0       4.3    25     0      
06/02/1982  0       4      24     2      
07/02/1982  0       4      26     2      
08/02/1982  0       3.9    25.5   1      
09/02/1982  0       3.9    27     2      
10/02/1982  0       3.5    25.5   1.5    
11/02/1982  1.5     3.5    24     2.5    
12/02/1982  0       4      22.5   2      
13/02/1982  0       4.1    20     1      
14/02/1982  0       3.1    23     0      
15/02/1982  0       3.6    25     1      
16/02/1982  0       3.4    24     1.5    
17/02/1982  0       3.3    25     0      
18/02/1982  0       4.1    26     -1     
19/02/1982  0       3.1    24.5   1.5    
20/02/1982  0       3.4    25.5   2      
21/02/1982  0       3.9    25     3      
22/02/1982  2       5      24     4      
23/02/1982  0       4.7    24.5   2.5    
24/02/1982  0       5      26.5   1      
25/02/1982  2.5     4.8    24.5   2.5    
26/02/1982  16.5    4.2    24.5   3.5    
27/02/1982  0       4.3    22.5   2      
28/02/1982  0       4.4    22.5   3      
01/03/1982  6       3.8    21     4      
02/03/1982  0       2.9    19     4      
03/03/1982  0       4.9    22     0      
04/03/1982  0       4.4    23.5   0      
05/03/1982  0       4.6    24.5   2      
06/03/1982  0       4.4    24.5   2      
07/03/1982  0       4.8    23.5   0      
08/03/1982  0       3.2    24     0      
09/03/1982  0       4      25.5   1.5    
10/03/1982  0       3.7    24.5   0      
11/03/1982  0       5.9    27     0      
12/03/1982  0       4.6    27     1.5    
13/03/1982  0       3.9    28     4      
14/03/1982  0       3.7    28     5.5    
15/03/1982  0       4.2    28     4.5    
16/03/1982  0       4.3    28.5   5      
17/03/1982  0       5.4    28.5   4.5    
18/03/1982  0       4.6    28     4      
19/03/1982  0       3.9    28     0      
20/03/1982  0       3.5    26.5   3      
21/03/1982  0       4.1    26.5   4.5    
22/03/1982  0       3.8    28     5.5    
23/03/1982  0       4.7    25.5   6.5    
24/03/1982  0       4      26.5   6.5    
25/03/1982  0       3.3    29     3      
26/03/1982  0       3      28.5   3.5    
27/03/1982  0       4.4    26     4      
28/03/1982  0       5      28.5   7.5    
29/03/1982  3.5     6.5    28.5   7      
30/03/1982  0       4.7    31.5   6.5    
31/03/1982  0       5.1    30.5   7.5    
01/04/1982  0       5.8    31     4      
02/04/1982  0       5.3    30     2.5    
03/04/1982  0       8      32     6      
04/04/1982  0       5      30.5   7      
05/04/1982  0       4.7    31     6      
06/04/1982  0       4.1    30     5      
07/04/1982  0       6      28     5      
08/04/1982  0       5.3    29.5   6.5    
09/04/1982  0       4.6    27.5   6      
10/04/1982  0       5      28     6      
11/04/1982  6.3     4.3    27     9      
12/04/1982  0       4      27     7.5    
13/04/1982  0       5      27.5   6.5    
14/04/1982  0       6.1    29     4      
15/04/1982  8.6     6.4    27.5   7      
16/04/1982  6.5     6.8    29     7.5    
17/04/1982  0       7.9    29.5   7.5    
18/04/1982  0       6.7    28.5   9      
19/04/1982  0       6.2    27.5   5      
20/04/1982  0       6.3    27     7      
21/04/1982  18      4.2    27.5   7.5    
22/04/1982  5.2     5.6    26     7      
23/04/1982  0       6.4    29     7      
24/04/1982  0       5.8    25     8.5    
25/04/1982  0       3.2    26     10.5   
26/04/1982  0       7.5    27.5   8.5    
27/04/1982  2       4      27     12     
28/04/1982  0       5.9    25     10.5   
29/04/1982  0       4.4    27     9      
30/04/1982  0       3.5    25     11     
01/05/1982  0       8.4    26.5   9.5    
02/05/1982  7.8     8.9    25     8      
03/05/1982  7.8     7.5    28     9      
04/05/1982  0       6.2    26     9      
05/05/1982  0       7.2    27     6      
06/05/1982  0       7.1    28     8      
07/05/1982  8.6     4.8    27     9      
08/05/1982  0       6.2    26.5   11     
09/05/1982  0       7.4    27     10.5   
10/05/1982  7       6.3    27.5   11.5   
11/05/1982  0       5.8    27     10.5   
12/05/1982  14      5.9    25.5   9.5    
13/05/1982  0       5.4    24.5   9.5    
14/05/1982  0       5.6    24     9.5    
15/05/1982  8.8     4.6    25.5   10.5   
16/05/1982  9.3     5.1    23     12.5   
17/05/1982  2.3     3      23     10     
18/05/1982  5.1     4.9    23     12     
19/05/1982  8       4.6    23     9.5    
20/05/1982  7       2.6    22     9.5    
21/05/1982  7       5.6    20     11     
22/05/1982  9.1     4.1    23     13     
23/05/1982  0       4.8    24     13     
24/05/1982  9.2     6.2    24.5   13.5   
25/05/1982  0       3.9    22.5   11     
26/05/1982  0       3.2    26.5   11.5   
27/05/1982  0       4.4    27     11     
28/05/1982  0       4.1    28     11.5   
29/05/1982  2.5     4.3    27     12.5   
30/05/1982  1.5     5.9    28     11.5   
31/05/1982  0       6.1    29     11     
01/06/1982  0       4.3    26.5   10.5   
02/06/1982  0       4.5    28     9      
03/06/1982  0       4.3    28     5      
04/06/1982  0       8      30.5   9      
05/06/1982  0       5.2    27     6      
06/06/1982  0       5.7    26.5   11     
07/06/1982  0       5.5    28     8      
08/06/1982  0       4.7    26.5   6      
09/06/1982  9.3     4.9    27     6.5    
10/06/1982  0.5     5.9    25.5   8      
11/06/1982  0       4.3    23.5   6      
12/06/1982  0       3.8    26     7      
13/06/1982  0       3.8    26     10     
14/06/1982  0       4.4    24.5   11     
15/06/1982  0.5     5.8    25.5   6      
16/06/1982  5.6     5.3    27.5   6.5    
17/06/1982  0       5.6    28     6      
18/06/1982  0       4.3    27     9      
19/06/1982  0       5.4    28.5   5      
20/06/1982  0       4.6    27.5   5.5    
21/06/1982  6.5     5.6    24.5   6      
22/06/1982  0       5.4    24.5   11     
23/06/1982  0       5.2    25     10     
24/06/1982  0       4.1    25     10.5   
25/06/1982  0       4.6    26.5   12     
26/06/1982  0       4.7    27     7      
27/06/1982  0       5.2    25.5   8.5    
28/06/1982  2       5.9    25.5   8.5    
29/06/1982  0       4.6    26.5   8.5    
30/06/1982  3.4     5      26     8.5    
01/07/1982  0       4.1    24     9      
02/07/1982  0       5.1    25.5   7      
03/07/1982  2.4     5.5    24     9.5    
04/07/1982  0       5.3    23     7.5    
05/07/1982  0       4.8    24.5   6      
06/07/1982  0       3.6    21.5   11.5   
07/07/1982  0       5.2    24     6      
08/07/1982  3.6     5.5    24.5   9      
09/07/1982  2.6     4.4    23.5   5.5    
10/07/1982  0       4.5    23.5   6      
11/07/1982  1.5     4.8    24     10     
12/07/1982  12.5    4.4    23     7.5    
13/07/1982  4.5     4.2    25     8      
14/07/1982  0       5.8    24.5   8      
15/07/1982  0       5.6    23.5   7      
16/07/1982  0       5      21     10.5   
17/07/1982  12.1    3.3    21.5   11     
18/07/1982  0       3.8    24.5   9      
19/07/1982  9.9     4.6    23.5   8      
20/07/1982  0       5      24.5   11.5   
21/07/1982  0       5.3    24.5   7.5    
22/07/1982  0       5.4    22.5   6.5    
23/07/1982  4.5     4.8    21     9      
24/07/1982  0       4.2    21.5   7      
25/07/1982  15.5    4.3    22.5   6.5    
26/07/1982  0.3     4.7    22.5   10.5   
27/07/1982  2.6     4.5    24.5   5      
28/07/1982  0       5.8    24.5   6      
29/07/1982  0       6      25     6.5    
30/07/1982  0.6     7      26     8      
31/07/1982  2.7     9.8    24.5   5.5    
01/08/1982  0       4.6    23.5   5.5    
02/08/1982  17.6    3.1    22.5   10     
03/08/1982  0.3     3.6    23     9      
04/08/1982  0       3.5    24.5   9      
05/08/1982  0.4     6.1    26     7      
06/08/1982  0       4.2    24.5   5.5    
07/08/1982  0       4.1    23.5   8      
08/08/1982  9       4.6    25.5   7.5    
09/08/1982  0       5.6    25     6.5    
10/08/1982  0       5.1    26     8      
11/08/1982  4.4     3.5    25.5   6.5    
12/08/1982  0       4.2    22.5   9.5    
13/08/1982  0       4.5    24     7      
14/08/1982  8.5     3.4    24.5   7.5    
15/08/1982  0       5.2    25.5   4      
16/08/1982  0       6.1    26.5   5.5    
17/08/1982  0       6.4    27     7      
18/08/1982  0       5.1    24.5   8      
19/08/1982  5.4     2.6    24.5   8      
20/08/1982  9.3     4      23     7.5    
21/08/1982  0       3.9    21.5   10     
22/08/1982  0.8     3.8    23     12.5   
23/08/1982  0       4.3    25     9      
24/08/1982  0       4.1    24.5   6.5    
25/08/1982  0       5.2    28     7.5    
26/08/1982  0       6.1    29.5   7.5    
27/08/1982  0       4.3    24.5   8      
28/08/1982  0       5.1    25.5   7.5    
29/08/1982  0       5.3    25.5   7.5    
30/08/1982  0       4.3    24.5   6      
31/08/1982  0       5.2    25     6.5    
01/09/1982  0       3.3    23.5   5.5    
02/09/1982  0       4.1    25.5   4.5    
03/09/1982  0       4.6    27     5      
04/09/1982  1.9     5.4    25     8      
05/09/1982  3.7     5      25     7      
06/09/1982  0       3.9    24.5   8      
07/09/1982  0       4.2    24     8      
08/09/1982  5       4.4    23     11     
09/09/1982  9.8     4.8    24     9.5    
10/09/1982  1.2     3.7    22     11     
11/09/1982  14.5    6.5    23     10.5   
12/09/1982  0       4.3    25     12     
13/09/1982  0       3.5    25     11.5   
14/09/1982  0       5.5    26     9      
15/09/1982  0       2.4    23.5   7      
16/09/1982  1.2     4.9    25     6.5    
17/09/1982  1.1     3.6    22.5   7.5    
18/09/1982  0       2.1    24.5   9.5    
19/09/1982  3.9     3.2    24     8.5    
20/09/1982  8.5     4.2    23.5   9      
21/09/1982  0       4.9    24     8      
22/09/1982  0       4.5    22     9      
23/09/1982  0       4.3    21     10     
24/09/1982  0       4.1    22.5   9.5    
25/09/1982  0       5.6    23     8.5    
26/09/1982  0       5.2    26     9      
27/09/1982  0       4.3    25     5      
28/09/1982  0       6.2    25     6      
29/09/1982  0       6.5    26.5   8      
30/09/1982  0       4.8    26     6      
01/10/1982  3       4.6    25     7.5    
02/10/1982  0       3.9    24.5   8      
03/10/1982  0       5.3    25.5   6.5    
04/10/1982  0       3.7    23     11     
05/10/1982  6.4     4.2    23.5   8      
06/10/1982  18      5.3    22     10.5   
07/10/1982  7       5.4    22     12     
08/10/1982  0       3.6    22.5   12     
09/10/1982  0       4.5    23.5   5.5    
10/10/1982  54.5    4.9    23.5   9      
11/10/1982  0       3.7    20.5   12     
12/10/1982  3.1     2.4    23     12     
13/10/1982  6.8     4.3    22     8      
14/10/1982  0       3.6    22     7      
15/10/1982  0       2      21.5   9.5    
16/10/1982  0       1.7    18     11.5   
17/10/1982  0.2     2.3    23.5   8      
18/10/1982  2       4      25.5   9      
19/10/1982  0       4      25     9      
20/10/1982  0       4.5    23.5   4      
21/10/1982  7       5.1    23     7      
22/10/1982  0       5.6    19     7      
23/10/1982  0       3.8    19     9      
24/10/1982  2       3.6    23     4      
25/10/1982  0       4.2    22.5   5      
26/10/1982  0       2.6    24     2.5    
27/10/1982  0       4.4    22     7      
28/10/1982  0       4.5    23     1      
29/10/1982  0       3.2    23     1      
30/10/1982  0       3.6    23     1      
31/10/1982  0       3.8    23     3      
01/11/1982  0       3.3    23     4      
02/11/1982  0       3.1    23     6      
03/11/1982  0       3      24     2      
04/11/1982  0       3.5    22     5      
05/11/1982  0       2.2    22     2      
06/11/1982  0       3.1    22     2      
07/11/1982  0       3.3    24     0.5    
08/11/1982  0       3.6    24     2      
09/11/1982  0       3.2    24     2      
10/11/1982  0       3.4    24.5   2      
11/11/1982  0       4.3    24     1.5    
12/11/1982  0       5      25.5   0      
13/11/1982  0       3.2    27     1      
14/11/1982  0       2.8    28     2.5    
15/11/1982  0       4.9    25     2      
16/11/1982  0       4.4    25.5   -1     
17/11/1982  0       3      24     1      
18/11/1982  0       2.7    24     3.5    
19/11/1982  0       3.2    23     2      
20/11/1982  0       2.8    24     2      
21/11/1982  0       4.6    24.5   3.5    
22/11/1982  0       2.1    24.5   2.5    
23/11/1982  0       3.2    23.5   4.5    
24/11/1982  0       4.3    24.5   3.5    
25/11/1982  0       3.3    21     3      
26/11/1982  0       2.1    18     6      
27/11/1982  0       2.9    21.5   9      
28/11/1982  0       3.2    23     4      
29/11/1982  0       3.1    24     4      
30/11/1982  0       3.1    24     4      
01/12/1982  0       3.1    20.5   5      
02/12/1982  0       3.2    22     6      
03/12/1982  0       3.5    21     3      
04/12/1982  0       2.7    22     0      
05/12/1982  0       4.2    22.5   2.5    
06/12/1982  0       3.2    23     2.5    
07/12/1982  0       3.9    21.5   0      
08/12/1982  0       2.6    24     2      
09/12/1982  0       2.7    23.5   3.5    
10/12/1982  0       3.3    22.5   4      
11/12/1982  0       6.1    25     3.5    
12/12/1982  0       5.3    22     5      
13/12/1982  0       3.9    21.5   3.5    
14/12/1982  0       3.2    20     8.5    
15/12/1982  0       3.7    23     4.5    
16/12/1982  0       2.3    19     4      
17/12/1982  0       3.3    21     3.5    
18/12/1982  0       3.5    20.5   0      
19/12/1982  0       3.4    24     0      
20/12/1982  0       3.2    23     2.5    
21/12/1982  0       4.2    22.5   -5     
22/12/1982  0       3.7    23     -4     
23/12/1982  0       3.1    22.5   -3     
24/12/1982  0       3.4    23     -4     
25/12/1982  0       3.9    23     2      
26/12/1982  0       3.6    20     6      
27/12/1982  0       2.7    23     -1     
28/12/1982  0       4      22.5   1.5    
29/12/1982  0       2.4    23.5   5      
30/12/1982  0       3.3    22     5.5    
31/12/1982  0       3.5    23.5   3.5    
01/01/1983  0       2.5    20.5   6      
02/01/1983  0       3.7    23     6      
03/01/1983  0       3.3    22     3.5    
04/01/1983  0       3.1    21     3      
05/01/1983  0       4.2    21     4.5    
06/01/1983  0       4.5    22.5   3      
07/01/1983  0       3.8    21.5   5      
08/01/1983  0       3.7    22     2.5    
09/01/1983  0       3.6    23     2.5    
10/01/1983  0       4.1    23.5   2.5    
11/01/1983  0       3      22.5   3.5    
12/01/1983  0       3.4    17     7.5    
13/01/1983  0       3.5    20     5      
14/01/1983  0       5.4    24.5   6      
15/01/1983  0       4.5    21     5      
16/01/1983  0       3.7    20     2      
17/01/1983  0       3.5    20     4.5    
18/01/1983  3.5     2.5    19     1.5    
19/01/1983  0       4.6    19.5   3      
20/01/1983  0       1.8    16.5   -2     
21/01/1983  0       3.6    19     -2     
22/01/1983  0       4      16     -2     
23/01/1983  0       5.1    21     -4     
24/01/1983  0       3.9    22     -4     
25/01/1983  0       4.6    22     -4     
26/01/1983  0       4.1    22     -1     
27/01/1983  0       4      21     -3     
28/01/1983  0       3.7    22.5   -3.5   
29/01/1983  0       4.8    24     -3     
30/01/1983  0       3.7    23     0      
31/01/1983  0       4.9    20.5   2      
01/02/1983  0       6.9    20.5   2      
02/02/1983  0       4.1    21.5   2      
03/02/1983  0       3.4    22     5      
04/02/1983  0       4.3    22     5      
05/02/1983  0       3.8    22     5.5    
06/02/1983  0       6.2    25     2      
07/02/1983  0       4.2    23     1      
08/02/1983  0       4.1    20     3      
09/02/1983  0       4.7    21.5   5.5    
10/02/1983  0       6      21.5   1      
11/02/1983  17      1.5    14     2.5    
12/02/1983  0       1      14     6      
13/02/1983  0       2.2    20     0      
14/02/1983  0       3.1    19.5   1      
15/02/1983  0       5.1    19.5   5      
16/02/1983  0       3.9    22.5   3      
17/02/1983  0       5.5    23.5   3      
18/02/1983  0       2.8    19.5   1      
19/02/1983  0       4.1    19     0      
20/02/1983  0       4.9    21.5   0      
21/02/1983  0       4.4    21.5   1      
22/02/1983  0       3.2    22     2      
23/02/1983  0       5.5    21.5   1      
24/02/1983  0       4.8    22     2      
25/02/1983  5       3.3    18     4      
26/02/1983  0       5      18     3      
27/02/1983  0       3.2    21     -4     
28/02/1983  0       2.9    21     0      
01/03/1983  0       5.9    21     1      
02/03/1983  0       5.9    24     2      
03/03/1983  0       8.7    24.5   3      
04/03/1983  0       7.1    23.5   8.5    
05/03/1983  0       6.9    23     9      
06/03/1983  0       5.5    25     6.5    
07/03/1983  0       6      24     2      
08/03/1983  0       5      25     3      
09/03/1983  0       4.5    25     2.5    
10/03/1983  0       8.3    24.5   1      
11/03/1983  0       8.9    25     1      
12/03/1983  17      7.7    25     5      
13/03/1983  5       5.6    16.5   1.5    
14/03/1983  0       6.2    19     4      
15/03/1983  0       7.4    20     3.5    
16/03/1983  0       4.6    22     1      
17/03/1983  0       8.4    24.5   1      
18/03/1983  0       5.1    25.5   1      
19/03/1983  0       5.7    25     2      
20/03/1983  0       6.2    25     2      
21/03/1983  0       8.1    25.5   0      
22/03/1983  0       8.9    26     1      
23/03/1983  0       6.7    29     0      
24/03/1983  0       6      29.5   0.5    
25/03/1983  0       3.6    28.5   1      
26/03/1983  0       6.2    24     1      
27/03/1983  0       5.1    25     1.5    
28/03/1983  0       5.2    26     2      
29/03/1983  0       5.3    25     1      
30/03/1983  0       7.5    25     2      
31/03/1983  0       5.4    28     3.5    
01/04/1983  0       7      26     2      
02/04/1983  0       6.1    26.5   4      
03/04/1983  0       6.6    25.5   3      
04/04/1983  0       6.8    25     3.5    
05/04/1983  0       7      26     2.5    
06/04/1983  0       4.8    27     2      
07/04/1983  0       5.1    26     1.5    
08/04/1983  0       4.3    25.5   2      
09/04/1983  0       7      25.5   2.5    
10/04/1983  0       7      26     2      
11/04/1983  0       7.5    21     1      
12/04/1983  0       8      26     3.5    
13/04/1983  0       4.8    25.5   6      
14/04/1983  0       7.9    26.5   3.5    
15/04/1983  0       7      26     4.5    
16/04/1983  0       4.4    25.5   4      
17/04/1983  0       6.7    26     3      
18/04/1983  0       7.4    28.5   6.5    
19/04/1983  0       6.2    28.5   5.5    
20/04/1983  0       6.9    28.5   5.5    
21/04/1983  0       8.3    26     5.5    
22/04/1983  0       7.4    27     5      
23/04/1983  0       7.6    26.5   2.5    
24/04/1983  0       6.6    28.5   3      
25/04/1983  0       7.8    28     6      
26/04/1983  0       8      28.5   5.5    
27/04/1983  0       6.9    28     2.5    
28/04/1983  0       5.9    28     3.5    
29/04/1983  0       5.6    26.5   1      
30/04/1983  0       4.7    27     5      
01/05/1983  0       6.9    32     10     
02/05/1983  0       4.5    31     8      
03/05/1983  0       7.1    31.5   7      
04/05/1983  0       7.2    32     8      
05/05/1983  0       7.9    31     9      
06/05/1983  0       6.4    29.5   9      
07/05/1983  0       4.6    29     7.5    
08/05/1983  0       6.1    30     6.5    
09/05/1983  0       5.1    28     7      
10/05/1983  0       6.9    28     7.5    
11/05/1983  0       6.8    30     7      
12/05/1983  0       7.6    31     7.5    
13/05/1983  0       6.1    27     8      
14/05/1983  0       7.7    29     6      
15/05/1983  0       6.1    28.5   7      
16/05/1983  0       5      30     6.5    
17/05/1983  0       4.1    31.5   7.5    
18/05/1983  0       4.8    29     9.5    
19/05/1983  0       5.2    29     6      
20/05/1983  0       4.9    29     8      
21/05/1983  0       5.1    30     9      
22/05/1983  0       3      30     12.5   
23/05/1983  0       4      28     12     
24/05/1983  0       3.8    26     12.5   
25/05/1983  7.4     4.8    25     12     
26/05/1983  1.9     5.3    22     12     
27/05/1983  0       4      24     12     
28/05/1983  0       6.1    25     11     
29/05/1983  0       5.1    24     8      
30/05/1983  0       4.9    24.5   9      
31/05/1983  0       4.2    26     8      
01/06/1983  0       4.1    22     6      
02/06/1983  0       6      28     5.5    
03/06/1983  0       6.1    29     5      
04/06/1983  8       6.9    29     5      
05/06/1983  1       6.1    29     5.5    
06/06/1983  12.5    6.3    30     5      
07/06/1983  0       5      26     5.5    
08/06/1983  0       4.2    24     9      
09/06/1983  0       5.5    28     8.5    
10/06/1983  0       5.2    26     7      
11/06/1983  0       5.6    27     7      
12/06/1983  0       6.2    28     7.5    
13/06/1983  0       6.9    29.5   8      
14/06/1983  0       6.4    29     6      
15/06/1983  4       6.3    28.5   6      
16/06/1983  0       6.5    29.5   10     
17/06/1983  1.5     6.2    28     10     
18/06/1983  0       5.5    27.5   11     
19/06/1983  0       6.9    29.5   5      
20/06/1983  7.5     6.5    29     7      
21/06/1983  0       5.4    26.5   11     
22/06/1983  2.5     4.8    23     14     
23/06/1983  4.5     4.2    26.5   12     
24/06/1983  6.6     3.5    24     13.5   
25/06/1983  0       5.3    26     11.5   
26/06/1983  0       6.4    29     12     
27/06/1983  0       5.6    28     9      
28/06/1983  0       5.3    26     8      
29/06/1983  28      4.8    27     11.5   
30/06/1983  0       4.7    25     13     
01/07/1983  0       3.9    26     9.5    
02/07/1983  0       4.5    29     11     
03/07/1983  0       5.7    26.5   11     
04/07/1983  0       4.6    27     11.5   
05/07/1983  5.4     4.2    24     11     
06/07/1983  0       5.6    25.5   10     
07/07/1983  0       5      25     12     
08/07/1983  0       4.5    26     10     
09/07/1983  1.3     4.9    25.5   8      
10/07/1983  4.1     4.2    24     9.5    
11/07/1983  18      4.2    24.5   9      
12/07/1983  15      5.6    25     11     
13/07/1983  51      4.9    24.5   10.5   
14/07/1983  4.5     3.1    26     12.5   
15/07/1983  26.5    4.8    24     11     
16/07/1983  6       4.8    26     11.5   
17/07/1983  41      4.9    25     9.5    
18/07/1983  10      4.1    23.5   9      
19/07/1983  31      5.8    25     11.5   
20/07/1983  0       5.6    23.5   11.5   
21/07/1983  0       3.6    23     11.5   
22/07/1983  0       3.5    24     7      
23/07/1983  0       4.9    24     10     
24/07/1983  0       5.6    25     7      
25/07/1983  0       4.6    23.5   6.5    
26/07/1983  0.2     4.8    23     7.5    
27/07/1983  0       4.9    23     8      
28/07/1983  8.4     4.8    23     7      
29/07/1983  1.5     3.6    23     7.5    
30/07/1983  0       5.6    23     7      
31/07/1983  0       3.5    25.5   6.5    
01/08/1983  0       3.8    23     8      
02/08/1983  4.5     3.2    26.5   9      
03/08/1983  4.5     3.9    22     12     
04/08/1983  2.5     4.4    22     8.5    
05/08/1983  18.2    4.5    23.5   9.5    
06/08/1983  6       2      23.5   13     
07/08/1983  31.5    4.2    25     8.5    
08/08/1983  9       4.7    25     9      
09/08/1983  10      3.2    24.5   7.5    
10/08/1983  0       3.8    23     8      
11/08/1983  23      2.6    23     8.5    
12/08/1983  0.6     3.4    23.5   8      
13/08/1983  0.8     3.7    23.5   8      
14/08/1983  0       3.9    23     9      
15/08/1983  0       4      22.5   9.5    
16/08/1983  0       4.1    23.5   9      
17/08/1983  0       5.2    22     9      
18/08/1983  0       4.4    23     8      
19/08/1983  0       4.2    21.5   7      
20/08/1983  0       3.2    24.5   7      
21/08/1983  0       3.6    23     8.5    
22/08/1983  0.4     4      23     7      
23/08/1983  0       3.9    23     8      
24/08/1983  5.7     3.6    23     9      
25/08/1983  0       4      23     8      
26/08/1983  0       4.2    20.5   9.5    
27/08/1983  16      5.4    20.5   8      
28/08/1983  3.7     3.7    22     8.5    
29/08/1983  0       4      23     8      
30/08/1983  0.4     3.9    24     9.5    
31/08/1983  0       2.8    22.5   9      
01/09/1983  0.5     4      25     9      
02/09/1983  1.2     4.5    23     8      
03/09/1983  4.7     5.1    22     10     
04/09/1983  0       2.9    23     6      
05/09/1983  7.5     4.8    24.5   9      
06/09/1983  20      5.5    23     10.5   
07/09/1983  12.3    5.9    22     10     
08/09/1983  14      5.9    23     9      
09/09/1983  1       6      22     9      
10/09/1983  18      4.8    21     9      
11/09/1983  25.5    3.3    23     6      
12/09/1983  0       3.3    22     8      
13/09/1983  1.5     4.4    24.5   8      
14/09/1983  0       3.4    23.5   8.5    
15/09/1983  2.5     4.8    22     9.5    
16/09/1983  15.5    3.7    24     9      
17/09/1983  12      3.6    21     9      
18/09/1983  9.8     3.3    22     9      
19/09/1983  0       2.3    21     9      
20/09/1983  2.5     5.1    21.5   9      
21/09/1983  0       3.6    25.5   8.5    
22/09/1983  0       3.4    23     7.5    
23/09/1983  0       3.4    21     7      
24/09/1983  0       2.9    21     9      
25/09/1983  0       3      24.5   9      
26/09/1983  0       3.2    25     5      
27/09/1983  0       3      24     5.5    
28/09/1983  0       3      23     7      
29/09/1983  0       3.1    25     7      
30/09/1983  0       4      24     5.5    
01/10/1983  0       4.8    24     5.5    
02/10/1983  0       4.2    25     5      
03/10/1983  0       4.6    25     5.5    
04/10/1983  0       4.7    24.5   9      
05/10/1983  0       4.1    21     7.5    
06/10/1983  0       4.3    25     7      
07/10/1983  0       5      25     6      
08/10/1983  0       4.9    26     4.5    
09/10/1983  0       5.1    26.5   5      
10/10/1983  1       4.8    24     7      
11/10/1983  0       4.9    24     4.5    
12/10/1983  2.5     4.3    25.5   9      
13/10/1983  0       2.7    19     9.5    
14/10/1983  0       4      22     6      
15/10/1983  8.5     4.3    26     5      
16/10/1983  6.7     4.8    25     5.5    
17/10/1983  1.5     4.5    25     5      
18/10/1983  7.5     3.6    24     6      
19/10/1983  0       4.4    22.5   11     
20/10/1983  0       3.8    21     6.5    
21/10/1983  0       4.4    24     5      
22/10/1983  0.7     4.8    25     5      
23/10/1983  0       4.2    22     8      
24/10/1983  0       4.5    24.5   6      
25/10/1983  0       3.9    22.5   5      
26/10/1983  0       2.3    19     5      
27/10/1983  0       4      22.5   2      
28/10/1983  0       4      22.5   3      
29/10/1983  0       4.2    24     4.5    
30/10/1983  0       4      21     4      
31/10/1983  0       4.4    22     9      
01/11/1983  0       3      19     8      
02/11/1983  0       3.9    25     3.5    
03/11/1983  0       3.8    24     3      
04/11/1983  0       3.2    23     2      
05/11/1983  0       3.2    22     3.5    
06/11/1983  0       3.1    23     3      
07/11/1983  0       3.1    21.5   7      
08/11/1983  0       3.8    20     10     
09/11/1983  1       3.9    20     12     
10/11/1983  0       3.8    23     9      
11/11/1983  0       3.9    22     9      
12/11/1983  0       4.6    25     7      
13/11/1983  0       5.4    26     2      
14/11/1983  0       4      23     2      
15/11/1983  0       4.1    22.5   6      
16/11/1983  0       4.6    24.5   6      
17/11/1983  0       4.6    25     2      
18/11/1983  0       4.4    22     2      
19/11/1983  0       3.6    22.5   3      
20/11/1983  0       3.5    23.5   2      
21/11/1983  0       4.2    24     2      
22/11/1983  0       4.8    23     2      
23/11/1983  0       3.5    23     3      
24/11/1983  0       4.3    24     3      
25/11/1983  0       3.3    22     3      
26/11/1983  0       3.9    22     4      
27/11/1983  0       3.2    23     7      
28/11/1983  0       4.8    23     3      
29/11/1983  0       3.4    23     3      
30/11/1983  2.5     3.8    25     3.5    
01/12/1983  0       3.9    23     6      
02/12/1983  0       3.9    22     6.5    
03/12/1983  0       3.7    23.5   6      
04/12/1983  0       3.6    23     3.5    
05/12/1983  0       3.5    23     3.5    
06/12/1983  0       4.2    25     3.5    
07/12/1983  0       5      26     7.5    
08/12/1983  0       4.1    24.5   8      
09/12/1983  0       4.3    24     7      
10/12/1983  0       4.3    22     2      
11/12/1983  0       4.4    21     2.5    
12/12/1983  0       5.6    26     2      
13/12/1983  0       4.3    24.5   4      
14/12/1983  0       4.1    21.5   2      
15/12/1983  0       3.7    21     3      
16/12/1983  0       4      23     -3     
17/12/1983  0       3.4    20     -1     
18/12/1983  0       3.9    22     0      
19/12/1983  0       3.7    23     1      
20/12/1983  0       2.3    17     1      
21/12/1983  0       4      20     1.5    
22/12/1983  0       3.8    23.5   -1     
23/12/1983  0       3.5    20     0      
24/12/1983  0       3.6    21     0      
25/12/1983  0       3.1    20     0      
26/12/1983  0       3.6    21     -1     
27/12/1983  0       3.6    20     0      
28/12/1983  0       3.7    21     1      
29/12/1983  0       3.5    20     -1     
30/12/1983  0       3.7    20     0      
31/12/1983  0       3.7    20     0      
01/01/1984  0       2.1    21     0.5    
02/01/1984  0       2.5    21.5   0.5    
03/01/1984  0       3.1    21     0.5    
04/01/1984  0       3.1    22     2      
05/01/1984  0       5.1    24.5   3      
06/01/1984  0       3.9    24     1      
07/01/1984  0       3.3    22     2      
08/01/1984  0       3.9    23.5   3      
09/01/1984  0       3      21.5   6      
10/01/1984  8       3.6    22     4.5    
11/01/1984  0       3.4    9      1      
12/01/1984  8       5      14.5   5      
13/01/1984  0       2.9    12     4      
14/01/1984  0       4      21     3      
15/01/1984  0       4      21.5   1.5    
16/01/1984  0       5      23.5   1      
17/01/1984  0       4.1    24     1      
18/01/1984  0       5      23     1      
19/01/1984  0       3.9    21.5   2      
20/01/1984  0       5      21.5   1.5    
21/01/1984  0       4.4    20     1.5    
22/01/1984  0       3.3    21.5   2      
23/01/1984  0       4.9    23     1.5    
24/01/1984  0       4.1    22     1      
25/01/1984  0       3.8    22     1      
26/01/1984  0       3.2    21     2      
27/01/1984  0       4.1    22     1      
28/01/1984  0       3.4    21     4      
29/01/1984  0       3.7    23     0      
30/01/1984  0       3.6    21.5   0      
31/01/1984  0       4      21     0.5    
01/02/1984  0       3.9    21     2.5    
02/02/1984  0       3.2    22     4      
03/02/1984  0       3.1    22.5   3.5    
04/02/1984  0       2.8    23     3.5    
05/02/1984  0       3.2    22.5   4      
06/02/1984  0       3.2    19.5   5      
07/02/1984  0       2.9    19     5      
08/02/1984  0       3.1    19.5   1      
09/02/1984  0       3.8    21     1      
10/02/1984  4       4.7    20     2.5    
11/02/1984  0       3.7    21.5   2.5    
12/02/1984  0       4.9    22.5   1.5    
13/02/1984  0       4      25     1.5    
14/02/1984  0       2.9    23.5   2      
15/02/1984  0       3.1    22     2      
16/02/1984  0       3      24.5   1.5    
17/02/1984  0       4      24     1      
18/02/1984  0       3      26     2      
19/02/1984  0       3.8    26     2.5    
20/02/1984  0       3.1    26     2.5    
21/02/1984  0       4.9    26     2      
22/02/1984  0       4.3    25     2      
23/02/1984  0       5.3    25     1      
24/02/1984  0       4      23     1      
25/02/1984  0       4.5    25     1.5    
26/02/1984  0       4.6    24     1      
27/02/1984  0       4      23     1      
28/02/1984  0       3      24     2      
29/02/1984  Nulo    3.3    23     2      
01/03/1984  0       5.6    21     2.5    
02/03/1984  0       4.7    23     7      
03/03/1984  0       5.4    21     8      
04/03/1984  0       4.9    20     7      
05/03/1984  0       5.2    22     7.5    
06/03/1984  0       3.5    24     8.5    
07/03/1984  0       5.3    26     8      
08/03/1984  0       4.9    25     9.5    
09/03/1984  0       5.2    24     9      
10/03/1984  0       4.3    25     5      
11/03/1984  0       4.4    25     3      
12/03/1984  0       4.3    26     4      
13/03/1984  0       4.5    26     4      
14/03/1984  0       4.2    26     4      
15/03/1984  0       4.7    27     3.5    
16/03/1984  0       4.7    25     5      
17/03/1984  6       5.7    26     3      
18/03/1984  0       4.9    27     3      
19/03/1984  0       5.4    27     3      
20/03/1984  0       4.2    22     6      
21/03/1984  2.3     5.6    24.5   6      
22/03/1984  0       5.1    24     6      
23/03/1984  0       5      25     6.5    
24/03/1984  0       4.8    25     3      
25/03/1984  0       5.3    24.5   3      
26/03/1984  0       4.5    25     3      
27/03/1984  0       3.7    25.5   3.5    
28/03/1984  0       4.5    26     3      
29/03/1984  0       4.9    26     3.5    
30/03/1984  0       4.9    26     3.5    
31/03/1984  0       4.5    26     3.5    
01/04/1984  0       4.7    25     3.5    
02/04/1984  0       4      27     4      
03/04/1984  0       3.7    26     5      
04/04/1984  0       3.9    27     8      
05/04/1984  0       3.8    25     6.5    
06/04/1984  0       5      25     5.5    
07/04/1984  0       5.2    26.5   5      
08/04/1984  0       5.3    25.5   7      
09/04/1984  0       4.5    27.5   4.5    
10/04/1984  0       4.4    28     6      
11/04/1984  0       4.1    28     4      
12/04/1984  0       5.4    24     6.5    
13/04/1984  0       5.4    28     4      
14/04/1984  0       5.6    28     4      
15/04/1984  0       4.3    24     5      
16/04/1984  0       4.5    24.5   5      
17/04/1984  0       4.4    27     6      
18/04/1984  0       4.9    27.5   3      
19/04/1984  0       6.6    24     7.5    
20/04/1984  0       6.1    28     5.5    
21/04/1984  0       5.4    30     7.5    
22/04/1984  0       6.5    29     8      
23/04/1984  0       6.7    25.5   5.5    
24/04/1984  0       5.3    28.5   6.5    
25/04/1984  0       4.4    29     5      
26/04/1984  0       5.4    30     6      
27/04/1984  0       6.9    30     6      
28/04/1984  0       7.4    31     6      
29/04/1984  0       4.8    27     4.5    
30/04/1984  0       5.1    29     5      
01/05/1984  0       5.6    27     8      
02/05/1984  0       4.3    30     10     
03/05/1984  0       4.2    29     12     
04/05/1984  0       5.2    27     13     
05/05/1984  3       4.7    27     11     
06/05/1984  0       5      24.5   14     
07/05/1984  0       5.8    25     14.5   
08/05/1984  0       6      25     12     
09/05/1984  3       4.9    25     13     
10/05/1984  1.1     4.2    26     13     
11/05/1984  0       6.4    25     10     
12/05/1984  0       6.7    26     13     
13/05/1984  0       7.4    25     11     
14/05/1984  0       6.5    25     14     
15/05/1984  0       6.5    27     14     
16/05/1984  0       5.5    25     15     
17/05/1984  10      6      25     11     
18/05/1984  4       6      26     11     
19/05/1984  0       4.9    26     12     
20/05/1984  0       5.8    26     12     
21/05/1984  0       6.5    25     10     
22/05/1984  13.2    7.5    25     11     
23/05/1984  7       6.4    24     12     
24/05/1984  1       6.8    25     11     
25/05/1984  7       4.4    25     10     
26/05/1984  0       5.8    26     11     
27/05/1984  8       4      25     12     
28/05/1984  0       4      25     12     
29/05/1984  Nulo    4.3    26     13     
30/05/1984  5       5.1    27     13.5   
31/05/1984  0.6     7.4    29     11     
01/06/1984  0       4.2    26     7      
02/06/1984  0       5.5    28     7      
03/06/1984  0       5.1    28     8      
04/06/1984  0       4      26     11     
05/06/1984  0.2     3.6    25     11     
06/06/1984  7       3.3    23.5   11     
07/06/1984  11      4.4    24     13     
08/06/1984  18      4.1    24     10.5   
09/06/1984  12      4.2    24.5   11     
10/06/1984  19      3.7    24     11     
11/06/1984  23.5    4.8    24     9      
12/06/1984  11      4.7    25     11     
13/06/1984  0       3.8    24     13     
14/06/1984  0       4.7    24.5   12     
15/06/1984  0       4.8    25     13     
16/06/1984  0       4.1    24.5   11     
17/06/1984  0.2     4      24     9.5    
18/06/1984  4       3.9    24.5   9      
19/06/1984  0       4.8    24.5   9.5    
20/06/1984  1       5.1    25     9.5    
21/06/1984  3       4.8    24.5   8.5    
22/06/1984  23      4.9    24     9.5    
23/06/1984  18      3.9    23     9      
24/06/1984  0       4.3    24.5   7.5    
25/06/1984  5.5     4.7    24     9      
26/06/1984  0       5.8    25.5   9.5    
27/06/1984  8.5     5      24     11     
28/06/1984  4.5     5.2    24.5   11     
29/06/1984  3       5      25.5   10     
30/06/1984  9.5     4      24     11     
01/07/1984  2.9     3.9    23     10     
02/07/1984  2       2.6    21     11     
03/07/1984  3.1     4.1    23     10     
04/07/1984  8.6     4.1    23     12     
05/07/1984  0       4.8    24     12     
06/07/1984  9       4      20     10     
07/07/1984  0       3.2    23     10     
08/07/1984  0.4     3.7    22     9      
09/07/1984  1       3.1    21     12     
10/07/1984  7.5     3.7    21     11     
11/07/1984  2.2     3.7    25     12     
12/07/1984  20.4    4.6    23     12     
13/07/1984  3       5.1    22     11     
14/07/1984  4.5     3.4    23     10     
15/07/1984  1.8     3.7    23.5   10     
16/07/1984  0.8     4.6    24.5   6      
17/07/1984  1.8     4.2    24     11     
18/07/1984  4.5     4.5    25     8      
19/07/1984  7.5     4.2    24     11     
20/07/1984  17.5    3.5    23     11     
21/07/1984  0       4.6    23     8      
22/07/1984  1.8     4      25     7      
23/07/1984  0       5.4    24     6      
24/07/1984  0       4.2    22     8      
25/07/1984  0       4.6    23     10     
26/07/1984  0       4.6    21     11     
27/07/1984  5.8     4.2    24     10     
28/07/1984  17.8    5      25     11     
29/07/1984  0.5     3.9    24     9      
30/07/1984  38      4.8    20     9      
31/07/1984  2       5      21     11     
01/08/1984  24.5    4.4    23     8      
02/08/1984  0       3.8    24     9.5    
03/08/1984  0       2.8    21     9      
04/08/1984  0       4.8    24     10     
05/08/1984  0       4      23     10     
06/08/1984  10.5    3.3    23.5   10.5   
07/08/1984  1.3     1.8    22     9      
08/08/1984  0       2.9    21     11     
09/08/1984  2.5     4.3    23     11     
10/08/1984  28      4.6    24     10     
11/08/1984  0       4      24     6      
12/08/1984  0       4.1    24     8      
13/08/1984  0       5      24     8      
14/08/1984  0       1.3    22     8      
15/08/1984  0       2.4    22     11     
16/08/1984  2.8     2.9    23.5   10     
17/08/1984  0       4.4    23     7.5    
18/08/1984  2.5     4.6    22.5   7      
19/08/1984  2.3     3.5    24     7      
20/08/1984  16      5.6    23     8.5    
21/08/1984  0       1.6    20.5   7.5    
22/08/1984  0.8     2.5    22     8.5    
23/08/1984  15.5    2.9    23     11     
24/08/1984  0.3     2.6    22     7      
25/08/1984  1.8     2.8    22     7      
26/08/1984  2.5     4      23     8      
27/08/1984  0       2.1    23     6      
28/08/1984  0       4.7    24.5   11     
29/08/1984  0       4.1    24     6      
30/08/1984  0       1.1    25     6.5    
31/08/1984  0       3.5    24     7      
01/09/1984  21.5    3.2    23.5   10     
02/09/1984  2       4.2    25     9      
03/09/1984  4       3.2    20     12     
04/09/1984  31      4.7    24     12     
05/09/1984  6       2.8    18     12     
06/09/1984  25      3.5    20     11     
07/09/1984  24.5    3.3    19     12     
08/09/1984  2       3.4    21     12     
09/09/1984  1       4.4    24     9      
10/09/1984  12      2.6    23     9      
11/09/1984  0       3.6    21.5   8.5    
12/09/1984  1       3.7    20     10     
13/09/1984  2.5     2      20     12     
14/09/1984  6       1.6    17     12     
15/09/1984  0.5     2.9    19     11     
16/09/1984  0.3     3.3    19     10     
17/09/1984  1       3.2    20     11     
18/09/1984  0       3.7    23     11     
19/09/1984  1.5     3.9    22     10     
20/09/1984  50.5    3      23.5   10     
21/09/1984  27      3.2    21     11.5   
22/09/1984  4       3.6    22     12     
23/09/1984  0       4.9    25     13     
24/09/1984  0       3.6    26     6      
25/09/1984  0       4      23     11     
26/09/1984  0       4.7    22     7      
27/09/1984  0       4.1    21     8.5    
28/09/1984  0       4.4    24     5.5    
29/09/1984  20      4.3    24     6      
30/09/1984  0       4.4    23     5.5    
01/10/1984  10.5    2.7    24     5      
02/10/1984  0       3      23     5.5    
03/10/1984  0       3.9    24     5.5    
04/10/1984  12      4.8    24     6      
05/10/1984  4.5     3.2    23     6      
06/10/1984  0       5.5    24.5   6      
07/10/1984  0       3.2    25     7.5    
08/10/1984  0       4      23.5   5      
09/10/1984  0       4      23     4      
10/10/1984  0       4.2    22     5.5    
11/10/1984  0       4.6    23     4      
12/10/1984  0       4.3    25     6      
13/10/1984  0       3.9    24     6      
14/10/1984  0       3.2    22     5      
15/10/1984  0       4.9    23     3      
16/10/1984  0       4.1    24.5   2.5    
17/10/1984  0       3.4    21     4      
18/10/1984  0       4.5    23     4      
19/10/1984  0       3.4    25     4.5    
20/10/1984  0.5     4      25     10     
21/10/1984  3.8     3.8    21.5   8      
22/10/1984  0       5.6    23     6.5    
23/10/1984  7.5     5.6    22     4.5    
24/10/1984  0       2.3    22     3.5    
25/10/1984  0       3.4    23     3      
26/10/1984  1       2      22     4.5    
27/10/1984  4       5.3    24     5      
28/10/1984  3       4.9    25     6      
29/10/1984  0       3.3    22     9      
30/10/1984  0       3.6    25     5      
31/10/1984  0       3.3    25     6      
01/11/1984  0       5.7    24     6      
02/11/1984  0       3.2    23.5   5      
03/11/1984  0       4.1    23     4      
04/11/1984  0       5.8    22     4.5    
05/11/1984  0       5.7    20     4      
06/11/1984  0       4.1    21     5      
07/11/1984  0       2.7    23     3      
08/11/1984  0       2.7    26     2      
09/11/1984  0       4.9    26     1.5    
10/11/1984  0       5.8    24     3      
11/11/1984  0       2.5    24     5      
12/11/1984  0       3.7    23     1.5    
13/11/1984  0       3.5    22     2      
14/11/1984  0       3.1    23.5   2      
15/11/1984  0       5      23     3      
16/11/1984  0       3.8    25     -2     
17/11/1984  0       2      23     -4     
18/11/1984  0       4.4    23     -2     
19/11/1984  0       2.8    22     -3     
20/11/1984  0       3.8    23     -2     
21/11/1984  0       3      20     -2     
22/11/1984  0       4.1    21     -1     
23/11/1984  0       4.6    26     1      
24/11/1984  0       2.1    26     3      
25/11/1984  0       3.4    26     3      
26/11/1984  0       3.1    25     3      
27/11/1984  0       2.8    22.5   3      
28/11/1984  0       3.3    22.5   5      
29/11/1984  0       1.5    27     4      
30/11/1984  0       3.7    23.5   3      
01/12/1984  0       4.9    22     3      
02/12/1984  0       3.8    24     2      
03/12/1984  0       3.4    24     2      
04/12/1984  0       3.2    24     2      
05/12/1984  0       3.3    23     1.5    
06/12/1984  0       3.9    22     2      
07/12/1984  0       2.7    22     1.5    
08/12/1984  0       4.2    21.5   -1     
09/12/1984  0       3.2    22     -2     
10/12/1984  0       3.9    21     2      
11/12/1984  0       2.7    22     2      
12/12/1984  0       5.2    23     2      
13/12/1984  0       4.2    21     0.5    
14/12/1984  0       3.6    22     -2     
15/12/1984  0       4.4    22     -3     
16/12/1984  0       3.1    22     -3     
17/12/1984  0       3      23     -3     
18/12/1984  0       3.3    23     -1     
19/12/1984  0       2.9    22     -1     
20/12/1984  0       2.2    22     -4     
21/12/1984  0       3.1    21     1      
22/12/1984  0       3      21     1      
23/12/1984  0       2.3    22     1      
24/12/1984  0       3.1    24     3      
25/12/1984  0       3.3    21     -3     
26/12/1984  0       3.8    24     -1     
27/12/1984  0       3.8    23     1      
28/12/1984  0       4      23     2      
29/12/1984  0       3.2    22     -1     
30/12/1984  0       3      22     3      
31/12/1984  0       4.4    24     0      
01/01/1985  0       3.8    23     3      
02/01/1985  0       4.5    23     2      
03/01/1985  0       3.7    21     3.5    
04/01/1985  0       3      20     1.5    
05/01/1985  0       4.5    19     -1     
06/01/1985  0       3.2    21     -2     
07/01/1985  0       3.4    21     3      
08/01/1985  0       3.7    20     3      
09/01/1985  0       3.2    20     -1     
10/01/1985  0       4.7    24     1      
11/01/1985  0       3.9    23     3      
12/01/1985  0       3.2    22     -1     
13/01/1985  0       3.5    21     1      
14/01/1985  0       3.6    22     1      
15/01/1985  0       4      22     2      
16/01/1985  0       3.7    23     1      
17/01/1985  0       3.4    21     1      
18/01/1985  0       2.2    20     1      
19/01/1985  0       4.2    21     0      
20/01/1985  0       3.7    22     1      
21/01/1985  0       3.2    21.5   1      
22/01/1985  0       3.5    23     0      
23/01/1985  0       2.9    23.5   1.5    
24/01/1985  0       3.7    22     2      
25/01/1985  0       5      26     2      
26/01/1985  0       4.3    23     3      
27/01/1985  0       3.8    24     -2     
28/01/1985  0       3.6    22     2      
29/01/1985  Nulo    3.1    23     1      
30/01/1985  0       3.6    23     1.5    
31/01/1985  Nulo    4.8    25     2      
01/02/1985  0       3.2    23     1.5    
02/02/1985  0       3.4    22     2      
03/02/1985  0       3.2    24     1.5    
04/02/1985  0       2.7    24     2      
05/02/1985  0       3      23     2      
06/02/1985  0       3.1    24     2      
07/02/1985  0       2.6    23     3      
08/02/1985  0       3.9    22     2      
09/02/1985  0       3.2    25     3      
10/02/1985  0       4.2    24     3      
11/02/1985  0       4.8    25     3      
12/02/1985  0       4.2    24     3      
13/02/1985  0       4.6    24     4      
14/02/1985  0       3.9    23     0      
15/02/1985  1.2     3.9    22     2      
16/02/1985  0       3      22     1      
17/02/1985  0       3.9    23     3      
18/02/1985  0       4      24     3      
19/02/1985  0       4.1    24     4      
20/02/1985  2.5     3.5    23     3      
21/02/1985  0       4.2    24     4      
22/02/1985  0       3.8    24.5   4      
23/02/1985  0       4.4    22     3.5    
24/02/1985  0       4.5    24.5   4      
25/02/1985  0       4.5    24     6      
26/02/1985  0       5      24.5   4      
27/02/1985  0       4.2    24     4.5    
28/02/1985  0       5.2    27     3      
01/03/1985  0       5.7    26     2.5    
02/03/1985  0       5.7    27     1      
03/03/1985  0       5.2    25     1      
04/03/1985  0       5.2    24     2      
05/03/1985  0       5.6    26     2      
06/03/1985  0       5.2    26.5   2      
07/03/1985  0       4.8    22     2.5    
08/03/1985  0       5.5    25     3.5    
09/03/1985  1       5.8    26     3      
10/03/1985  3       5.6    25     4      
11/03/1985  5       3.5    27     5      
12/03/1985  0       3.3    25     8      
13/03/1985  0       5.4    26     5      
14/03/1985  1.7     5      26     4      
15/03/1985  0       3.2    24     4.5    
16/03/1985  0       4.7    25     4      
17/03/1985  0       5.7    26     5      
18/03/1985  0       6.8    27     6      
19/03/1985  0       6.2    27.5   5      
20/03/1985  0       6.7    28     5      
21/03/1985  0       7.6    29     5.5    
22/03/1985  0       5.9    26     5.5    
23/03/1985  0       5      26     8      
24/03/1985  0       3.6    26     3.5    
25/03/1985  10.5    4.8    25     4      
26/03/1985  0       5.8    26     3      
27/03/1985  0       6.7    28     3.5    
28/03/1985  0       5.3    27     5      
29/03/1985  0       5      27     6      
30/03/1985  0       3.5    24     4      
31/03/1985  0       5.1    27     4      
01/04/1985  0       5      26     6      
02/04/1985  0       3.7    26     6      
03/04/1985  0       4.4    27     7      
04/04/1985  0       4.5    26     7      
05/04/1985  0       4      26     8      
06/04/1985  0       4.5    27     8.5    
07/04/1985  0       3.4    28     8.5    
08/04/1985  1.8     4.4    27     8.5    
09/04/1985  1       4.5    24.5   9      
10/04/1985  5.8     4.1    23     8      
11/04/1985  3       3.9    22.5   6      
12/04/1985  0       3      23.5   9.5    
13/04/1985  10      3.6    21     7      
14/04/1985  4.6     5.1    22     9      
15/04/1985  6.5     5.3    23     7      
16/04/1985  2.5     6.9    24     7      
17/04/1985  0       3.3    22     8.5    
18/04/1985  0       3.8    23     7      
19/04/1985  0       3      24     7      
20/04/1985  0       4.9    26     8      
21/04/1985  0       3.7    24     10     
22/04/1985  0       3.8    25     8      
23/04/1985  0       4.2    26     8      
24/04/1985  0       3.9    26     8      
25/04/1985  0       5      26     8.5    
26/04/1985  0       5.2    26     8      
27/04/1985  0       4.8    28     8      
28/04/1985  0       5.7    28     5      
29/04/1985  0       4.9    29     6      
30/04/1985  0       4.7    29     5      
01/05/1985  0       4.5    28     5      
02/05/1985  0       3.7    30     6      
03/05/1985  0       5.8    26     7      
04/05/1985  0       5.4    27.5   3.5    
05/05/1985  0       5.9    30     2.5    
06/05/1985  1.4     3      26     5      
07/05/1985  0       4.9    26     6      
08/05/1985  0       4      26     6      
09/05/1985  0       3.8    26     5      
10/05/1985  0.4     4.8    25     8      
11/05/1985  0       5.7    30     7      
12/05/1985  4       6.1    31     7      
13/05/1985  0       7.2    30     6      
14/05/1985  0       4.6    28     11     
15/05/1985  0       4.9    27     9      
16/05/1985  0       9.8    30     8      
17/05/1985  9.5     5.5    26     9      
18/05/1985  4       5.2    30     8      
19/05/1985  0       6.8    30     6      
20/05/1985  8.5     2.7    29     6      
21/05/1985  0       4.2    24     9      
22/05/1985  0       5.1    27     7      
23/05/1985  1.8     3.3    28     7      
24/05/1985  0       3.3    28     6      
25/05/1985  0       4.5    27     8      
26/05/1985  0       4.4    28     8      
27/05/1985  0       3.8    28     9      
28/05/1985  0       3.9    28     8      
29/05/1985  0       3.6    29     9      
30/05/1985  0       2.9    29     8      
31/05/1985  0       3.3    29     9      
--------------------------------------
