CNA-SMN-CG-GMC-SMAA-CLIMATOLOGIA
BASE DE DATOS CLIMATOLOGICA
DATOS DISPONIBLES EN LA BASE DE DATOS A JULIO 2022

ESTACION  : 30291
NOMBRE    : POBLADO SEIS
ESTADO    : VERACRUZ
MUNICIPIO : UXPANAPA
SITUACION : SUSPENDIDA
ORGANISMO : CONAGUA-DGE
CVE-OMM   : Nulo
LATITUD   : 017.269°
LONGITUD  : -94.502°
ALTITUD   : 93 msnm

EMISIÓN   : 01/07/2022

            PRECIP  EVAP   TMAX   TMIN   
  Fecha     (MM)    (MM)   (°C)   (°C)   
06/06/1975  0       Nulo   31.5   23     
07/06/1975  0       Nulo   32.5   22     
08/06/1975  0       Nulo   35     24     
09/06/1975  2.4     Nulo   37     26     
10/06/1975  0.3     Nulo   36     23     
11/06/1975  8       Nulo   36     23     
12/06/1975  7       Nulo   30     23     
13/06/1975  3.3     Nulo   26     18     
14/06/1975  0.3     Nulo   28     18     
15/06/1975  0.2     Nulo   30     17     
16/06/1975  1.8     Nulo   32     17     
17/06/1975  0       Nulo   31     17     
18/06/1975  0.1     Nulo   31.5   19     
19/06/1975  1.8     Nulo   30     19.5   
20/06/1975  0       Nulo   30     19     
21/06/1975  48.5    Nulo   30     20     
22/06/1975  5.8     Nulo   28     17     
23/06/1975  2.2     Nulo   31     17     
24/06/1975  151.5   Nulo   27     17     
25/06/1975  52.3    Nulo   28     16     
26/06/1975  2.2     1.5    28     17     
27/06/1975  36.5    4.5    27     17     
28/06/1975  0       5.9    27     11     
29/06/1975  2       5.1    26     16     
30/06/1975  0.1     4.5    28     19     
01/07/1975  10.6    4.6    27     17     
02/07/1975  12.2    3.8    23     17     
03/07/1975  40.5    3.2    24     16.5   
04/07/1975  3       4.9    23     16.5   
05/07/1975  0       3.1    23     17     
06/07/1975  0       4.5    25     18     
07/07/1975  0       5.9    28     18     
08/07/1975  2.7     3.5    25     18     
09/07/1975  106     2.9    25     18.5   
10/07/1975  0       5.9    28     19     
11/07/1975  0.2     3.6    27     21     
12/07/1975  14      5      29     17     
13/07/1975  0.3     6.1    29     16.5   
14/07/1975  0       7.1    30.5   16     
15/07/1975  2.7     7      30     17     
16/07/1975  1.8     6.1    28     17.5   
17/07/1975  0       3.9    27     18     
18/07/1975  1.6     4.9    28     17.5   
19/07/1975  6.4     5.2    28     20     
20/07/1975  18.3    5.7    28     18     
21/07/1975  51.7    7.2    27     18     
22/07/1975  1.8     5.2    27     17.5   
23/07/1975  15.3    4.6    27     18     
24/07/1975  0       6.6    27     17.5   
25/07/1975  14.8    3.8    27     17     
26/07/1975  0.7     3.2    30     17.5   
27/07/1975  0       2.9    27     18     
28/07/1975  4       3.8    29     19     
29/07/1975  12      7      28     18     
30/07/1975  0       6.4    28     18.5   
31/07/1975  0       6      29.5   18     
01/08/1975  0       4.7    29.5   20     
02/08/1975  0       7.3    31     19     
03/08/1975  49      6.7    27     19     
04/08/1975  37.4    1.4    26.5   18.5   
05/08/1975  5.9     3.6    30     17.5   
06/08/1975  42.5    4.1    27     18     
07/08/1975  20.9    7.5    25     17     
08/08/1975  4.4     4.3    26     17.5   
09/08/1975  0.9     4.3    27     18.5   
10/08/1975  41      4.6    27.5   19     
11/08/1975  25.6    2.7    24     17.5   
12/08/1975  17.4    3.2    26     18     
13/08/1975  34.4    5.9    26     17     
14/08/1975  0       5.6    25.5   16.5   
15/08/1975  0       4.7    27.5   17.5   
16/08/1975  5.6     3.3    27     18     
17/08/1975  29.3    1.5    23     18.5   
18/08/1975  135.3   5      25.5   18     
19/08/1975  9.2     2.5    24     17.5   
20/08/1975  27.4    3.8    25     18     
21/08/1975  55.7    4.5    25     17     
22/08/1975  16.8    5.1    26     17.5   
23/08/1975  18.4    3.9    25.5   17.5   
24/08/1975  51.2    6.7    25     18     
25/08/1975  30      4.3    26.5   17     
26/08/1975  0       5.5    28     16.5   
27/08/1975  0       4.3    26     18     
28/08/1975  0       6      27     17.5   
29/08/1975  0       5.4    28     17.5   
30/08/1975  20      2.8    29     17     
31/08/1975  4       6.7    29     16     
01/09/1975  12.3    4.6    29     16     
02/09/1975  3       2.7    25.5   17     
03/09/1975  1.6     3.7    24     18     
04/09/1975  0.5     4.1    26.5   18.5   
05/09/1975  20.2    5.5    27     18     
06/09/1975  1.3     2.3    25     18.5   
07/09/1975  7       4      26     18     
08/09/1975  30      3.6    24     17.5   
09/09/1975  66.8    4.9    21     18.5   
10/09/1975  8       1.6    23     19     
11/09/1975  3.7     3.3    25.5   18     
12/09/1975  38.8    2.6    26     18.5   
13/09/1975  6.5     2.9    23     17.5   
14/09/1975  62.6    3.9    24     17.5   
15/09/1975  26      4.7    24     17     
16/09/1975  6.5     3.6    25     17     
17/09/1975  0       4.5    26     17     
18/09/1975  0       7      27.5   17.5   
19/09/1975  0       3.9    28.5   19     
20/09/1975  5.5     3.9    27     19     
21/09/1975  5.6     5.8    26     16.5   
22/09/1975  25      3.8    25     17     
23/09/1975  5.5     1.4    20     16     
24/09/1975  0       1.4    20     14     
25/09/1975  13      0.5    16     15     
26/09/1975  5.1     0.3    17     15     
27/09/1975  3       4.3    23     14     
28/09/1975  1.2     3.4    23     15     
29/09/1975  0       3.5    23     15     
30/09/1975  1.2     2.4    25     15     
01/10/1975  40.2    2.7    23     15     
02/10/1975  65.5    2.1    20     16     
03/10/1975  55.1    2      20     17     
04/10/1975  20      3.1    22     16     
05/10/1975  32.7    4.8    20     17     
06/10/1975  53      5.6    22.5   16.5   
07/10/1975  61      2      18     16     
08/10/1975  6       1.2    23     16     
09/10/1975  24      2.4    24     17     
10/10/1975  40.1    2.7    26.5   17     
11/10/1975  18.7    3      21.5   17     
12/10/1975  3.5     1.7    21.5   16     
13/10/1975  2       0.9    22     17     
14/10/1975  4.2     4.6    25     17.5   
15/10/1975  0       3.3    27     16.5   
16/10/1975  0       5.1    28     17     
17/10/1975  18.2    2.8    25     17     
18/10/1975  8.1     1.4    21     18     
19/10/1975  1.5     0.8    22     14     
20/10/1975  0.1     2.9    24     14     
21/10/1975  0       3.3    22     11     
22/10/1975  0.2     3.6    24     11     
23/10/1975  0       5      29     14     
24/10/1975  0       3.1    30     14     
25/10/1975  0       6.5    28     16     
26/10/1975  0       4.8    28     18     
27/10/1975  0       3      26     15     
28/10/1975  0       2.7    35     16     
29/10/1975  8.5     1.3    22     15     
30/10/1975  43.7    2      18     16     
31/10/1975  12.3    0.6    19     15     
01/11/1975  0       2.2    23     16     
02/11/1975  15.5    3.7    25     14     
03/11/1975  46.5    2.5    20.5   16     
04/11/1975  40      3.4    23     17.5   
05/11/1975  1       1.8    24     17     
06/11/1975  1       3.2    23     17     
07/11/1975  0       4.4    25     16     
08/11/1975  0       3.7    27     14     
09/11/1975  3.5     7      28.5   16     
10/11/1975  0.5     2.8    25     16     
11/11/1975  0       3      24     15     
12/11/1975  20      2.4    24     16     
13/11/1975  9.5     1.5    19     15     
14/11/1975  4       1.6    17     12     
15/11/1975  0.2     1.1    16     10     
16/11/1975  0       2.4    20.5   11     
17/11/1975  0       3.2    22.5   10     
18/11/1975  1.3     1.8    21.5   10     
19/11/1975  0       0.6    21     10     
20/11/1975  20.1    0.9    24     15     
21/11/1975  27      2.6    19     16     
22/11/1975  17.2    2.2    20     15.5   
23/11/1975  9.1     0.2    15.5   14     
24/11/1975  1       0.5    18     13     
25/11/1975  0       1.2    20.5   14     
26/11/1975  1.4     1.7    26     14.5   
27/11/1975  0       2.5    25     14     
28/11/1975  0       1.1    22     16.5   
29/11/1975  0.1     2.9    24.5   16     
30/11/1975  12.5    3.4    27     16     
01/12/1975  16      0.3    19     16.5   
02/12/1975  0       1.5    20     14.5   
03/12/1975  0       1.9    23     14     
04/12/1975  0       0.8    21     12     
05/12/1975  4.5     3.2    24     14     
06/12/1975  22      3.8    22     14     
07/12/1975  9       4.8    23     15     
08/12/1975  3       3.2    23     14     
09/12/1975  10      0.9    21     15     
10/12/1975  2       0.9    20     13.5   
11/12/1975  0.4     1.2    21     14.5   
12/12/1975  0       4.6    21.5   15     
13/12/1975  0       2.1    22.5   13     
14/12/1975  1.7     3.6    23     14     
15/12/1975  22.7    9.8    24     16     
16/12/1975  36      2.3    22     16     
17/12/1975  7.5     4.1    24     15     
18/12/1975  4.3     0.3    25     14     
19/12/1975  0       0.4    18     11     
20/12/1975  14.3    0.5    19     13     
21/12/1975  6       0.9    22     13     
22/12/1975  0       1.8    23     12     
23/12/1975  0       2.7    24     9      
24/12/1975  0       1.1    24.5   10     
25/12/1975  21      0.1    25     10.5   
26/12/1975  11.5    0.3    19     11     
27/12/1975  0       1      19     12     
28/12/1975  0       1.4    24     12     
29/12/1975  0       2.5    29     10     
30/12/1975  0       1.2    22     14     
31/12/1975  3       3.2    20     13     
01/01/1976  0       3      27     17     
02/01/1976  0       1.8    30     12     
03/01/1976  7.8     0.6    25     12     
04/01/1976  8       1      18     11     
05/01/1976  0       1.6    21     10     
06/01/1976  0       2.4    23     13     
07/01/1976  2       3.6    26     12     
08/01/1976  83.7    2      18     15     
09/01/1976  15.5    2.5    15     8      
10/01/1976  0       0.4    20     10     
11/01/1976  23.5    1.7    20     11     
12/01/1976  0.5     1      25     14     
13/01/1976  0.4     1.6    25     13     
14/01/1976  23      0.9    24     15     
15/01/1976  28      3.9    24     15     
16/01/1976  26.5    2.6    21     14     
17/01/1976  4.5     0.6    20     14     
18/01/1976  0       2.5    20     10     
19/01/1976  0       0.9    20     7      
20/01/1976  10      0.2    19     11     
21/01/1976  34      1.9    19     12     
22/01/1976  2.5     0.8    21     12     
23/01/1976  0       4.1    23     10     
24/01/1976  0       2      25     9      
25/01/1976  0       4.2    32     7      
26/01/1976  60      1.6    27     10     
27/01/1976  54      3.9    15     12     
28/01/1976  5.5     1.5    16     8      
29/01/1976  1       1.2    16     10     
30/01/1976  0.7     1.9    22     12     
31/01/1976  6.8     1.9    22     10     
01/02/1976  0       1.7    21     13     
02/02/1976  0       1.8    23     7      
03/02/1976  0       2.1    27     6.5    
04/02/1976  0       1.7    27     8      
05/02/1976  0       2.8    29     12     
06/02/1976  20      0.4    25     12     
07/02/1976  8       2.3    26     15     
08/02/1976  6       1.1    23     13     
09/02/1976  0       1.5    26     12     
10/02/1976  0       4.5    27     13     
11/02/1976  0       3.6    27     11.5   
12/02/1976  0       4      27     12     
13/02/1976  1       1.9    26     12     
14/02/1976  1       4      27     15     
15/02/1976  0.4     2      26     15     
16/02/1976  0       2.9    27     19     
17/02/1976  0       5.3    34     17     
18/02/1976  0       4.5    33     10     
19/02/1976  0       5.1    31.5   15     
20/02/1976  0       4.3    34     12     
21/02/1976  13.5    6.2    34     10     
22/02/1976  9.1     1      14     13     
23/02/1976  2       1.2    16     9      
24/02/1976  1       1.8    19     9      
25/02/1976  2       2.7    16     9      
26/02/1976  22.5    0.2    20     10     
27/02/1976  5.5     1.7    19     10     
28/02/1976  0       4.2    25     12     
29/02/1976  0       1.9    30     11     
01/03/1976  0.7     1.4    32     14     
02/03/1976  0       1.7    30     14     
03/03/1976  0       1.2    30     15     
04/03/1976  0       4.8    34     14     
05/03/1976  0       4.2    35     8.5    
06/03/1976  1       2.3    30     11     
07/03/1976  0       3.2    30     16     
08/03/1976  0       6.2    35     15     
09/03/1976  0.5     3.9    30     11     
10/03/1976  0       2.3    30     17     
11/03/1976  0       4.5    31.5   15     
12/03/1976  0       4.7    35     15     
13/03/1976  1.2     5.9    33     14     
14/03/1976  0       1.9    31     16     
15/03/1976  0       3.8    33     16.5   
16/03/1976  1       4.9    33     15.5   
17/03/1976  6.5     0.8    26     17     
18/03/1976  0       2      35     15     
19/03/1976  0       1.6    32.5   13     
20/03/1976  0       5.4    33     13     
21/03/1976  0       3.9    34     19     
22/03/1976  9       1.6    31     15.5   
23/03/1976  6.5     1.9    28     17     
24/03/1976  0       2.5    31     16     
25/03/1976  0       5.6    34     15     
26/03/1976  0       4      36     17     
27/03/1976  0       7.1    32     13     
28/03/1976  0       4      36     17     
29/03/1976  0       4.7    38     16     
30/03/1976  0       3.7    37     12     
31/03/1976  45      6.3    30     12     
01/04/1976  5.1     1.3    21     13     
02/04/1976  0.4     0.5    24     14     
03/04/1976  0       2.4    30     14     
04/04/1976  0.3     6.2    32     17     
05/04/1976  2       3.5    31     18     
06/04/1976  0       4.8    32     22     
07/04/1976  0       7.3    31     15     
08/04/1976  0       1.7    28     17     
09/04/1976  0       4.8    30.5   15.5   
10/04/1976  0       5.8    27.5   15.5   
11/04/1976  0.8     5.2    30     12     
12/04/1976  0       5      32     12.5   
13/04/1976  0       4.5    31     15     
14/04/1976  0       3.4    34     14.5   
15/04/1976  0       4.3    33     14     
16/04/1976  0       4      38     17     
17/04/1976  0       5.2    38     17     
18/04/1976  0       2.3    37     16     
19/04/1976  0       2.1    35     18     
20/04/1976  0       6.5    33     17     
21/04/1976  0       6.6    31     18     
22/04/1976  0       6.4    35.5   17     
23/04/1976  0       6.2    33     17     
24/04/1976  0       7.4    37     17     
25/04/1976  0       3.8    35     16     
26/04/1976  0       5.4    35.5   17     
27/04/1976  0       5.2    35.5   18     
28/04/1976  0       6.9    31     17     
29/04/1976  0       6.8    32     18     
30/04/1976  0       1.6    30     17.5   
01/06/1976  0       10.2   40     19     
02/06/1976  0       10.4   38     19     
03/06/1976  0       6.1    26     17.5   
04/06/1976  0       3.7    33     17     
05/06/1976  0       5.2    35     19     
06/06/1976  2.2     2      30     17     
07/06/1976  0.2     5.6    33.5   17     
08/06/1976  14      6.1    35     17     
09/06/1976  2.5     3.2    35     17     
10/06/1976  0.7     3.1    34     21     
11/06/1976  0       8.7    36     19     
12/06/1976  0       7.3    38     17     
13/06/1976  12      2.6    34     19     
14/06/1976  0       5.4    36     17     
15/06/1976  0       8      35     18     
16/06/1976  0       8.1    39     19     
17/06/1976  0       6.3    39     20     
18/06/1976  0       6.3    38     19     
19/06/1976  15.4    4.9    34     24     
20/06/1976  5       3      33     19.5   
21/06/1976  35.3    2.4    34     18     
22/06/1976  0       2.9    34.5   17     
23/06/1976  0       9.2    34     17     
24/06/1976  2.6     6.5    33     18     
25/06/1976  11.9    4.8    34     18     
26/06/1976  59.5    2.5    31     17.5   
27/06/1976  10      3.9    27     18     
28/06/1976  4.9     2      29     18     
29/06/1976  10      4      26     18     
30/06/1976  19.7    2      25     18     
01/07/1976  0       5.8    30     18     
02/07/1976  1.5     4      30     17     
03/07/1976  11      6.5    31     18     
04/07/1976  0       3.3    36     18     
05/07/1976  24.6    2      35     18     
06/07/1976  93      3.3    36     18     
07/07/1976  52      6.3    30     18     
08/07/1976  28      5.4    34     17     
09/07/1976  24      2.2    35     17     
10/07/1976  12      5.4    36     18     
11/07/1976  0       1.9    35     17     
12/07/1976  2.5     3      36     17     
13/07/1976  3.5     3.4    28     17     
14/07/1976  90      2.1    35     16     
15/07/1976  0       3.6    35     16     
16/07/1976  0.5     2.2    32     17     
17/07/1976  3.5     5.7    35     19     
18/07/1976  15      4.2    35     16     
19/07/1976  11      6      35     17     
20/07/1976  29      5.7    32     17     
21/07/1976  0       4.2    33     17     
22/07/1976  9       3.8    34     18     
23/07/1976  22      1.9    31     18     
24/07/1976  5       5      33     16     
25/07/1976  55      6.6    32     16     
26/07/1976  30      1.2    33     17     
27/07/1976  0       4.3    34     16     
28/07/1976  0       4.7    35     17     
29/07/1976  0       3.6    35     18     
30/07/1976  0.5     4.8    35     17     
31/07/1976  0.5     6.4    35     19     
01/08/1976  1       0.9    35     18     
02/08/1976  25      4.8    35     18     
03/08/1976  28.5    6.9    35     18     
04/08/1976  9.2     3.5    33.5   17     
05/08/1976  0.5     3.7    33     17     
06/08/1976  60      4.4    34     18     
07/08/1976  48.5    10.9   31.5   15     
08/08/1976  4       1.8    33     16.5   
09/08/1976  2       2.3    34     17     
10/08/1976  47.6    8.1    32     16     
11/08/1976  23      6.1    34     16     
12/08/1976  8.5     2.8    32     17     
13/08/1976  11      3.6    34     17     
14/08/1976  40      11.1   35     16     
15/08/1976  22      7.4    34     17     
16/08/1976  0       1.2    33     17     
17/08/1976  1       4.2    32     17     
18/08/1976  33      7.7    31     19     
19/08/1976  1       4      31     21     
20/08/1976  1.5     1.8    30     22     
21/08/1976  2.5     2.5    30     22     
22/08/1976  23.5    7      30     21     
23/08/1976  4       2.1    30     23     
24/08/1976  7.5     2.1    30     22     
25/08/1976  33.5    8.6    30     22     
26/08/1976  22.5    5.4    30     20     
27/08/1976  5       2.3    29     20     
28/08/1976  27      5.6    28     23     
29/08/1976  38.5    0.5    30     22     
30/08/1976  34      3.5    28     22     
31/08/1976  4.5     4      29     22     
01/09/1976  2       2.8    29     22     
02/09/1976  35      3.1    28.5   22     
03/09/1976  58.5    8.3    30     22     
04/09/1976  6.5     0.1    27.5   21     
05/09/1976  1       8.5    30     21     
06/09/1976  53.5    4      30     22     
07/09/1976  0       4.6    31     21     
08/09/1976  0       6.2    32     20     
09/09/1976  18      0.9    32     20     
10/09/1976  27      1.1    27     22     
11/09/1976  44      4.9    30     23     
12/09/1976  55      10.2   29     21     
13/09/1976  8       2.7    30     21     
14/09/1976  101     4.4    28     22     
15/09/1976  18      4.2    29     20     
16/09/1976  4.5     3      30     21     
17/09/1976  3       4.1    30     22     
18/09/1976  1.5     2.1    30     23     
19/09/1976  2       4.4    32     22     
20/09/1976  0       5      33     23     
21/09/1976  0       6.2    34     22     
22/09/1976  0       3.4    31     22     
23/09/1976  3.5     3.1    32     22     
24/09/1976  53      8.6    30     20     
25/09/1976  24      7      33     22     
26/09/1976  0       5.8    34     22     
27/09/1976  11.5    7.3    35     22     
28/09/1976  2       4.6    33     23     
29/09/1976  17.5    7.1    31     22     
30/09/1976  5       6      31     21     
01/10/1976  23      3.9    30     21     
02/10/1976  7       4.5    30     23     
03/10/1976  0       2.4    30     22     
04/10/1976  1       5.6    32     21     
05/10/1976  2.5     5.6    34     21     
06/10/1976  33      5.3    30     22     
07/10/1976  0       3.2    30     21     
08/10/1976  36      6.6    27     21     
09/10/1976  7.5     2      18     16     
10/10/1976  28      0.4    20     15     
11/10/1976  33.5    3.2    20     17     
12/10/1976  1.8     0.5    23     17     
13/10/1976  0       3.3    28     20     
14/10/1976  0       3.4    28     18     
15/10/1976  0       3.8    31     19     
16/10/1976  0       3.8    30     20     
17/10/1976  34.5    4.9    25     21     
18/10/1976  3.5     1.8    24     19     
19/10/1976  0       2.9    29     19     
20/10/1976  3.5     5      29     20     
21/10/1976  20      1.1    28     19     
22/10/1976  0       2.1    27     19     
23/10/1976  0       3.7    28     17     
24/10/1976  0       1.7    29     18     
25/10/1976  0       2.6    28     22     
26/10/1976  6       3.5    30     22     
27/10/1976  1       3.5    31     22     
28/10/1976  4.8     4.7    32     24     
29/10/1976  2       1.9    30     23     
30/10/1976  0       1.9    30     23     
31/10/1976  40      3.4    25.1   22     
01/11/1976  8       3.1    21     19     
02/11/1976  12.5    2.7    24     19     
03/11/1976  0       2.6    25     18     
04/11/1976  0.3     1.1    21     16     
05/11/1976  6.5     1.2    20     18     
06/11/1976  4.5     1.7    19     16     
07/11/1976  8       1.9    22     17     
08/11/1976  2.5     1.1    23     18     
09/11/1976  1       1.7    22     18     
10/11/1976  0       1.8    26     18     
11/11/1976  0       3.4    27     16     
12/11/1976  0       3.6    28     17     
13/11/1976  13      2.1    25     18     
14/11/1976  17      1.3    24     19     
15/11/1976  2       3.5    23     19     
16/11/1976  6.5     1.4    23.5   19.5   
17/11/1976  26.2    1.1    21.5   20.5   
18/11/1976  0       1.9    20     17.5   
19/11/1976  0       1.3    23     18     
20/11/1976  19.5    0.9    26     19     
21/11/1976  62.5    1.4    21.1   20.5   
22/11/1976  16.5    1.1    19.6   19     
23/11/1976  28.8    2.2    19.5   18     
24/11/1976  32.7    1.7    20.5   18     
25/11/1976  0       0.5    22.5   18     
26/11/1976  0       2.3    27     18     
27/11/1976  0       1.6    31.5   18     
28/11/1976  50.8    1.2    32.5   18     
29/11/1976  25      1.2    20     18     
30/11/1976  21.5    2      16     13.5   
01/12/1976  4       0.5    19     14     
02/12/1976  54      1.3    19     16     
03/12/1976  0       0.6    18     14     
04/12/1976  2.2     1.1    20     14     
05/12/1976  2.8     0.3    20     17     
06/12/1976  0       2.5    27     18     
07/12/1976  32.3    2.6    21     17     
08/12/1976  37.8    1.7    17     16     
09/12/1976  5.8     2.3    18     14     
10/12/1976  3.3     1      19     15     
11/12/1976  23.6    1.4    21     17     
12/12/1976  22      0.4    21     18     
13/12/1976  5.9     1      20     18     
14/12/1976  2       1.2    20     18     
15/12/1976  17      0.7    25     18     
16/12/1976  5.5     2      20     18     
17/12/1976  2.3     1      19     17     
18/12/1976  2.3     1.5    22     17     
19/12/1976  0.5     2.6    25     17     
20/12/1976  17.5    0.8    25     19     
21/12/1976  20      1.4    18     16     
22/12/1976  3.6     1.6    18     14     
23/12/1976  20.5    2.5    19.5   16     
24/12/1976  3       1.8    19.5   17     
25/12/1976  3.5     1      25     17     
26/12/1976  2.5     1.2    20     18     
27/12/1976  0       2.1    17     15     
28/12/1976  1.2     2.8    28     14     
29/12/1976  0       2.6    23     14     
30/12/1976  0       2.4    27     14     
31/12/1976  0       2.4    28     14.5   
01/01/1977  4       0.8    24     19     
02/01/1977  1       0.8    25     20     
03/01/1977  6       0.4    22     20     
04/01/1977  0       2.3    26.5   18     
05/01/1977  0       2.8    27     17     
06/01/1977  0       0.2    25     16     
07/01/1977  3.8     0.6    22     20     
08/01/1977  0       3.6    26     18     
09/01/1977  0       0.8    23     16     
10/01/1977  24      0.5    21     14     
11/01/1977  7       0.4    17     11     
12/01/1977  14      0.7    20     14     
13/01/1977  1       1.6    19     16     
14/01/1977  0       2.4    27     15     
15/01/1977  1.5     0.8    23     15     
16/01/1977  0       0.4    22     19     
17/01/1977  6.5     0.5    20     18     
18/01/1977  7.5     1.3    18     16     
19/01/1977  6       0.2    17     14     
20/01/1977  0       1.1    20     12     
21/01/1977  0       3.5    25     12     
22/01/1977  0.1     0.6    22     13     
23/01/1977  0       1.7    22     16     
24/01/1977  0       1.1    20     17     
25/01/1977  0       2.6    23     17     
26/01/1977  0       0.7    25     17     
27/01/1977  0       3.6    30     15     
28/01/1977  11      3.4    34     16     
29/01/1977  0       2      23     17     
30/01/1977  0       1.9    24     16     
31/01/1977  11      0.9    26     11     
01/02/1977  3.5     1.2    18     16     
02/02/1977  0       1.2    21     15     
03/02/1977  0       1.1    23     16     
04/02/1977  7       1      21     18     
05/02/1977  24      2.7    20     17     
06/02/1977  4       0.4    19     15     
07/02/1977  10      3.1    20     15     
08/02/1977  6.8     1      22     17     
09/02/1977  22      5.3    20.1   17     
10/02/1977  3       6      22     18     
11/02/1977  0       2.1    25     17     
12/02/1977  6.5     2.7    27     17.5   
13/02/1977  15.5    0.3    22     19     
14/02/1977  12      1.8    20     15.5   
15/02/1977  13      4      19     16     
16/02/1977  34.5    0.8    17.5   16.5   
17/02/1977  4.5     1.2    19     15     
18/02/1977  0       1.7    20     14     
19/02/1977  0       3.5    21     16.5   
20/02/1977  0       3.1    24     17     
21/02/1977  0       2.6    25     14     
22/02/1977  0       4.5    30     15     
23/02/1977  0       2.4    35     14.5   
24/02/1977  0       6.3    32     15     
25/02/1977  0       3.3    32     16     
26/02/1977  4       0.8    29     16     
27/02/1977  3       0.8    34     17     
28/02/1977  0       3.8    35     17     
01/03/1977  0       0.5    21     15     
02/03/1977  0       2.7    25     16     
03/03/1977  0       4      34     15     
04/03/1977  0       2.8    33     13     
05/03/1977  0       3      29     14     
06/03/1977  35.5    3.9    26     15     
07/03/1977  11.5    1.6    17     15     
08/03/1977  3       4.4    32     14     
09/03/1977  0       4.4    19     14     
10/03/1977  0       2.2    30     15     
11/03/1977  0       4.9    28     16     
12/03/1977  0       5.3    28     17     
13/03/1977  0       3.2    30     16     
14/03/1977  0       4.3    32     19     
15/03/1977  0       3.3    30     19     
16/03/1977  0       3      30     19     
17/03/1977  0       4.4    30     19     
18/03/1977  0       3.3    31     17     
19/03/1977  0       9.3    34     13     
20/03/1977  0       4.7    33     14     
21/03/1977  45      3      31     20     
22/03/1977  2.5     1.1    24     14     
23/03/1977  0       3.2    26     15     
24/03/1977  0       4.1    30     16     
25/03/1977  0       5      23     21     
26/03/1977  0       7      30.5   21     
27/03/1977  0       7.4    30.5   17     
28/03/1977  0       9.8    36     18     
29/03/1977  0       7.9    31     14     
30/03/1977  0       5.6    31     13     
31/03/1977  0       6.9    30     14     
01/04/1977  0       4.7    34     19     
02/04/1977  0       6.4    32     18     
03/04/1977  0       5.9    36     16     
04/04/1977  3       5.1    37     20     
05/04/1977  0       5.7    27     16     
06/04/1977  1       5.2    21     15     
07/04/1977  7.5     0.9    20     17     
08/04/1977  14.5    2.3    21.5   17     
09/04/1977  3       0.7    23     18.5   
10/04/1977  4       0.4    23     16     
11/04/1977  16      1.1    25     18     
12/04/1977  14      3.1    26     19     
13/04/1977  0       0.5    22     20     
14/04/1977  0       2.3    23     20     
15/04/1977  0       2.2    27     20     
16/04/1977  0       3.6    33     22     
17/04/1977  0       3.9    31     21     
18/04/1977  0       5.1    33     20     
19/04/1977  0       3.7    32     21     
20/04/1977  0       4.4    30     21     
21/04/1977  0       6.1    37     20     
22/04/1977  2       5.1    28     22     
23/04/1977  0       5.8    32     20     
24/04/1977  0       3.8    30     20     
25/04/1977  0       5.7    27.5   14     
26/04/1977  0       5      26     15     
27/04/1977  0       5      39     16     
28/04/1977  0       4.8    29     19     
29/04/1977  0       4.6    31     20.5   
30/04/1977  0       2.2    32     21     
01/05/1977  0       3.4    34     20     
02/05/1977  0       5.6    34     20     
03/05/1977  0       4.7    34     18     
04/05/1977  0       5.5    35     17     
05/05/1977  0       3.9    37     18     
06/05/1977  0       5.4    35     20     
07/05/1977  0       5      37     19     
08/05/1977  0       4.4    36     20     
09/05/1977  0       4.2    35     21     
10/05/1977  0       5.3    37     20     
11/05/1977  11.5    6.6    32     21     
12/05/1977  0       4.9    32     20     
13/05/1977  0       3.9    30     21     
14/05/1977  0       5.7    33     21     
15/05/1977  0       6.8    35     20     
16/05/1977  0       5.8    35     20     
17/05/1977  0       3.1    34     22     
18/05/1977  0       5.9    35     23     
19/05/1977  0       4.1    35     23     
20/05/1977  0       7.2    36     23     
21/05/1977  0       7.3    38     22     
22/05/1977  0       5.6    36     21     
23/05/1977  0       5.1    35     21     
24/05/1977  0       4.9    34     21     
25/05/1977  0       5.4    32     23     
26/05/1977  0       3.3    35     21     
27/05/1977  0       3.4    30     22     
28/05/1977  0       3.5    37     21     
29/05/1977  0       5.2    30     21     
30/05/1977  8.3     2.5    30     20     
31/05/1977  11.2    2.2    30     23     
01/06/1977  0       4.3    36.5   19     
02/06/1977  0       3.9    32     18     
03/06/1977  0       5.9    32     20     
04/06/1977  0       6.6    32     20     
05/06/1977  0       4.4    33     21     
06/06/1977  15      3.4    30     20     
07/06/1977  54      3.4    28     22     
08/06/1977  0       2.5    29     21     
09/06/1977  23      0.4    31     21.5   
10/06/1977  10      4.4    30     23     
11/06/1977  0       2.9    36     22     
12/06/1977  0       4.5    37     23     
13/06/1977  40      2.5    36     23     
14/06/1977  0.5     3.2    30     21     
15/06/1977  13.5    4.6    32.5   21     
16/06/1977  11.5    2.7    29     20     
17/06/1977  34.8    1.9    27     21     
18/06/1977  23.5    2.8    29     21     
19/06/1977  1.5     2.5    30     22     
20/06/1977  8       4.4    32     22     
21/06/1977  0       9.6    31     22     
22/06/1977  0.2     4.4    32     22     
23/06/1977  10.5    3.5    32     22     
24/06/1977  0       6.6    31     20     
25/06/1977  0       4      30     21     
26/06/1977  0       5.8    32     22     
27/06/1977  0       5.1    32     22     
28/06/1977  0       3.5    32.5   22     
29/06/1977  19      3.7    32     19     
30/06/1977  7       3.3    31     20     
01/07/1977  16      8.6    31.5   22     
02/07/1977  4.5     7.5    31.5   20     
03/07/1977  27      3.6    30     22     
04/07/1977  11      4.9    30     21     
05/07/1977  29.5    6.4    30     21     
06/07/1977  34      0.6    29.5   20     
07/07/1977  0       1.8    28.5   20     
08/07/1977  0       4.3    29     22     
09/07/1977  8       1.7    30     20     
10/07/1977  20      4.1    30     20     
11/07/1977  45      2      27     20     
12/07/1977  4       4      31     22     
13/07/1977  17      3.4    30     21     
14/07/1977  45.5    4      30     22     
15/07/1977  14.5    3.5    30     22     
16/07/1977  1.5     3.8    29     20     
17/07/1977  15      2.4    30     23     
18/07/1977  1       3.6    30     20     
19/07/1977  0       5.3    31     20     
20/07/1977  11      4.3    33     24     
21/07/1977  0       4.9    30     23     
22/07/1977  29      2.5    29     24     
23/07/1977  33.5    3      30     21     
24/07/1977  5       6      31     20     
25/07/1977  2.5     3.8    30     21     
26/07/1977  53.5    0.8    31     21     
27/07/1977  2.5     3.9    31     20     
28/07/1977  0       3.8    31     22     
29/07/1977  0       3.9    32     23     
30/07/1977  6       1.5    31     22     
31/07/1977  8       0.5    31     20     
01/08/1977  32      4.9    33     24     
02/08/1977  35      8.3    30     23     
03/08/1977  0       4.7    31.5   22     
04/08/1977  29.5    5.5    31     23     
05/08/1977  24      5.1    31     22     
06/08/1977  5.5     2.3    30     20     
07/08/1977  14      4.9    30     22     
08/08/1977  51.5    3      30     20     
09/08/1977  1       3.6    30     20     
10/08/1977  6.5     3.6    27     22     
11/08/1977  38      1.6    32.5   22     
12/08/1977  6.5     4.3    30     20     
13/08/1977  6       2.1    31     22     
14/08/1977  0       4.2    33     23     
15/08/1977  15      5.8    32     23     
16/08/1977  15      3      30.5   24     
17/08/1977  0       4.1    30     22     
18/08/1977  41.5    6.9    30     22     
19/08/1977  14      2.3    30     21     
20/08/1977  0       3.8    30     21     
21/08/1977  8       5.5    32.5   23     
22/08/1977  4.5     6.1    32     21     
23/08/1977  12      6.9    33     22     
24/08/1977  0       5.2    33     22     
25/08/1977  39      4.1    32     23     
26/08/1977  0       5.6    33     20     
27/08/1977  0       5.4    35     21     
28/08/1977  3       5.2    33     21     
29/08/1977  0       6.9    33     20     
30/08/1977  1       4.1    32.5   22     
31/08/1977  0.6     6.5    33     22     
01/09/1977  5       5.2    34     23     
02/09/1977  0       5.5    32     20     
03/09/1977  6       3.3    31     21     
04/09/1977  0       3.8    30     22     
05/09/1977  0.1     4.5    33     21     
06/09/1977  0       4.9    32     22     
07/09/1977  10.5    5      31     23     
08/09/1977  18      4.7    31     23     
09/09/1977  9       4.2    30     22     
10/09/1977  3       4      30     22     
11/09/1977  0       1.7    31     23     
12/09/1977  0       2.5    31     23     
13/09/1977  0       4.9    32     22     
14/09/1977  25      3.4    32     23     
15/09/1977  0.1     5.7    29     21     
16/09/1977  31      5.4    29     20     
17/09/1977  30      4      28     22     
18/09/1977  0.8     2.7    29     21     
19/09/1977  5       3.4    31     22     
20/09/1977  25.5    2.2    30     22     
21/09/1977  12      6.1    30     21     
22/09/1977  4       1      31     22     
23/09/1977  2.5     3.2    32     23     
24/09/1977  0       4.5    33     22     
25/09/1977  0       3.5    32     22     
26/09/1977  0       4.1    33     22     
27/09/1977  45      4.4    32     23     
28/09/1977  1.5     4.9    30     21     
29/09/1977  0       3.8    32     22     
30/09/1977  9.8     5.6    32     23     
01/10/1977  35      5.5    34     25     
02/10/1977  6.5     4.6    33     24     
03/10/1977  50.6    3.6    32     24     
04/10/1977  1       2.8    32     22     
05/10/1977  21      3.3    29     21     
06/10/1977  8.5     4.1    28     22     
07/10/1977  2       3      30     21     
08/10/1977  0       3.9    30     21     
09/10/1977  0       4.2    33     22     
10/10/1977  0       4.2    31     22     
11/10/1977  12      1.4    32     21     
12/10/1977  75      4.3    28     22     
13/10/1977  46      3.1    20     17     
14/10/1977  1       4      23     17     
15/10/1977  1       3.2    28     18     
16/10/1977  4.5     3.5    28     19     
17/10/1977  0       2.5    31     22     
18/10/1977  0       3.2    30     21     
19/10/1977  1       3      30     22     
20/10/1977  0       2.7    31     23     
21/10/1977  0       2.7    34     23     
22/10/1977  0       2.8    30     24     
23/10/1977  0       4.1    28     21     
24/10/1977  5       2      26     19     
25/10/1977  181.7   2.8    26     20     
26/10/1977  26      2.1    27     20     
27/10/1977  23      2.9    26     20     
28/10/1977  15      2.6    27     21     
29/10/1977  0       2.3    30     22     
30/10/1977  0       2.2    30     20     
31/10/1977  0       2.9    31     19     
01/11/1977  0       6      32     21     
02/11/1977  13      3.7    28     21     
03/11/1977  0       1.4    28     21     
04/11/1977  6.5     0.9    24     20     
05/11/1977  0       0.7    26     19     
06/11/1977  0       4.9    33     18     
07/11/1977  0       4.2    33     16     
08/11/1977  0       4.6    35     16     
09/11/1977  41      4.2    34     19     
10/11/1977  100     4.1    20.1   19     
11/11/1977  60      1.9    21     17     
12/11/1977  9       1.1    22     17     
13/11/1977  0       0.9    23     17     
14/11/1977  0       1.5    25     14     
15/11/1977  0       0.6    23     14     
16/11/1977  0       4      30     17     
17/11/1977  0       2.5    31     17     
18/11/1977  0       3.3    29     19     
19/11/1977  0       2.2    30     21     
20/11/1977  0       2.4    29     20     
21/11/1977  0       3.2    30     21     
22/11/1977  0       2.6    30     21     
23/11/1977  14.5    2.3    27     21     
24/11/1977  9       1      28     21     
25/11/1977  1.2     1.9    28     23     
26/11/1977  0       3.3    27     18     
27/11/1977  0       2.5    28     17     
28/11/1977  0       3.2    30     14     
29/11/1977  0       2.7    30     15     
30/11/1977  0       1.7    29     21     
01/12/1977  0.1     1.5    28     22     
02/12/1977  11      1.6    24     22     
03/12/1977  4       3.7    26     21     
04/12/1977  0       1.5    30     22     
05/12/1977  0       4.3    34     20     
06/12/1977  31      0.6    28     19     
07/12/1977  6       1.7    23     20     
08/12/1977  0       1.1    23     20     
09/12/1977  39      2.3    33     20     
10/12/1977  40      1.1    30     20     
11/12/1977  39      5      27     18     
12/12/1977  17      1.8    24     19     
13/12/1977  0       1.9    25     20     
14/12/1977  19      1.9    23     20     
15/12/1977  0       3.1    23     20     
16/12/1977  0       4.2    28     20     
17/12/1977  1.5     2      33     19     
18/12/1977  0       2      27     20     
19/12/1977  0       2.4    32     21     
20/12/1977  11.5    2.6    26     22     
21/12/1977  65      1.9    28     16     
22/12/1977  2       1      16     12     
23/12/1977  0       2.3    18     13     
24/12/1977  0       3.1    20     14     
25/12/1977  0       1.4    26     16     
26/12/1977  0       2.8    24     13     
27/12/1977  1.5     1      22     17     
28/12/1977  0       5.8    26     18     
29/12/1977  0       2.3    28     18     
30/12/1977  0       2.4    30     18     
31/12/1977  0       2.7    29     18     
01/01/1978  0       3.1    23     18     
02/01/1978  38      2.7    25     19     
03/01/1978  12      1.8    27     18     
04/01/1978  5.7     1.7    21     16     
05/01/1978  3       3.6    30     17     
06/01/1978  0.5     3.5    26     20     
07/01/1978  0       2.7    29     19     
08/01/1978  29.6    4.3    26     17     
09/01/1978  0.5     3      22     16     
10/01/1978  0       1.8    25     12     
11/01/1978  0       2.7    25     12     
12/01/1978  0       3.7    31     12     
13/01/1978  6.5     1.5    24     14     
14/01/1978  0       1.2    24     15     
15/01/1978  0       1.8    25     11     
16/01/1978  0       3.7    31     10     
17/01/1978  0       2.7    29     12     
18/01/1978  0       4.4    32     13     
19/01/1978  22      1.7    23     15     
20/01/1978  3.4     5.4    19     16     
21/01/1978  0.5     1.8    23     16     
22/01/1978  38.5    2.6    22     18     
23/01/1978  3.6     1.1    25     18     
24/01/1978  0       1.9    22     18     
25/01/1978  22.3    3.3    33     16     
26/01/1978  0       3.1    22     14     
27/01/1978  4.6     1.4    21     15     
28/01/1978  3.8     0.8    19     17     
29/01/1978  1       1.5    24     15     
30/01/1978  0.3     1.2    22     17     
31/01/1978  0       0.9    23     18     
01/02/1978  0       1.6    26     19     
02/02/1978  16.3    1.5    24     16     
03/02/1978  21.8    1.8    20     19     
04/02/1978  25.8    1.7    18.1   17     
05/02/1978  13.6    0.6    20     16     
06/02/1978  0       3      23     16     
07/02/1978  1.1     3.1    30     11     
08/02/1978  0.6     0.9    22     14     
09/02/1978  0       1.5    25     17     
10/02/1978  5.6     2.6    26     16     
11/02/1978  0       3.6    29     18     
12/02/1978  0       4.7    34     13     
13/02/1978  4.8     4.1    31     14     
14/02/1978  0       1.4    26     16     
15/02/1978  0       8.4    29     20     
16/02/1978  2       0.5    24     21     
17/02/1978  0       1.7    27     19     
18/02/1978  23.5    2.1    22     19     
19/02/1978  5.6     5.9    18.1   16     
20/02/1978  14.6    2.6    20     15     
21/02/1978  17      1      17     15     
22/02/1978  2.5     1.3    16     14     
23/02/1978  0       2      21     14     
24/02/1978  0       3.4    25     15     
25/02/1978  0       4.1    27     13     
26/02/1978  0       3.5    27     15     
27/02/1978  0       3.9    29     18     
28/02/1978  0       5      35     18     
01/03/1978  0       3.7    33     18     
02/03/1978  0       6.7    36     21     
03/03/1978  0       6.7    34     17     
04/03/1978  32.8    3.7    34     20     
05/03/1978  0.5     2.1    29     16     
06/03/1978  0       5.1    33     17     
07/03/1978  0       8.7    34     19     
08/03/1978  13      5.4    29     18     
09/03/1978  0       4.4    20     16     
10/03/1978  0       5.2    27     14     
11/03/1978  0       5      36     14     
12/03/1978  0       5.7    36     14     
13/03/1978  0       6      36     13     
14/03/1978  0       6      34     15     
15/03/1978  3.3     4.6    30     18     
16/03/1978  21      1.3    22     21     
17/03/1978  15.4    1.5    17     15     
18/03/1978  9.7     1.9    17     15     
19/03/1978  1       2.1    21     15     
20/03/1978  0       0.9    24     16     
21/03/1978  0       2      29     17     
22/03/1978  0       2.6    28     18     
23/03/1978  0       3      33     21     
24/03/1978  0       2.8    35     17     
25/03/1978  1.9     1.4    27     18     
26/03/1978  37.3    3.6    26     22     
27/03/1978  4.4     2.7    21     17     
28/03/1978  0       4.2    25     15     
29/03/1978  0       4.5    28     13     
30/03/1978  0       4.1    28     16     
31/03/1978  0       3.9    28     14     
01/04/1978  0       7.2    28     14     
02/04/1978  0       6.1    30     14     
03/04/1978  0       4      30     17     
04/04/1978  0       2.6    30     19     
05/04/1978  0       3.1    30     20     
06/04/1978  0       3.2    30     19     
07/04/1978  0       4.9    31     20     
08/04/1978  0       6      33     20     
09/04/1978  0       5.6    36     21     
10/04/1978  0       7.8    36     19     
11/04/1978  6.9     5.4    36     16     
12/04/1978  6.3     3.4    29     18     
13/04/1978  2.7     5.6    23     20     
14/04/1978  0       4.6    27     21     
15/04/1978  0       4      28     21     
16/04/1978  0       3.9    31     21     
17/04/1978  0       4.9    26     21     
18/04/1978  0       3.6    36     18     
19/04/1978  0       2.9    36     19     
20/04/1978  0       6.1    35     20     
21/04/1978  0       3.2    31     23     
22/04/1978  0       6.8    36     23     
23/04/1978  0       6.2    36     18     
24/04/1978  0       9.3    32     21     
25/04/1978  0       9.4    31     22     
26/04/1978  0       4.9    30     22     
27/04/1978  0       4.2    29     18     
28/04/1978  0       10.8   32     21     
29/04/1978  0       3.5    36     18     
30/04/1978  0       6.7    38     16     
01/05/1978  0       7.3    38     21     
02/05/1978  0       6.6    38     16     
03/05/1978  0       7.3    37     16     
04/05/1978  0       2      35     19     
05/05/1978  0       7.1    37     19     
06/05/1978  0       10.3   38     19     
07/05/1978  0       8.6    39     20     
08/05/1978  0       8.1    39     20     
09/05/1978  0       6.9    38     22     
10/05/1978  0       3.7    35     23     
11/05/1978  0       5.4    35     23     
12/05/1978  0       6.2    36     22     
13/05/1978  0       5.9    36     23     
14/05/1978  0       6.1    34     20     
15/05/1978  0       5.6    35     22     
16/05/1978  0       5.8    37     21     
17/05/1978  0       8.4    39     21     
18/05/1978  0       7.9    38     19     
19/05/1978  0       5.8    36     23     
20/05/1978  0       5.9    33     25     
21/05/1978  0       3      31     24     
22/05/1978  1.4     3.6    33     23     
23/05/1978  5.7     3.8    32     22     
24/05/1978  20      4.3    35     23     
25/05/1978  0.3     7.6    36     21     
26/05/1978  0       5.7    34     23     
27/05/1978  1       4.3    33     23     
28/05/1978  0       6.4    33     22     
29/05/1978  50      8.7    32     24     
30/05/1978  0       4.3    29     22     
31/05/1978  44.3    3.6    34     22     
01/06/1978  14.5    7.7    33     22     
02/06/1978  4.5     3.2    30     22     
03/06/1978  0       6.8    33     23     
04/06/1978  144.5   5.9    34     21     
05/06/1978  9.5     3.5    30     21     
06/06/1978  0       7.7    35     22     
07/06/1978  0       6.3    34     23     
08/06/1978  2.1     6.3    33     23     
09/06/1978  98.5    5.3    31     23     
10/06/1978  2.2     4.7    31     21     
11/06/1978  13.3    2      30     22     
12/06/1978  76.2    4.7    30     23     
13/06/1978  26.6    4.6    31     21     
14/06/1978  10      4.7    29     22     
15/06/1978  45.5    5.2    27     23     
16/06/1978  34      6.7    34     21     
17/06/1978  15.7    0.7    25     21     
18/06/1978  12.8    2.2    28     21     
19/06/1978  14.1    0.7    28     22     
20/06/1978  0.3     3.2    29     22     
21/06/1978  45.9    2      30     23     
22/06/1978  67.2    4.2    28     21     
23/06/1978  27.5    4.1    29     21     
24/06/1978  24.5    4.1    28     21     
25/06/1978  3.5     5.7    31     22     
26/06/1978  39.3    4.1    32     21     
27/06/1978  3.1     2.9    29     21     
28/06/1978  49.6    5      27     23     
29/06/1978  5.4     1.4    26     21     
30/06/1978  14.2    4      28     22     
01/07/1978  32.8    5.4    29     21     
02/07/1978  27.2    5.2    30     22     
03/07/1978  12.8    4.3    28     22     
04/07/1978  7.2     4.9    29     23     
05/07/1978  5.7     4.9    30     23     
06/07/1978  1.5     5      31     22     
07/07/1978  12.1    4.1    31     22     
08/07/1978  43      3.9    30     21     
09/07/1978  23      3      29     21     
10/07/1978  39.2    5.2    28     21     
11/07/1978  3.8     2.6    27     21     
12/07/1978  22.3    3.7    30     22     
13/07/1978  23      3.9    30     21     
14/07/1978  10.3    5.1    29     21     
15/07/1978  0       4.9    30     22     
16/07/1978  1.8     3.8    31     22     
17/07/1978  12.5    4.8    31     23     
18/07/1978  15.2    1.6    29     24     
19/07/1978  1.6     3.7    29     22     
20/07/1978  55.9    4.5    30     22     
21/07/1978  9       3.6    28     23     
22/07/1978  4.1     1.5    23     21     
23/07/1978  22.5    5.7    24     20     
24/07/1978  21.6    5.6    28     20     
25/07/1978  0.6     6.5    27     21     
26/07/1978  0       4.9    29     21     
27/07/1978  18      7.5    30     22     
28/07/1978  18.1    8.2    30     20     
29/07/1978  2       3.2    27     21     
30/07/1978  0       5.4    27     20     
31/07/1978  0       3.8    25     21     
01/08/1978  0       5.8    28     22     
02/08/1978  0       5.4    26     21     
03/08/1978  0       7.3    27     21     
04/08/1978  3.5     5.7    29     20     
05/08/1978  4.7     5.6    30     20     
06/08/1978  1.5     4.6    29     20     
07/08/1978  0       3.6    28     20     
08/08/1978  14.5    4.6    28     20     
09/08/1978  26.5    2.9    27     21     
10/08/1978  53.7    7      27     21     
11/08/1978  6.4     2.1    29     21     
12/08/1978  3.6     4.2    31     22     
13/08/1978  0       2.7    29     21     
14/08/1978  2       1.8    28     21     
15/08/1978  16.5    5.3    30     22     
16/08/1978  0       2.8    30     22     
17/08/1978  0       3.6    30     21     
18/08/1978  13.5    5.1    32     22     
19/08/1978  28.3    5.9    30     21     
20/08/1978  63.5    2.9    28     21     
21/08/1978  28.5    5.4    28     20     
22/08/1978  43.8    8.4    28     19     
23/08/1978  37.7    6.4    29     21     
24/08/1978  8.8     2.3    29     21     
25/08/1978  25      1.2    31     21     
26/08/1978  0       5.5    32     23     
27/08/1978  0       7.7    30     22     
28/08/1978  3.2     5.1    32     20     
29/08/1978  0       4.6    33     20     
30/08/1978  15      5.5    30     22     
31/08/1978  24.5    9.3    28     21     
01/09/1978  9.5     4.2    29     21     
02/09/1978  17.7    3.8    29     20     
03/09/1978  19.3    1.9    26     21     
04/09/1978  10.5    1.8    26     21     
05/09/1978  217.8   3.4    27     21     
06/09/1978  1.7     1.7    26     20     
07/09/1978  0       2.7    32     20     
08/09/1978  15.3    3.7    31     21     
09/09/1978  8.4     2.5    29     20     
10/09/1978  0       4.2    32     20     
11/09/1978  0       6.5    34     19     
12/09/1978  0       6.5    34     19     
13/09/1978  0       5.7    34     20     
14/09/1978  35.5    4.2    34     20     
15/09/1978  5.5     4.7    32     19     
16/09/1978  2.5     5.2    30     20     
17/09/1978  0       5.7    31     20     
18/09/1978  4.9     4.5    31     21     
19/09/1978  128.7   4.8    25     21     
20/09/1978  38.1    3.3    28     21     
21/09/1978  0       2      27     21     
22/09/1978  61.1    4.4    24.1   21     
23/09/1978  2.2     3.5    30     21     
24/09/1978  19.5    5      29     20     
25/09/1978  4.2     5.2    30     20     
26/09/1978  59.7    2.6    29     21     
27/09/1978  9.2     4.9    31     21     
28/09/1978  169     3.3    28     21     
29/09/1978  41.8    3      27     22     
30/09/1978  63.8    3.7    27     22     
01/10/1978  205.5   1.7    28     21     
02/10/1978  41.5    2.7    28     20     
03/10/1978  11.2    2.8    29     22     
04/10/1978  93      3.5    30     22     
05/10/1978  50.5    6.2    30     21     
06/10/1978  43.5    4.4    27     22     
07/10/1978  41      2      29     21     
08/10/1978  21      2.9    26     21     
09/10/1978  32.5    3.5    25     21     
10/10/1978  29.8    2.5    27     20     
11/10/1978  1.3     2.3    29     21     
12/10/1978  5.5     0.5    27     20     
13/10/1978  11.5    1.7    28     20     
14/10/1978  21.1    3.1    26     21     
15/10/1978  86      1.5    21     19     
16/10/1978  21.8    1.7    21     18     
17/10/1978  13.9    0.8    22     18     
18/10/1978  20.5    1.7    21     19     
19/10/1978  14.9    0.8    21     19     
20/10/1978  13.8    2.1    24     19     
21/10/1978  0       2.3    26     19     
22/10/1978  0       4.4    28     16     
23/10/1978  6       3.3    28     16     
24/10/1978  0       3.3    28     18     
25/10/1978  0       4.1    29     17     
26/10/1978  0       3.5    30     17     
27/10/1978  0       4.7    29     17     
28/10/1978  15.3    3.6    28     18     
29/10/1978  5.8     1.3    24     19     
30/10/1978  0.8     2.9    26     20     
31/10/1978  1       0.5    28     21     
01/11/1978  22.5    3.7    25     18     
02/11/1978  8.7     1.3    25     20     
03/11/1978  1.8     1.3    26     20     
04/11/1978  0       3      27     18     
05/11/1978  0       3.8    29     16     
06/11/1978  0       3.7    30     18     
07/11/1978  24.5    5.7    28     20     
08/11/1978  1.6     3.1    23     18     
09/11/1978  0       1.5    26     19     
10/11/1978  0       3.2    29     19     
11/11/1978  0       3.1    28     20     
12/11/1978  0       2.4    28     22     
13/11/1978  0       1.9    28     21     
14/11/1978  0       3.9    29     22     
15/11/1978  0       2.7    30     21     
16/11/1978  1.2     3.4    30     22     
17/11/1978  92.6    1.9    28     22     
18/11/1978  2.2     1.4    29     21     
19/11/1978  0       1.6    26     21     
20/11/1978  4       1.5    26     19     
21/11/1978  6.4     1      23     20     
22/11/1978  27.7    4.1    23     19     
23/11/1978  25      4.4    22     20     
24/11/1978  78      1      25     20     
25/11/1978  2.3     1.1    27     21     
26/11/1978  0       2.5    31     21     
27/11/1978  0       3.7    33     20     
28/11/1978  6.7     2.9    29     19     
29/11/1978  3       1.3    28     20     
30/11/1978  0.9     0.7    24     20     
01/12/1978  0       1.7    25     20     
02/12/1978  0       3.1    30     19     
03/12/1978  0       2.1    35     20     
04/12/1978  16      2      34     16     
05/12/1978  0       1.4    27     19     
06/12/1978  0       2.9    32     18     
07/12/1978  0       3.8    34     17     
08/12/1978  6.5     2.7    34     17     
09/12/1978  40.3    4.9    23     21     
10/12/1978  4.3     1.2    18     12     
11/12/1978  35.9    1.8    18     13     
12/12/1978  41.6    2.3    20     15     
13/12/1978  21.2    1.7    20     17     
14/12/1978  0       1      23     18     
15/12/1978  0       2.3    25     16     
16/12/1978  24.5    5      24     16     
17/12/1978  41.6    2.8    24     19     
18/12/1978  1.2     1.6    26     20     
19/12/1978  0       3      27     20     
20/12/1978  0       2.6    30     18     
21/12/1978  22.7    3.8    29     15     
22/12/1978  0       1.5    24     17     
23/12/1978  0       2.8    29     17     
24/12/1978  7.7     3.1    31     16     
25/12/1978  0       1.3    25     18     
26/12/1978  0       2.8    29     16     
27/12/1978  6.8     1.8    28     17     
28/12/1978  0       1.4    24     19     
29/12/1978  3.1     1.2    26     19     
30/12/1978  0       2.4    29     20     
31/12/1978  0       2.4    28     18     
01/01/1979  12.5    4.6    27     17     
02/01/1979  49.8    1.4    17     12     
03/01/1979  15      0.4    15     9      
04/01/1979  3       1.6    18     10     
05/01/1979  5.6     0.6    20     12     
06/01/1979  0       1.5    26     15     
07/01/1979  2       4      33     15     
08/01/1979  66.3    1.5    21     13     
09/01/1979  7       0.4    17     14     
10/01/1979  0       1.5    18     14     
11/01/1979  2.9     0.7    21     15     
12/01/1979  0       0.7    23     14     
13/01/1979  1.7     3      32     15     
14/01/1979  34.5    1.8    19     12     
15/01/1979  2       0.6    18     11     
16/01/1979  12.5    2.4    20     10     
17/01/1979  5.7     0.6    21     16     
18/01/1979  0       2.6    26     18     
19/01/1979  0       1.7    28     19     
20/01/1979  11.6    0.2    32     14     
21/01/1979  5.5     4      19     16     
22/01/1979  0       6.2    23     14     
23/01/1979  4.8     4.5    31     13     
24/01/1979  11.7    1.4    19     15     
25/01/1979  0       1.4    22     15     
26/01/1979  0       2.3    32     12     
27/01/1979  10.4    5.1    33     12     
28/01/1979  8.5     1      21     13     
29/01/1979  0       1.4    23     17     
30/01/1979  0       3.6    32     16     
31/01/1979  35.6    2.3    21     17     
01/02/1979  5.5     1.1    19     15     
02/02/1979  0.8     2.4    22     15     
03/02/1979  0       3.2    27     18     
04/02/1979  0       1.4    28     18     
05/02/1979  0       1.9    27     17     
06/02/1979  0       3.2    32     18     
07/02/1979  19.4    1.8    28     13     
08/02/1979  6.3     1.9    19     16     
09/02/1979  13.5    2.2    18     16     
10/02/1979  1.3     2.6    22     15     
11/02/1979  0       2.7    20     16     
12/02/1979  0       3      24     16     
13/02/1979  0       3      25     17     
14/02/1979  0       2.2    25     14     
15/02/1979  0       3.1    31     14     
16/02/1979  0       4.2    32     16     
17/02/1979  17      5.2    28     18     
18/02/1979  34.5    2.9    18     17     
19/02/1979  10      2.9    17     13     
20/02/1979  0       0.7    19     15     
21/02/1979  0       1.4    26     16     
22/02/1979  0       2.6    30     16     
23/02/1979  0       2.2    33     18     
24/02/1979  13.5    5.3    24     16     
25/02/1979  15.3    5.4    22     19     
26/02/1979  0       4      21     15     
27/02/1979  0       2.3    27     14     
28/02/1979  0       5.4    33     15     
01/03/1979  0       2.9    29     16     
02/03/1979  0       4.7    33     19     
03/03/1979  0       6.6    35     14     
04/03/1979  0       2.6    21     16     
05/03/1979  4.4     1.6    22     18     
06/03/1979  4       2.6    21     17     
07/03/1979  4.9     0.8    20     16     
08/03/1979  0       1.4    22     16     
09/03/1979  0       2.5    29     14     
10/03/1979  1.5     1.1    33     15     
11/03/1979  24.5    4.4    22     17     
12/03/1979  11.6    0.4    22     16     
13/03/1979  0       1.4    25     16     
14/03/1979  17      5.4    29     18     
15/03/1979  11.8    3.1    25     20     
16/03/1979  0       3.4    29     20     
17/03/1979  0       2      29     20     
18/03/1979  0       4.9    31     17     
19/03/1979  0       4.9    35     18     
20/03/1979  0       5      35     16     
21/03/1979  0       3.5    35     15     
22/03/1979  0       6      35     14     
23/03/1979  0       5.7    34     15     
24/03/1979  0.7     4.2    32     18     
25/03/1979  12.6    2.2    22     17     
26/03/1979  5       3.6    27     18     
27/03/1979  0       1.8    28     18     
28/03/1979  1.5     3.4    29     20     
29/03/1979  0       2.6    30     21     
30/03/1979  0       5      34     21     
31/03/1979  0       5.6    35     21     
01/04/1979  0       6.4    36     20     
02/04/1979  0       7.1    38     18     
03/04/1979  0       3.4    37     16     
04/04/1979  0.4     4.7    35     15     
05/04/1979  7.2     1.2    27     16     
06/04/1979  8.5     2.1    27     21     
07/04/1979  0       4.5    31     20     
08/04/1979  0       4.6    32     19     
09/04/1979  0       6.6    35     18     
10/04/1979  0       6.3    35     16     
11/04/1979  0       7.3    35     17     
12/04/1979  0       6.4    36     16     
13/04/1979  0       5.1    36     15     
14/04/1979  0       2.9    31     17     
15/04/1979  0       4.6    31     22     
16/04/1979  10.7    4.5    32     21     
17/04/1979  0       3.2    32     20     
18/04/1979  0       5.3    34     17     
19/04/1979  0       3.9    32     18     
20/04/1979  8.7     7.6    33     22     
21/04/1979  24.2    5.7    34     19     
22/04/1979  5.5     3.5    28     18     
23/04/1979  0       5      29     18     
24/04/1979  0       6      31     19     
25/04/1979  0       5.8    35     20     
26/04/1979  0       7.3    36     18     
27/04/1979  0       6.6    36     16     
28/04/1979  0       5.2    34     17     
29/04/1979  0       3.7    37     20     
30/04/1979  0       5.8    36     20     
01/05/1979  0       7.8    36     21     
02/05/1979  0       6.6    38     22     
03/05/1979  0       7.5    38     21     
04/05/1979  10.5    8.6    38     18     
05/05/1979  16.4    1.5    29     21     
06/05/1979  0       4.1    30     19     
07/05/1979  0       6.2    37     19     
08/05/1979  0       7.5    37     20     
09/05/1979  0       8.1    38     19     
10/05/1979  0       7      39     18     
11/05/1979  0       6.1    38     16     
12/05/1979  16.2    3.1    32     20     
13/05/1979  18.5    2.5    26     21     
14/05/1979  16      1.5    26     20     
15/05/1979  5.5     2.4    27     21     
16/05/1979  6.3     3.3    27     21     
17/05/1979  0       3.6    28     20     
18/05/1979  0       5.7    31     17     
19/05/1979  0       5.9    31     15     
20/05/1979  0       4.5    33     18     
21/05/1979  0       4.8    35     19     
22/05/1979  0       6.9    36     19     
23/05/1979  0       5.8    35     19     
24/05/1979  5.2     1.9    29     21     
25/05/1979  6.2     2      29     22     
26/05/1979  0       3.6    31     20     
27/05/1979  5       6.4    33     21     
28/05/1979  51.5    5.9    34     19     
29/05/1979  0       3.9    35     20     
30/05/1979  0       7.1    36     20     
31/05/1979  18      7.4    36     20     
01/06/1979  42.5    7.1    31     21     
02/06/1979  36.3    4      30     21     
03/06/1979  1.2     4.7    31     21     
04/06/1979  0       5.1    34     21     
05/06/1979  0       6.6    35     20     
06/06/1979  0       6      34     21     
07/06/1979  0       6.3    34     20     
08/06/1979  0       4.2    32     22     
09/06/1979  46      3.7    29     24     
10/06/1979  48      8.5    27     20     
11/06/1979  25      3.2    27     20     
12/06/1979  15.2    2.1    26     20     
13/06/1979  3.5     3.6    27     20     
14/06/1979  3.5     3.2    28     19     
15/06/1979  2.5     5.5    28     20     
16/06/1979  0       3.2    30     19     
17/06/1979  0       5.1    32     19     
18/06/1979  0.7     4.9    34     20     
19/06/1979  20.1    7.5    31     23     
20/06/1979  1.5     3.8    32     21     
21/06/1979  60      4.2    30     23     
22/06/1979  9       4.2    29     22     
23/06/1979  0       5.4    31     21     
24/06/1979  23.8    4.3    29     21     
25/06/1979  46.7    2.5    29     20     
26/06/1979  218     2.5    27     20     
27/06/1979  54.3    4.1    28     21     
28/06/1979  41.8    3.5    30     21     
29/06/1979  30      4.5    29     20     
30/06/1979  5.4     4.6    32     20     
01/07/1979  0       4.8    32     19     
02/07/1979  0       3      31     22     
03/07/1979  3       5.5    32     21     
04/07/1979  35.5    3.3    31     20     
05/07/1979  26      2.2    31     21     
06/07/1979  42      7.3    31     22     
07/07/1979  79      3.8    29     21     
08/07/1979  0       6      31     20     
09/07/1979  5       6.3    33     20     
10/07/1979  0       5.6    35     21     
11/07/1979  0       6.5    38     21     
12/07/1979  0       4.7    33     21     
13/07/1979  0       5.3    36     21     
14/07/1979  0.7     4.8    33     22     
15/07/1979  45.5    8.5    32     21     
16/07/1979  3       4.2    32     21     
17/07/1979  14.6    2.3    32     21     
18/07/1979  15.6    3.4    31     21     
19/07/1979  6.6     3.6    32     21     
20/07/1979  71      2      31     22     
21/07/1979  26.2    3.9    31     20     
22/07/1979  0       3.9    32     21     
23/07/1979  0       3.8    32     19     
24/07/1979  5.6     5.4    34     20     
25/07/1979  0       5.1    36     20     
26/07/1979  3.5     8.1    35     21     
27/07/1979  68.5    1      33     21     
28/07/1979  3.4     6.9    30     19     
29/07/1979  0       3.1    32     20     
30/07/1979  11      3.6    31     21     
31/07/1979  6.5     5.4    31     21     
01/08/1979  7.1     5      31     21     
02/08/1979  1.3     4.9    32     21     
03/08/1979  17.5    2.9    31     21     
04/08/1979  29.7    5.6    29     22     
05/08/1979  9       3.7    28     22     
06/08/1979  5.3     3.7    30     22     
07/08/1979  4.6     3.5    30     21     
08/08/1979  18.6    6.6    30     21     
09/08/1979  62      4      30     21     
10/08/1979  15.7    4.5    30     21     
11/08/1979  73      4.2    31     22     
12/08/1979  8.5     5.1    31     21     
13/08/1979  100.7   3.9    30     23     
14/08/1979  25      4.9    29     20     
15/08/1979  115     3      30     21     
16/08/1979  2       6      30     20     
17/08/1979  39      0.6    27     20     
18/08/1979  29.9    3.9    27     21     
19/08/1979  116     3      27     21     
20/08/1979  58.6    4.4    29     22     
21/08/1979  53.8    3.6    27     21     
22/08/1979  0.7     3.1    29     20     
23/08/1979  84.6    3.8    30     21     
24/08/1979  30      5.9    30     20     
25/08/1979  13      2.1    26     20     
26/08/1979  1.5     3.5    26     19     
27/08/1979  4.9     2.6    32     20     
28/08/1979  26.5    6.9    34     21     
29/08/1979  30      4.8    32     20     
30/08/1979  8       4.7    31     21     
31/08/1979  145.5   2.2    30     22     
01/09/1979  208.2   3.1    31     21     
02/09/1979  36      2.6    31     21     
03/09/1979  40      2.4    35     20     
04/09/1979  5.5     0.8    31     20     
05/09/1979  44.5    6      32     20     
06/09/1979  11.6    3.7    31     21     
07/09/1979  36.9    3.8    30     21     
08/09/1979  49.8    6.3    31     22     
09/09/1979  3       5.9    30     21     
10/09/1979  0.8     5.1    30     21     
11/09/1979  45.5    4      31     21     
12/09/1979  0       5      32     21     
13/09/1979  0       3      32     22     
14/09/1979  20      3      31     21     
15/09/1979  4.7     2.5    27     21     
16/09/1979  2.5     3.7    23     21     
17/09/1979  13      2.3    27     18     
18/09/1979  66      5.9    31     18     
19/09/1979  36.5    2.9    31     21     
20/09/1979  22.8    5.6    30     22     
21/09/1979  60      3      30     21     
22/09/1979  0       1.9    29     18     
23/09/1979  3       1.1    30     19     
24/09/1979  8.4     1.7    25     20     
25/09/1979  0       1.1    28     18     
26/09/1979  4.3     3      28     16     
27/09/1979  0       3.9    29     17     
28/09/1979  0       3      30     16     
29/09/1979  0       4.5    29     17     
30/09/1979  0       4.3    29     18     
01/10/1979  0       2.7    27     14     
02/10/1979  6       0.8    24     18     
03/10/1979  37      2.4    25     20     
04/10/1979  41.5    7.6    28     20     
05/10/1979  1.5     3.7    28     20     
06/10/1979  0.7     3.8    31     17     
07/10/1979  33.7    2.4    28     20     
08/10/1979  3.8     3.5    29     19     
09/10/1979  17.4    1.1    29     20     
10/10/1979  40      4.5    27     21     
11/10/1979  0       4      30     20     
12/10/1979  0       4      31     18     
13/10/1979  14      4.2    31     21     
14/10/1979  18      3.8    30     20     
15/10/1979  0       2.7    30     20     
16/10/1979  0       3.7    31     18     
17/10/1979  0       3      30     19     
18/10/1979  0.3     1.6    30     20     
19/10/1979  0       4      31     19     
20/10/1979  0       2.8    32     20     
21/10/1979  72.5    2.3    34     21     
22/10/1979  0       3.2    33     21     
23/10/1979  54.5    5.4    26     21     
24/10/1979  25.5    2.8    20.1   18     
25/10/1979  1.3     0.6    25     18     
26/10/1979  1.5     1.8    27     19     
27/10/1979  0       2      27     19     
28/10/1979  0       2      29     20     
29/10/1979  0       2.4    30     21     
30/10/1979  0       4.6    30     21     
31/10/1979  75      7      34     19     
01/11/1979  0       2      29     20     
02/11/1979  21      1.5    25     21     
03/11/1979  13.7    1.3    23     20     
04/11/1979  4       1.1    21     19     
05/11/1979  6.2     0.9    25     19     
06/11/1979  3.5     1      22     19     
07/11/1979  1       0.6    27     18     
08/11/1979  0       1      28     17     
09/11/1979  0       5.3    33     16     
10/11/1979  0       3.3    34     15     
11/11/1979  0.5     3.5    30     15     
12/11/1979  3.5     1      23     16     
13/11/1979  41      4      22     16     
14/11/1979  3.5     0.5    22     17     
15/11/1979  2.3     0.9    20     16     
16/11/1979  6       0.7    21     14     
17/11/1979  0       2.7    22     16     
18/11/1979  1       2.1    22     17     
19/11/1979  2       0.5    23     16     
20/11/1979  0.5     2      29     16     
21/11/1979  0       1.3    27     20     
22/11/1979  11.8    1.4    28     20     
23/11/1979  10.5    3.8    21     19     
24/11/1979  0       0.9    24     19     
25/11/1979  0       1.3    22     16     
26/11/1979  0.3     4.7    24     18     
27/11/1979  0       2.4    27     18     
28/11/1979  6.5     1.6    26     19     
29/11/1979  61.6    2.5    20.1   19     
30/11/1979  27.7    4.5    18     15     
01/12/1979  11.5    1.4    18     15     
02/12/1979  22.5    3.4    19     16     
03/12/1979  18      1.7    19     16     
04/12/1979  3.5     1.5    20     16     
05/12/1979  0       2.3    26     17     
06/12/1979  3       0.3    32     16     
07/12/1979  7.3     1.5    26     16     
08/12/1979  20.2    2.1    23     20     
09/12/1979  46      1.4    22     19     
10/12/1979  22      2      22     20     
11/12/1979  0       1.7    26     19     
12/12/1979  0       2.8    27     19     
13/12/1979  24.4    4.8    27     20     
14/12/1979  14      1.4    23     20     
15/12/1979  3.6     1.9    19     17     
16/12/1979  5.5     2.3    21     17     
17/12/1979  53      3.3    21     18     
18/12/1979  27.8    1.4    21     14     
19/12/1979  2.3     2.6    18     14     
20/12/1979  0       1.7    25     15     
21/12/1979  0       2.4    26     13     
22/12/1979  0       1.8    28     14     
23/12/1979  0       1.4    31     15     
24/12/1979  17      4.9    26     14     
25/12/1979  0       0.5    18     15     
26/12/1979  0       1.7    24     14     
27/12/1979  0       2.2    22     13     
28/12/1979  0       1.5    24     14     
29/12/1979  0       0.8    25     17     
30/12/1979  0       1.7    25     16     
31/12/1979  0       1.2    23     16     
01/01/1980  1.7     1.9    25     16     
02/01/1980  0       3.8    26     11     
03/01/1980  4.6     2.7    27     12     
04/01/1980  15.8    0.8    25     15     
05/01/1980  0.8     1.4    18     15     
06/01/1980  0       0.4    25     15     
07/01/1980  0       2.3    27     14     
08/01/1980  0       2.1    28     14     
09/01/1980  0       1.3    27     16     
10/01/1980  0       1.6    26     19     
11/01/1980  1.5     2.3    32     17     
12/01/1980  0.8     0.8    26     18     
13/01/1980  1.5     0.6    24     19     
14/01/1980  0       1.4    27     18     
15/01/1980  0       2.2    30     19     
16/01/1980  0       4.1    34     16     
17/01/1980  0       2.3    32     15     
18/01/1980  0       2.2    28     15     
19/01/1980  0       0.6    26     20     
20/01/1980  66.5    2.1    28     20     
21/01/1980  0       2.3    28     20     
22/01/1980  0       2.3    33     20     
23/01/1980  75      2.7    20     16     
24/01/1980  4.3     2.1    16     12     
25/01/1980  0       1.7    26     12     
26/01/1980  0       1.6    28     15     
27/01/1980  0       2.1    23     18     
28/01/1980  0       2.5    28     19     
29/01/1980  1.9     2.2    28     20     
30/01/1980  0       2      28     21     
31/01/1980  5.8     2.8    27     20     
01/02/1980  40      0.6    19     16     
02/02/1980  3.8     0.5    22     13     
03/02/1980  37      1      20     15     
04/02/1980  10.3    0.6    20     15     
05/02/1980  0       1      25     14     
06/02/1980  1.8     2.6    24     16     
07/02/1980  1.8     1.6    23     16     
08/02/1980  0       3.9    31     15     
09/02/1980  38.2    4.3    31     13     
10/02/1980  8.8     0.9    27     13     
11/02/1980  3.2     0.5    18     14     
12/02/1980  5.3     3      22     14     
13/02/1980  3.1     4.5    20     17     
14/02/1980  0       1.5    23     17     
15/02/1980  0       2.1    24     18     
16/02/1980  13.4    2.3    34     16     
17/02/1980  11.5    1.4    21     17     
18/02/1980  0       2.1    18     16     
19/02/1980  0       1.1    28     16     
20/02/1980  0       4      33     17     
21/02/1980  0       3.8    35     15     
22/02/1980  0       3.5    34     14     
23/02/1980  0       4.9    33     16     
24/02/1980  0       4.4    30     18     
25/02/1980  6.8     1.9    27     20     
26/02/1980  3.4     1.7    26     14     
27/02/1980  5.2     2.2    27     14     
28/02/1980  0       1.2    23     14     
29/02/1980  0       3.8    31     16     
01/03/1980  46.7    1.2    33     16     
02/03/1980  24      1.3    24     13     
03/03/1980  1.7     1.3    16     10     
04/03/1980  0       3.1    27     11     
05/03/1980  0       3.7    34     14     
06/03/1980  0       1.8    28     19     
07/03/1980  0       4.4    32     17     
08/03/1980  0       4.6    35     17     
09/03/1980  0       2.9    32     17     
10/03/1980  0       2.5    31     17     
11/03/1980  0       3.5    33     20     
12/03/1980  0       6.7    37     18     
13/03/1980  0       4.5    34     12     
14/03/1980  30      2.4    25     15     
15/03/1980  4.1     2      27     20     
16/03/1980  0       4.4    32     20     
17/03/1980  0.7     4.7    37     17     
18/03/1980  5.5     1.4    28     19     
19/03/1980  0       3.9    27     14     
20/03/1980  0       4      35     15     
21/03/1980  0       2.1    29     17     
22/03/1980  0       3.1    30     19     
23/03/1980  0       5      36     20     
24/03/1980  0       6.1    35     15     
25/03/1980  0       3.3    31     19     
26/03/1980  2.9     6.7    32     20     
27/03/1980  0       4.9    34     18     
28/03/1980  0       3.9    38     15     
29/03/1980  0       3.8    34     16     
30/03/1980  2.1     5      33     19     
31/03/1980  0       3.6    32     20     
01/04/1980  0       5.1    37     19     
02/04/1980  0       6.2    37     18     
03/04/1980  0       5.9    38     18     
04/04/1980  0       3.6    33     19     
05/04/1980  0       1.2    30     22     
06/04/1980  0       1.7    31     22     
07/04/1980  0       6.7    32     19     
08/04/1980  24.6    4.8    37     18     
09/04/1980  8       1.9    25     20     
10/04/1980  0       3.6    30     19     
11/04/1980  0       5.2    35     18     
12/04/1980  0       6.3    36     17     
13/04/1980  39      5.1    31     17     
14/04/1980  6.7     1.7    22     16     
15/04/1980  11.6    1      20.1   16     
16/04/1980  1       1      26     16     
17/04/1980  2.9     0.5    25     18     
18/04/1980  2.8     1.9    25     20     
19/04/1980  2       2      25     19     
20/04/1980  0       2.6    27     14     
21/04/1980  0       4.6    28     11     
22/04/1980  0       3.5    27     13     
23/04/1980  0       3.6    30     15     
24/04/1980  0       5.2    36     17     
25/04/1980  0       7.9    36     17     
26/04/1980  6.7     4.1    38     17     
27/04/1980  3.8     4.2    26     19     
28/04/1980  0       3      28     19     
29/04/1980  0       3.9    30     14     
30/04/1980  0       6.3    38     16     
01/05/1980  0       7.6    38     18     
02/05/1980  0       4.5    36     19     
03/05/1980  0       4.4    32     21     
04/05/1980  0       3.4    33     22     
05/05/1980  0       5      33     22     
06/05/1980  0       3.8    35     20     
07/05/1980  0       4.6    38     21     
08/05/1980  0       4.2    40     20     
09/05/1980  0       4.6    38     24     
10/05/1980  0       4.1    39     22     
11/05/1980  0       4      41     23     
12/05/1980  0       4.8    41     22     
13/05/1980  0       4.5    39     24     
14/05/1980  0       5.7    38     23     
15/05/1980  0       5.1    39     22     
16/05/1980  0       7.1    38     19     
17/05/1980  0       3      36     20     
18/05/1980  0       4.9    32     20     
19/05/1980  63      4      40     23     
20/05/1980  0       4.8    32     20     
21/05/1980  0       5.5    35     21     
22/05/1980  24      3.9    37     21     
23/05/1980  0       5      37     19     
24/05/1980  0       7.3    37     19     
25/05/1980  0       6.6    37     20     
26/05/1980  0       5.4    38     21     
27/05/1980  0       3.3    30     23     
28/05/1980  0       4.2    35     22     
29/05/1980  0       6.2    35     21     
30/05/1980  0       5.5    35     20     
31/05/1980  0       6.1    35     21     
01/06/1980  9       5.6    29     20     
02/06/1980  0       4      35     21     
03/06/1980  14      9.2    24     19     
04/06/1980  13      1.4    28     20     
05/06/1980  0       1.9    31     21     
06/06/1980  0       3.1    32     22     
07/06/1980  0       5.4    34     23     
08/06/1980  6       5.4    33     22     
09/06/1980  14.3    1.7    28     20     
10/06/1980  15.8    3.1    30     19     
11/06/1980  3       4.6    31     20     
12/06/1980  13.6    4.3    29     21     
13/06/1980  33      3.8    29     20     
14/06/1980  11.2    6      30     21     
15/06/1980  97.3    0.9    27     21     
16/06/1980  0       3      30     21     
17/06/1980  56      1.8    32     21     
18/06/1980  2.1     3.3    32     20     
19/06/1980  36.5    3.1    33     21     
20/06/1980  33.2    1.5    33     22     
21/06/1980  21.8    0.7    29     22     
22/06/1980  16      1.4    30     21     
23/06/1980  21      0.5    31     21     
24/06/1980  113.6   1.6    30     22     
25/06/1980  9.6     3      29     20     
26/06/1980  9.6     3.6    30     20     
27/06/1980  36      1.6    29     21     
28/06/1980  4.2     4      32     21     
29/06/1980  2       4.4    32     22     
30/06/1980  1       3.7    32     23     
--------------------------------------
