CNA-SMN-CG-GMC-SMAA-CLIMATOLOGIA
BASE DE DATOS CLIMATOLOGICA
DATOS DISPONIBLES EN LA BASE DE DATOS A JULIO 2022

ESTACION  : 30289
NOMBRE    : POBLADO TRES
ESTADO    : VERACRUZ
MUNICIPIO : UXPANAPA
SITUACION : SUSPENDIDA
ORGANISMO : CONAGUA-DGE
CVE-OMM   : Nulo
LATITUD   : 017.282°
LONGITUD  : -94.634°
ALTITUD   : 95 msnm

EMISIÓN   : 01/07/2022

            PRECIP  EVAP   TMAX   TMIN   
  Fecha     (MM)    (MM)   (°C)   (°C)   
01/07/1975  7.5     5.3    31     20.5   
02/07/1975  12.4    4.9    31     20     
03/07/1975  6       5.7    30.5   21     
04/07/1975  6.2     5.1    30     20     
05/07/1975  9.6     6.5    31.5   19     
06/07/1975  1       5.5    31     19.5   
07/07/1975  0       4.4    31     20     
08/07/1975  3.3     5.8    27     20     
09/07/1975  136.6   5.4    31     20.5   
10/07/1975  13.7    6.1    30     19.5   
11/07/1975  0       6.1    31     20     
12/07/1975  8.5     6.2    34     19.5   
13/07/1975  0       4.5    33.5   21     
14/07/1975  0       4.6    33.5   21.5   
15/07/1975  2.7     7      34     21.5   
16/07/1975  14.7    7.1    31.5   22     
17/07/1975  13      2.4    31     22     
18/07/1975  0.6     5.2    31     21.5   
19/07/1975  5.1     4.3    31.5   22     
20/07/1975  6.8     5.1    31.5   23     
21/07/1975  5.4     3.8    31     22     
22/07/1975  0.3     3.7    31     21     
23/07/1975  2.6     4.1    31     22     
24/07/1975  0       4.4    31     20     
25/07/1975  5.9     5.3    32     22     
26/07/1975  0       2.6    30     21.5   
27/07/1975  0       2.6    31     21     
28/07/1975  12.2    2.7    29.5   24     
29/07/1975  0       5.2    31     21.5   
30/07/1975  0.4     5.9    32.5   21     
31/07/1975  0       5.7    31     22.5   
01/08/1975  4       5.7    32     23     
02/08/1975  0.1     2.6    31     22     
03/08/1975  7.4     4.8    31.5   23.5   
04/08/1975  9       4.3    31     22     
05/08/1975  7.8     3.7    29     22.5   
06/08/1975  30.1    4.5    32     22     
07/08/1975  3.3     4.3    29.5   21     
08/08/1975  1.5     4      30     21     
09/08/1975  4.4     2.1    31     22     
10/08/1975  26.7    6.4    31     22.5   
11/08/1975  12.2    3.2    30     21     
12/08/1975  40      4.9    29     21.5   
13/08/1975  41.5    4.3    30     20     
14/08/1975  0       3.3    30     20     
15/08/1975  0       5.3    31     21     
16/08/1975  3.7     3.1    31.5   22     
17/08/1975  22.9    2.7    28     23     
18/08/1975  78.8    3.3    30     22     
19/08/1975  37.2    4.1    28     23     
20/08/1975  24.5    5.2    29     22     
21/08/1975  68.9    2.6    29     21     
22/08/1975  18.5    2.7    28     22     
23/08/1975  68.2    3.1    30     22     
24/08/1975  25.4    2      29     20     
25/08/1975  10.3    6.4    30.5   22     
26/08/1975  0       5.5    33     20     
27/08/1975  5.2     3.5    30     21     
28/08/1975  0.4     4.1    31     22     
29/08/1975  0       4.4    31     21     
30/08/1975  0       4.6    34     21     
31/08/1975  0       7.3    33     21     
01/09/1975  7.9     5.4    34     21     
02/09/1975  0       3.2    31     21.5   
03/09/1975  3.2     3.4    29     22     
04/09/1975  0.5     2.3    30.5   22     
05/09/1975  6       4.2    31     23     
06/09/1975  1.2     2.3    29.5   24     
07/09/1975  9.2     4.8    30.5   22.5   
08/09/1975  20.2    2.5    29.5   22.5   
09/09/1975  83.5    3.7    25     23     
10/09/1975  12      2.1    28     23     
11/09/1975  6.7     3.8    30     23     
12/09/1975  21      4.4    30.5   22     
13/09/1975  6.5     3.2    28     22     
14/09/1975  60.5    4.1    28     20     
15/09/1975  25.5    3.7    28     21     
16/09/1975  1.2     3.1    30     21     
17/09/1975  0       3.9    31     20     
18/09/1975  0.3     3.7    32     22     
19/09/1975  14.3    4.1    32     23     
20/09/1975  7       3      31     22     
21/09/1975  2.7     4.2    29     20     
22/09/1975  48      3.5    29.5   20     
23/09/1975  8       3.5    24     19     
24/09/1975  1       1.9    24     17     
25/09/1975  14.5    1.3    20.5   17.5   
26/09/1975  4.5     1.7    21.5   17.5   
27/09/1975  0       4      27     17     
28/09/1975  0       2.1    27     17     
29/09/1975  1.8     1.5    28     19     
30/09/1975  0       2.7    28.5   19     
01/10/1975  39.5    2.5    28     20     
02/10/1975  60.6    2.4    23.5   20     
03/10/1975  48      1.7    25     21     
04/10/1975  3.9     2.3    26     18     
05/10/1975  20      0.4    24     19     
06/10/1975  31.1    1.3    25     19     
07/10/1975  49.5    1.8    22     18     
08/10/1975  1       2.5    27     18     
09/10/1975  30      2.3    27     20     
10/10/1975  57      2.9    24     19     
11/10/1975  6       2.7    26     20     
12/10/1975  0.5     2.2    26.5   19     
13/10/1975  1       2.8    27     21.5   
14/10/1975  0       2.9    30     20.5   
15/10/1975  0       3.9    31.5   20     
16/10/1975  0       4      33     19     
17/10/1975  12      3.9    29     21     
18/10/1975  24.9    1.4    25     20.5   
19/10/1975  2       1.8    26     17     
20/10/1975  0       2.7    26     17     
21/10/1975  0       2.9    26     14     
22/10/1975  0       2.8    28     16     
23/10/1975  0       6.1    33     18     
24/10/1975  0       6.4    33.5   16     
25/10/1975  0       3      32     18.5   
26/10/1975  0       4.6    31     21     
27/10/1975  0       3      30     19     
28/10/1975  4.5     2.1    26     19     
29/10/1975  5       1.7    25     18     
30/10/1975  38      1.8    22     19     
31/10/1975  11      2.4    24     20     
01/11/1975  0       2      27     19     
02/11/1975  10      2.9    29     19     
03/11/1975  42      3.4    26     20     
04/11/1975  13.2    0.9    27     20     
05/11/1975  0       1.7    27     19     
06/11/1975  0       1.7    27     18     
07/11/1975  0       3.9    29     18     
08/11/1975  0       3.2    30     17     
09/11/1975  0       4      32.5   17     
10/11/1975  12.5    2.7    29     18     
11/11/1975  0       2.1    29     18     
12/11/1975  26      2.4    29     18.5   
13/11/1975  12      4.4    22     19     
14/11/1975  1.6     1.1    20     14     
15/11/1975  1       1.3    19     14     
16/11/1975  0       3      24     13     
17/11/1975  0       2.5    25     13     
18/11/1975  0       1.7    25     14.5   
19/11/1975  0.2     0.9    25     16     
20/11/1975  3       2      28     19     
21/11/1975  17.5    1.4    24     19     
22/11/1975  8.3     0.8    24     19     
23/11/1975  2       0.8    19     17     
24/11/1975  3       0.8    20     16     
25/11/1975  0       0.8    24     16     
26/11/1975  0       2.4    31     18     
27/11/1975  0       2.6    27.5   19     
28/11/1975  0       0.6    26     19     
29/11/1975  0       2.5    27     19     
30/11/1975  11.6    0.7    29     19     
01/12/1975  8.9     2.7    21.5   19     
02/12/1975  0       1.2    24     17     
03/12/1975  0       0.1    25     16     
04/12/1975  1.5     2.1    24     18     
05/12/1975  1.9     2.6    27     18     
06/12/1975  26.9    2.8    24     16.5   
07/12/1975  7.5     3.2    23.5   17     
08/12/1975  1.7     1.5    25     16     
09/12/1975  1.1     2.4    23.5   15     
10/12/1975  3.5     1.1    23     16     
11/12/1975  0       0.9    24     17     
12/12/1975  0       3.1    24     17     
13/12/1975  0       1.6    24     18     
14/12/1975  0.9     1.2    25     16     
15/12/1975  2.5     2.7    27     17     
16/12/1975  29      1.3    25     16     
17/12/1975  15.2    2.2    26     18     
18/12/1975  3.5     2.9    27     18     
19/12/1975  0       1      19     14     
20/12/1975  9.5     0.9    20     15     
21/12/1975  9       1      22     16     
22/12/1975  0       0.6    25     15     
23/12/1975  0       2.4    25     10     
24/12/1975  0       1.9    26     12     
25/12/1975  10.5    0.9    27     13     
26/12/1975  5.5     1      20     14     
27/12/1975  0       1      20     15     
28/12/1975  0       1.9    28     15     
29/12/1975  0       1.9    30     11     
30/12/1975  0       1.1    28     12     
31/12/1975  1.9     1.5    19     14     
01/01/1976  0       2.1    31     17     
02/01/1976  0       3.1    31     14     
03/01/1976  10.8    1.5    25     13     
04/01/1976  8.1     1.6    17     14     
05/01/1976  0       0.5    22     12     
06/01/1976  0       1.4    24     13     
07/01/1976  0       2.1    22     14     
08/01/1976  60      2      20     17     
09/01/1976  16.5    0.6    15     10     
10/01/1976  0       1.3    20     10     
11/01/1976  52.3    1      21     14     
12/01/1976  8.3     1.5    26     15     
13/01/1976  0       2.7    25     16     
14/01/1976  49.5    1.7    26     16     
15/01/1976  28      1      24     16     
16/01/1976  8.5     0.9    23     16     
17/01/1976  9.2     1.1    21     16     
18/01/1976  0       1.7    21     13     
19/01/1976  0       1.7    22     11     
20/01/1976  1.5     0.6    20     12     
21/01/1976  28.8    2      19     14     
22/01/1976  2       0.5    20     14     
23/01/1976  0       1.3    24     10     
24/01/1976  0       2.2    21     11     
25/01/1976  0       2.7    32     10     
26/01/1976  2.3     2.6    28     11     
27/01/1976  33.5    2.8    20     13     
28/01/1976  5       0.4    16     11     
29/01/1976  4       2.3    18     11     
30/01/1976  0       0.8    22     14     
31/01/1976  0       2.7    23     12     
01/02/1976  0       1.2    22     15     
02/02/1976  0       3      23     10     
03/02/1976  0       3.4    28     9      
04/02/1976  0       3.3    28     11     
05/02/1976  0       2.1    30     15     
06/02/1976  33.5    2.6    24     15     
07/02/1976  12      2      25     16     
08/02/1976  6.5     1.8    22     16     
09/02/1976  0       1.9    25     14     
10/02/1976  0       3.6    26     15     
11/02/1976  0       3.3    26     14     
12/02/1976  0       4.1    27     15     
13/02/1976  2.5     3      25     13     
14/02/1976  0       2.9    28     14     
15/02/1976  0.5     2.6    27     16     
16/02/1976  0       2.7    28     19     
17/02/1976  0       4.5    33     15.5   
18/02/1976  0.6     5.4    33.5   12     
19/02/1976  0       3.9    31     13     
20/02/1976  0       4.7    33     15     
21/02/1976  3.4     5.1    33     12     
22/02/1976  20.9    2.4    17.1   13     
23/02/1976  4.3     1.8    15     10     
24/02/1976  0       0.8    17     11     
25/02/1976  3       0.9    19     11     
26/02/1976  8       0.6    20     12     
27/02/1976  2       1.3    19     12     
28/02/1976  0       1.2    24     14     
29/02/1976  0       1      29     12     
01/03/1976  1       3.8    32     15     
02/03/1976  0       3.5    30     16     
03/03/1976  0       2.1    30     18     
04/03/1976  0       6.3    33     15     
05/03/1976  0       4.7    35     11     
06/03/1976  12.5    1.2    29     12     
07/03/1976  0       0.7    30     14     
08/03/1976  0       5.3    31     17     
09/03/1976  0       4.7    33     16     
10/03/1976  0       3.9    30     15     
11/03/1976  0       3.9    32     19     
12/03/1976  0       6.7    34     18     
13/03/1976  0       2.5    31     17.5   
14/03/1976  0       4.3    30     18     
15/03/1976  0       4.3    31     20     
16/03/1976  1       4.3    32.5   19     
17/03/1976  16      6.2    24     19     
18/03/1976  1.5     0.5    27     16     
19/03/1976  0       5      32     18     
20/03/1976  0       5.7    33     15     
21/03/1976  0       5.7    33     16     
22/03/1976  19      3.8    30     15     
23/03/1976  3.5     2.1    30     18     
24/03/1976  0       4.8    30     18     
25/03/1976  0       5.9    33     18     
26/03/1976  0       7.1    34     16     
27/03/1976  0       4.6    35     15     
28/03/1976  0       5.2    35     16     
29/03/1976  0       9.1    36     20     
30/03/1976  0       5.9    34     24     
31/03/1976  24      2.6    30     19     
01/04/1976  2       0.6    20     16     
02/04/1976  0       0.5    23     16     
03/04/1976  0       4.6    29     18     
04/04/1976  0       2.7    30     19     
05/04/1976  1.3     3.7    32     20     
06/04/1976  0       4.2    31     21     
07/04/1976  0       4.9    35     18     
08/04/1976  0       0.4    30     20     
09/04/1976  0       5.1    26     19     
10/04/1976  0       5      25     18     
11/04/1976  0       4.4    26     18     
12/04/1976  0       3.3    28     20     
13/04/1976  0       4.2    30     20     
14/04/1976  0       3.6    35     20     
15/04/1976  0       3.3    33     21     
16/04/1976  0       5.3    31     21     
17/04/1976  0       5.9    32     20     
18/04/1976  0       5.1    34     21     
19/04/1976  0       4.7    34     21     
20/04/1976  0       3.1    33     21     
21/04/1976  0       6      33     21     
22/04/1976  0       4.9    35     20     
23/04/1976  0       6.6    36     22     
24/04/1976  0       5.9    36     22     
25/04/1976  0       3.5    36     22     
26/04/1976  0       3.7    32     21     
27/04/1976  0       5.8    31     19     
28/04/1976  0       4.3    35     18     
29/04/1976  0       6.5    35     20     
30/04/1976  20      4.6    27     19     
01/05/1976  69      4      32     18     
02/05/1976  1       1.8    26     19     
03/05/1976  0       2.5    29     18     
04/05/1976  0       7.7    29     19     
05/05/1976  0       5.1    25     20     
06/05/1976  0       6.9    35     19     
07/05/1976  0       6.7    27     19     
08/05/1976  9.5     4.3    34     21     
09/05/1976  4.5     2.8    29     21     
10/05/1976  2.5     1.8    31     20     
11/05/1976  1       4.6    32     21     
12/05/1976  0       4.8    32     18     
13/05/1976  0       1.9    25     18     
14/05/1976  10      2.6    26     19     
15/05/1976  0       4.7    30     20     
16/05/1976  0       6.1    36     18     
17/05/1976  6       1.9    24     20     
18/05/1976  0       3.7    29     21     
19/05/1976  0       5.1    31     20     
20/05/1976  0       5.2    33     19     
21/05/1976  0       5.2    33     22     
22/05/1976  0       5.2    36     19     
23/05/1976  0       7.8    37     20     
24/05/1976  0       6.4    36     20     
25/05/1976  0       5.7    37     21     
26/05/1976  0       5.5    37     22     
27/05/1976  0       7.9    37     24     
28/05/1976  0       5.9    36     23     
29/05/1976  0       6.2    37     22     
30/05/1976  0       4.6    36     21     
31/05/1976  0       6.5    38     24     
01/06/1976  0       4.8    37     23     
02/06/1976  0       4.5    36     21     
03/06/1976  1       9.9    34     19     
04/06/1976  0       1.6    33     20     
05/06/1976  0       1.2    34     20     
06/06/1976  1       1      29     19     
07/06/1976  5       2.2    31     19     
08/06/1976  20      6.2    33     19     
09/06/1976  1       5.5    32     20     
10/06/1976  1       6.8    31     18     
11/06/1976  0       6.2    34     20     
12/06/1976  0       8.3    35     20     
13/06/1976  4.2     1      32     22     
14/06/1976  0       5.8    35     20     
15/06/1976  0.2     2.6    36     21     
16/06/1976  0       5.6    37     22     
17/06/1976  0       6.1    35     23     
18/06/1976  0       8      35     22     
19/06/1976  6       2.3    31     22     
20/06/1976  10      4.2    28     21     
21/06/1976  30      3.1    31     21     
22/06/1976  0       1.8    26     21     
23/06/1976  0       4.4    22     18     
24/06/1976  0.2     4.3    35     21     
25/06/1976  23      4.5    32     21     
26/06/1976  6       1.4    31     21     
27/06/1976  6.2     6.6    30     21     
28/06/1976  9       9      26     20     
29/06/1976  2.6     2.6    23     21     
30/06/1976  1       1.7    28     20     
01/07/1976  1       2.1    29     21     
02/07/1976  0       3.5    32     22     
03/07/1976  13      6.9    33     22     
04/07/1976  0       2.1    31     19     
05/07/1976  3       3.7    33     20     
06/07/1976  20      4.9    34     20     
07/07/1976  30      4.5    30     20     
08/07/1976  2       1.7    31     20     
09/07/1976  1       3.8    31     20     
10/07/1976  5.5     3.7    34     21     
11/07/1976  0       2.5    34     20     
12/07/1976  17      3.9    34     20     
13/07/1976  0       5.4    35     19     
14/07/1976  80      3.3    35     19     
15/07/1976  1       3      32     19     
16/07/1976  0       3.1    30     20     
17/07/1976  19      3.7    31     21     
18/07/1976  29      4.4    32     18     
19/07/1976  12      2.2    31     20     
20/07/1976  17      2.2    30     20     
21/07/1976  6       5.5    30     19     
22/07/1976  2       5.3    29     20     
23/07/1976  21      3.8    28     20     
24/07/1976  12      3.8    30     19     
25/07/1976  41      4.7    28     17     
26/07/1976  20      5.2    28     18     
27/07/1976  1       4      28     19     
28/07/1976  2       3      30     20     
29/07/1976  4       3.9    31     20     
30/07/1976  4.5     5.5    32     20     
31/07/1976  0       3.3    31     21     
01/08/1976  0       3.7    31     21     
02/08/1976  72.5    6.5    32     20     
03/08/1976  20      3      31     21     
04/08/1976  4       3.2    31     19     
05/08/1976  4       4.9    30     19     
06/08/1976  25      2.2    31     20     
07/08/1976  85      5      29     19     
08/08/1976  2       2.8    29     19     
09/08/1976  2       3.6    30     20     
10/08/1976  32      0.5    29     19     
11/08/1976  13.5    3      30     20     
12/08/1976  5       2.4    30     19     
13/08/1976  20      2.9    30     20     
14/08/1976  6       3.2    31     20     
15/08/1976  11      3.6    30     20     
16/08/1976  0       2.3    29     20     
17/08/1976  13.5    4.1    32     18     
18/08/1976  20      4.4    31     19     
19/08/1976  0       3.5    31     19     
20/08/1976  12      4.3    30     20     
21/08/1976  1       4.8    30     20     
22/08/1976  9       0.6    30     20     
23/08/1976  16      7.1    28     21     
24/08/1976  44      0.4    29     19     
25/08/1976  13      2.7    30     19     
26/08/1976  40      3.3    30     19     
27/08/1976  2       3.7    28     20     
28/08/1976  10      3.7    29     20     
29/08/1976  60      2.1    28     20     
30/08/1976  44      7      27     19     
31/08/1976  15      4.9    32     19     
01/09/1976  Nulo    Nulo   30     20     
02/09/1976  Nulo    Nulo   28     20     
03/09/1976  Nulo    Nulo   30     20     
04/09/1976  Nulo    Nulo   28     19     
05/09/1976  Nulo    Nulo   30     20     
06/09/1976  Nulo    Nulo   29     19     
07/09/1976  Nulo    Nulo   28     20     
08/09/1976  Nulo    Nulo   29     19     
09/09/1976  Nulo    Nulo   29     18     
10/09/1976  Nulo    Nulo   27     20     
11/09/1976  Nulo    Nulo   25     19     
12/09/1976  Nulo    Nulo   26     19     
13/09/1976  Nulo    Nulo   28     19     
14/09/1976  Nulo    Nulo   27     21     
15/09/1976  Nulo    Nulo   28     20     
16/09/1976  Nulo    Nulo   28     20     
17/09/1976  Nulo    Nulo   31     21     
18/09/1976  Nulo    Nulo   31     23     
19/09/1976  Nulo    Nulo   34     23     
20/09/1976  Nulo    Nulo   35     24     
21/09/1976  Nulo    Nulo   33     24     
22/09/1976  Nulo    Nulo   31     21     
23/09/1976  Nulo    Nulo   32     22     
24/09/1976  Nulo    Nulo   28     22     
25/09/1976  Nulo    Nulo   32     21     
26/09/1976  Nulo    Nulo   32     22     
27/09/1976  Nulo    Nulo   32     21     
28/09/1976  Nulo    Nulo   35     22     
29/09/1976  Nulo    Nulo   34     22     
30/09/1976  Nulo    Nulo   31     22     
01/10/1976  Nulo    Nulo   32     20     
02/10/1976  Nulo    Nulo   32     21     
03/10/1976  Nulo    Nulo   32     21     
04/10/1976  Nulo    Nulo   33     21     
05/10/1976  Nulo    Nulo   29     20     
06/10/1976  Nulo    Nulo   30     21     
07/10/1976  Nulo    Nulo   25     20     
08/10/1976  Nulo    Nulo   20     18.5   
09/10/1976  Nulo    Nulo   18     14     
10/10/1976  Nulo    Nulo   20     15     
11/10/1976  Nulo    Nulo   20     15     
12/10/1976  Nulo    Nulo   21     16     
13/10/1976  Nulo    Nulo   27     19     
14/10/1976  Nulo    Nulo   30     18     
15/10/1976  Nulo    Nulo   33     18     
16/10/1976  Nulo    Nulo   31     21     
17/10/1976  Nulo    Nulo   23.1   20     
18/10/1976  Nulo    Nulo   23     18     
19/10/1976  Nulo    Nulo   28     20     
20/10/1976  Nulo    Nulo   30     20     
21/10/1976  Nulo    Nulo   30     20     
22/10/1976  Nulo    Nulo   23     19     
23/10/1976  Nulo    Nulo   22     15     
24/10/1976  Nulo    Nulo   24     15     
25/10/1976  Nulo    Nulo   24     16     
26/10/1976  Nulo    Nulo   27     19     
27/10/1976  Nulo    Nulo   27     19     
28/10/1976  Nulo    Nulo   34     20     
29/10/1976  Nulo    Nulo   33     20     
30/10/1976  Nulo    Nulo   31     20     
31/10/1976  Nulo    Nulo   31     19     
01/11/1976  0       Nulo   19     17     
02/11/1976  0       Nulo   21     15     
03/11/1976  0       Nulo   17     15     
04/11/1976  0       Nulo   16     12     
05/11/1976  0       Nulo   15     13     
06/11/1976  0       Nulo   15     12     
07/11/1976  0       Nulo   17     12     
08/11/1976  0       Nulo   18     14     
09/11/1976  0       Nulo   17     14     
10/11/1976  0       Nulo   22     12     
11/11/1976  0       Nulo   24     13     
12/11/1976  0       Nulo   25     14     
13/11/1976  0       Nulo   22     14     
14/11/1976  0       Nulo   20     16     
15/11/1976  0       Nulo   18     14     
16/11/1976  0       Nulo   17     13     
17/11/1976  0       Nulo   22     13     
18/11/1976  0       Nulo   21     12     
19/11/1976  0       Nulo   25     14     
20/11/1976  0       Nulo   25     14     
21/11/1976  0       Nulo   25     14     
22/11/1976  0       Nulo   20     18     
23/11/1976  0       Nulo   17     16     
24/11/1976  0       Nulo   19     11     
25/11/1976  0       Nulo   23     13     
26/11/1976  0       Nulo   27.5   17     
27/11/1976  0       Nulo   32     17     
28/11/1976  0       Nulo   33     17.5   
29/11/1976  0       Nulo   17.5   13     
30/11/1976  0       Nulo   15     13     
01/12/1976  8       1.4    16     10     
02/12/1976  30.5    0.7    16     14     
03/12/1976  0       2      19     11     
04/12/1976  4.5     0.9    18     12     
05/12/1976  3       0.6    19     13     
06/12/1976  20      1.6    25     14     
07/12/1976  20      1.4    18     14     
08/12/1976  15      2.5    13.1   12     
09/12/1976  5       1      15     10     
10/12/1976  3       1      18     11     
11/12/1976  22      0.5    19     13     
12/12/1976  20      0.8    20     16     
13/12/1976  5.5     1.5    17     14     
14/12/1976  3       0.9    18     14     
15/12/1976  5       1.4    18     15     
16/12/1976  2.2     0.2    18     15     
17/12/1976  2       1      15     13     
18/12/1976  2       0.9    17     13     
19/12/1976  0       1      21     14     
20/12/1976  11      1.8    21     14     
21/12/1976  11      0.8    13.1   12     
22/12/1976  5.5     0.6    15     10     
23/12/1976  15      1.9    17     11     
24/12/1976  2       0.8    16     13     
25/12/1976  0.5     1.8    23     13     
26/12/1976  7       0.7    17     14     
27/12/1976  0       0.2    15     11     
28/12/1976  2       3.1    29     9      
29/12/1976  2       0.7    22     10     
30/12/1976  0       1.8    26     15     
31/12/1976  1.5     2.1    30     11     
01/01/1977  0       1.8    19     12     
02/01/1977  0.5     1.2    28     17     
03/01/1977  3       3.8    17     16     
04/01/1977  2       0.4    23     11     
05/01/1977  2       0.7    24     12     
06/01/1977  0       3.4    22     14     
07/01/1977  1       1.2    19     14     
08/01/1977  0.5     0.8    22     15     
09/01/1977  4       1.6    30     13     
10/01/1977  16      1.7    18     13     
11/01/1977  8       2.1    15     10     
12/01/1977  11      1.2    17     11     
13/01/1977  1       2      20     13     
14/01/1977  0       1.9    27     12     
15/01/1977  1       1.3    20     13     
16/01/1977  7       0.9    21     15     
17/01/1977  3       0.4    18     14     
18/01/1977  10      1.2    15     13     
19/01/1977  7       0.8    14     10     
20/01/1977  0       2.2    17     7      
21/01/1977  0       1.2    19     8      
22/01/1977  0.5     3.5    16     10     
23/01/1977  0       4.1    20     12     
24/01/1977  0       2.1    24     14     
25/01/1977  0       1.9    21     14     
26/01/1977  0       2.2    23     13     
27/01/1977  0       2.2    30     13     
28/01/1977  0       3      31     14     
29/01/1977  0       2.6    20     15     
30/01/1977  0       2.2    19     15     
31/01/1977  5       1.8    19     15     
01/02/1977  2       1.1    16     12     
02/02/1977  2       0.7    19     12     
03/02/1977  0       3.4    22     13     
04/02/1977  13      2.2    18     13     
05/02/1977  20      0.8    17     14     
06/02/1977  4.5     0.6    17     11     
07/02/1977  5.5     2.1    17     12     
08/02/1977  5       1.7    18     14     
09/02/1977  14      1.2    20     14     
10/02/1977  8.5     0.5    18     14     
11/02/1977  0       6.3    18     14     
12/02/1977  2.5     3.2    25     15     
13/02/1977  17      3.6    18     16     
14/02/1977  0       0.8    18     13     
15/02/1977  12      0.9    16     13     
16/02/1977  23      0.7    15     13     
17/02/1977  2       0.7    16     11     
18/02/1977  0       1.9    29     10     
19/02/1977  0       3.7    21     9      
20/02/1977  2       1.8    23     10     
21/02/1977  0       2.9    23     11     
22/02/1977  0       4.3    30     12     
23/02/1977  0       7.1    32     13     
24/02/1977  0       4.5    30     12     
25/02/1977  0       5.8    28     13     
26/02/1977  2       5.5    30     14     
27/02/1977  2.5     6.9    17     13     
28/02/1977  0       2.5    20     11     
01/03/1977  0       1.5    20     12     
02/03/1977  0       0.8    24     13     
03/03/1977  0       9.8    31     12     
04/03/1977  0       3.4    30     14     
05/03/1977  0       3.1    27     16     
06/03/1977  14      3.9    25     13     
07/03/1977  7.5     1.1    15     12     
08/03/1977  0       0.4    15     11     
09/03/1977  0       1.3    15     11     
10/03/1977  0       2.7    30     13     
11/03/1977  0       2.6    31     14     
12/03/1977  0       4.2    25     12     
13/03/1977  0       4.9    27     12     
14/03/1977  0       3.7    30     14     
15/03/1977  0       4      30     16     
16/03/1977  0       4.5    28     12     
17/03/1977  0       3.9    29     11     
18/03/1977  0       9.3    33     12     
19/03/1977  0       7.8    32     13     
20/03/1977  0       2.8    32     9      
21/03/1977  7.5     1.9    34     11     
22/03/1977  26.5    2.1    21     17     
23/03/1977  0       4      23     17     
24/03/1977  0       5.1    28     17     
25/03/1977  0       4.6    32     18     
26/03/1977  0       5.6    32     17     
27/03/1977  0       9.1    31     19     
28/03/1977  0       7.8    32     20     
29/03/1977  0       8.4    33     14     
30/03/1977  0       7.2    33     13     
31/03/1977  0       8.8    32     14     
01/04/1977  0       2.5    34     14     
02/04/1977  0       8.9    34     15     
03/04/1977  0       9.4    33     16     
04/04/1977  6       2      33     23     
05/04/1977  0       3.5    25     15     
06/04/1977  0       7.3    19     12     
07/04/1977  7       5.2    17     13     
08/04/1977  24.5    2.3    20     14     
09/04/1977  1       1.4    20     14     
10/04/1977  9       4.9    21     12     
11/04/1977  7.5     2.7    22     15     
12/04/1977  4       3.9    25     12     
13/04/1977  0       7.4    25     14     
14/04/1977  0       3.7    26     17     
15/04/1977  0       1.1    25     18     
16/04/1977  0       2.3    28     13     
17/04/1977  0       5.5    34     15     
18/04/1977  0       5.6    30     15     
19/04/1977  0       3.3    29     19     
20/04/1977  0       3.7    23     18     
21/04/1977  0       5.2    33     17     
22/04/1977  1       1.6    27     17     
23/04/1977  1.5     1.4    22     16     
24/04/1977  0       6.1    23     16     
25/04/1977  0       5.7    27     17     
26/04/1977  0       4.5    25     14     
27/04/1977  0       4      27     15     
28/04/1977  0       2.4    33     18     
29/04/1977  0       4      30     17     
30/04/1977  0       2.5    30     18     
01/05/1977  0       6.2    32     18     
02/05/1977  0       6.9    32     12     
03/05/1977  0       4.9    30     17     
04/05/1977  0       7.4    32     14     
05/05/1977  0       6.6    33     14     
06/05/1977  0       8.1    32     13     
07/05/1977  0       6.4    34     16     
08/05/1977  0       4.5    32     17     
09/05/1977  0       1.7    35     17     
10/05/1977  0       2.7    35     17     
11/05/1977  0       1.5    35     17     
12/05/1977  0       4.5    30     18     
13/05/1977  0       8.9    29     20     
14/05/1977  0       2.6    30     18     
15/05/1977  0       2.7    32     16     
16/05/1977  0       5.1    35     18     
17/05/1977  0       5.7    34     18     
18/05/1977  0       4.4    33     20     
19/05/1977  0       6.6    35     21     
20/05/1977  0       4.5    34     20     
21/05/1977  0       2.6    35     19     
22/05/1977  0       5.1    33     19     
23/05/1977  0       6.8    33     19     
24/05/1977  0       4.3    32     19     
25/05/1977  0       4.4    31     19     
26/05/1977  0       5.4    33     18     
27/05/1977  0       1.4    34     19     
28/05/1977  0       4.8    34     18     
29/05/1977  0       3.4    35     17     
30/05/1977  0       7      32     18     
31/05/1977  16.5    5.5    30     19     
01/06/1977  0       5.3    32     18     
02/06/1977  0       3.7    31     17     
03/06/1977  0       4.2    32     17     
04/06/1977  1       5.9    32     15     
05/06/1977  12      5.6    29     16     
06/06/1977  14      3.2    29     19     
07/06/1977  15      3.9    26     20     
08/06/1977  1.5     3.2    27     19     
09/06/1977  0       2.9    30     18     
10/06/1977  8       3.8    30     19     
11/06/1977  15      6.7    30     19     
12/06/1977  0       6.8    32     19     
13/06/1977  12      6.7    34     20     
14/06/1977  0       6.7    31     18     
15/06/1977  18      5.5    31     20     
16/06/1977  11.5    4.2    28     16     
17/06/1977  30      3.9    25     18     
18/06/1977  8.5     3      27     19     
19/06/1977  1       5.8    25     19     
20/06/1977  3       1.6    30     19     
21/06/1977  1       2.2    29     19     
22/06/1977  1       4.6    31     19     
23/06/1977  13.5    4.8    30     19     
24/06/1977  7.5     3.4    30     18     
25/06/1977  0       5.2    30     18     
26/06/1977  0       5.4    29     19     
27/06/1977  0       5.4    30     18     
28/06/1977  0       6.5    30     19     
29/06/1977  10      4.3    30     20     
30/06/1977  9       6.5    30     18     
01/07/1977  0       2.5    30     19     
02/07/1977  0       3.8    30     17     
03/07/1977  20      3.9    27     18     
04/07/1977  7       2.8    28     16     
05/07/1977  13      3.1    27     17     
06/07/1977  59      3.5    27     18     
07/07/1977  0       1.3    26     18     
08/07/1977  1.5     6.3    29     19     
09/07/1977  1       3.9    28     19     
10/07/1977  2       3.1    31     17     
11/07/1977  2       3.1    26     19     
12/07/1977  0       4.3    30     19     
13/07/1977  5       4.8    28     18     
14/07/1977  87.5    2.7    27     17     
15/07/1977  28      3.9    27     18     
16/07/1977  17      3      28     17     
17/07/1977  14.5    4.6    29     18     
18/07/1977  1       2.7    29     19     
19/07/1977  0       8.3    30     19     
20/07/1977  13      5.2    30     20     
21/07/1977  0       3.8    28     18     
22/07/1977  46.5    7.3    27     19     
23/07/1977  8.5     1.6    26     18     
24/07/1977  2       3.3    26     18     
25/07/1977  2       3.9    29     18     
26/07/1977  9       5.1    30     17     
27/07/1977  1       4.1    29     17     
28/07/1977  0       7.5    29     18     
29/07/1977  0       4.7    30     20     
30/07/1977  1       5.7    29     19     
31/07/1977  6       3.3    29     19     
01/08/1977  15      3.3    30     20     
02/08/1977  23      2.4    28     19     
03/08/1977  20      6.3    30     18     
04/08/1977  31      2.8    29     18     
05/08/1977  36      4.2    29     19     
06/08/1977  3       1.9    29     19     
07/08/1977  31.5    5.9    28     17     
08/08/1977  34      4.8    28     17     
09/08/1977  4       1.9    28     18     
10/08/1977  4       2.8    23     19     
11/08/1977  35      3      28     19     
12/08/1977  7       4.3    28     18     
13/08/1977  0       3.6    29     19     
14/08/1977  0       4      31     18     
15/08/1977  6       2.4    30     19     
16/08/1977  28      4.2    29     20     
17/08/1977  19      4.9    28     19     
18/08/1977  10      2.5    28     19     
19/08/1977  2       7.7    28     18     
20/08/1977  0       4.5    28     18     
21/08/1977  3       4.1    30     19     
22/08/1977  4       5.2    30     17     
23/08/1977  1.5     5.8    31     18     
24/08/1977  1       3.1    30     19     
25/08/1977  10      4.4    30     20     
26/08/1977  0       4.2    30     19     
27/08/1977  0       5.1    30     19     
28/08/1977  18      3      30     18     
29/08/1977  0       2.4    30     18     
30/08/1977  0       5.3    30     19     
31/08/1977  0       4.1    31     20     
01/09/1977  11      3.6    31     20     
02/09/1977  0       2.6    30     15     
03/09/1977  22      0.9    29     17     
04/09/1977  0       1.8    28     17     
05/09/1977  3       3.8    30     18     
06/09/1977  0       2.1    31     19     
07/09/1977  5       2.3    30     18     
08/09/1977  93      4.4    29     20     
09/09/1977  0       3.3    28     18     
10/09/1977  1.5     2.1    29     18     
11/09/1977  1       3.1    29     20     
12/09/1977  0       2.7    30     18     
13/09/1977  0       4.2    30     19     
14/09/1977  32      4.7    31     20     
15/09/1977  10.5    2      27     17     
16/09/1977  71      3.6    25     18     
17/09/1977  10      1.8    27     18     
18/09/1977  7       2.6    26     18     
19/09/1977  6       4      29     19     
20/09/1977  15      3.4    27     18     
21/09/1977  58      3.7    27     18     
22/09/1977  20      3.1    29     18     
23/09/1977  10      4.4    30     19     
24/09/1977  0       3.7    29     18     
25/09/1977  0       3.8    30     17     
26/09/1977  0       3.7    30     19     
27/09/1977  11      5.5    30     19     
28/09/1977  14      3.3    29     18     
29/09/1977  0       5.2    29     18     
30/09/1977  1       2.2    29     19     
01/10/1977  50      3.2    30     18     
02/10/1977  4.5     3.1    29     18     
03/10/1977  25      3.6    32     18     
04/10/1977  1       3.1    27     16     
05/10/1977  20      4.3    26     17     
06/10/1977  12      3      27     19     
07/10/1977  2.5     3.7    28     18     
08/10/1977  0       3.6    30     19     
09/10/1977  0       4.1    32     20     
10/10/1977  0       3      30     20     
11/10/1977  0       2.5    30     20     
12/10/1977  60      2.8    22     19     
13/10/1977  23      3.2    17     10     
14/10/1977  0       1.5    20     14     
15/10/1977  0.8     0.7    22     15     
16/10/1977  11      0.4    23     16     
17/10/1977  1       3.7    25     16     
18/10/1977  0       2.2    25     14     
19/10/1977  1       7.3    24     15     
20/10/1977  0       1.7    25     17     
21/10/1977  0       2.3    27     16     
22/10/1977  2       2.1    28     16     
23/10/1977  0       2.3    30     17     
24/10/1977  15      2      29     18     
25/10/1977  110     2.9    25     19     
26/10/1977  13      3.1    26     18     
27/10/1977  15      3.8    25     19     
28/10/1977  1.5     1.5    27     18     
29/10/1977  0       1      27     18     
30/10/1977  0       3.1    28     18     
31/10/1977  0       3.5    29     18     
01/11/1977  0       2.9    30     18     
02/11/1977  30.5    4.1    30     18     
03/11/1977  0       1.5    25     17     
04/11/1977  1       1.4    23     18     
05/11/1977  0       1.8    25     14     
06/11/1977  0.5     3.3    27     12     
07/11/1977  0       3.5    30     14     
08/11/1977  0       5.4    30     15     
09/11/1977  76      3.6    32     14     
10/11/1977  59      5.5    19     15     
11/11/1977  40      6.4    18     15     
12/11/1977  16      2      18     14     
13/11/1977  0       3.6    22     13     
14/11/1977  0       1.5    21     12     
15/11/1977  0       2.3    25     13     
16/11/1977  0       2.7    28     13     
17/11/1977  1       3.2    28     12     
18/11/1977  0       1.8    26     13     
19/11/1977  0       2.3    27     17     
20/11/1977  1       2.4    28     19     
21/11/1977  3       0.9    27     19     
22/11/1977  1.5     2.2    25     19     
23/11/1977  3       1.1    25     17     
24/11/1977  0       1.1    25     16     
25/11/1977  0       1      25     17     
26/11/1977  2       2.3    26     15     
27/11/1977  0       1.5    25     12     
28/11/1977  1       1.3    26     11     
29/11/1977  0       3.4    27     14     
30/11/1977  0       2.2    28     15     
01/12/1977  4       1.4    26     18     
02/12/1977  6       2      24     18     
03/12/1977  2       2.5    22     18     
04/12/1977  0.5     2.8    23     16     
05/12/1977  0       1.3    31     17     
06/12/1977  10      2.7    25     16     
07/12/1977  3.5     1      21     17     
08/12/1977  0       1.7    20     15     
09/12/1977  45      3      25     15     
10/12/1977  18      2.8    20     16     
11/12/1977  60      1.9    19     16     
12/12/1977  2       1.2    21     16     
13/12/1977  0       0.9    23     17     
14/12/1977  6       3.4    24     16     
15/12/1977  0.5     2.8    20     15     
16/12/1977  0.2     2.3    27     16     
17/12/1977  0       1.4    30     16     
18/12/1977  0       2.6    25     17     
19/12/1977  0       1.3    27     16     
20/12/1977  41      3.8    25     17     
21/12/1977  40      2.7    18     13     
22/12/1977  1.5     1.1    19     11     
23/12/1977  0       1      18     11     
24/12/1977  0       2.1    23     10     
25/12/1977  0       2      25     12     
26/12/1977  0       1.1    21     11     
27/12/1977  4       2.2    19     15     
28/12/1977  0       1.1    23     14     
29/12/1977  0       0.9    25     14     
30/12/1977  0       1      25     14     
31/12/1977  0       1.5    23     15     
01/01/1978  0       1.8    24     14     
02/01/1978  27      2.2    21     15     
03/01/1978  14      2.7    16     13     
04/01/1978  6       2.6    17     13     
05/01/1978  2.5     2.1    23     14     
06/01/1978  1       2      24     16     
07/01/1978  0.5     2.2    28     16     
08/01/1978  100     1.9    22     15     
09/01/1978  0       1.9    20     12     
10/01/1978  0       1.2    21     10     
11/01/1978  0       2.4    22     10     
12/01/1978  0.5     4.3    20     10     
13/01/1978  0       0.6    20     11     
14/01/1978  1.5     1.9    18     14     
15/01/1978  0       4.8    20     10     
16/01/1978  0       2      20     10     
17/01/1978  0       2.2    26     10     
18/01/1978  0       6.4    29     10     
19/01/1978  22      1.6    20     13     
20/01/1978  3       0.9    16     11     
21/01/1978  1       0.8    20     12     
22/01/1978  26      2.1    20     13     
23/01/1978  5       1.2    17     12     
24/01/1978  0       3.5    25     14     
25/01/1978  6       5.1    30     15     
26/01/1978  0       1.7    20     16     
27/01/1978  0       1.4    19     12     
28/01/1978  6       2.6    16     12     
29/01/1978  3       1.1    21     12     
30/01/1978  0       3.3    19     13     
31/01/1978  0       2.8    26     14     
01/02/1978  0       2.2    24     15     
02/02/1978  15      1.9    22     14     
03/02/1978  8       1.5    17     15     
04/02/1978  16      1.5    15     12     
05/02/1978  11      2.5    17     11     
06/02/1978  0       3.2    21     11     
07/02/1978  1       3.1    25     10     
08/02/1978  1       2.3    18     14     
09/02/1978  0       3.5    22     12     
10/02/1978  3       2      24     12     
11/02/1978  0       1.8    28     10     
12/02/1978  0       2      29     14     
13/02/1978  1       2.7    30     11     
14/02/1978  0       1.8    24     12     
15/02/1978  0       1.7    27     16     
16/02/1978  0       1.2    20     15     
17/02/1978  0       1.1    25     15     
18/02/1978  21      1.2    20     16     
19/02/1978  5       1.8    15     13     
20/02/1978  14      2.7    17     13     
21/02/1978  11      2.5    15     11     
22/02/1978  3.5     2.1    14     12     
23/02/1978  0       1.7    19     10     
24/02/1978  0       3.8    22     11     
25/02/1978  0       2.4    26     10     
26/02/1978  0       3.4    26     10     
27/02/1978  0       3.2    28     13     
28/02/1978  0       4.9    33     15     
01/03/1978  0       4.8    30     15     
02/03/1978  0       7.1    30     17     
03/03/1978  0       9.2    30     18     
04/03/1978  41      3.9    23     11     
05/03/1978  1       3.9    17     12     
06/03/1978  0       4.2    30     12     
07/03/1978  0       6      31     16     
08/03/1978  6       3.4    25     14     
09/03/1978  0       1.2    19     11     
10/03/1978  0       3.5    25     11     
11/03/1978  0       6.1    31     11     
12/03/1978  0       5.1    33     10     
13/03/1978  0       8.6    33     11     
14/03/1978  0       7.2    32     13     
15/03/1978  2       4.2    28     15     
16/03/1978  39      6.8    18     14     
17/03/1978  7       3.6    13     10     
18/03/1978  6       1      13     11     
19/03/1978  0       1.4    18     11     
20/03/1978  0       1.2    21     12     
21/03/1978  0       4.5    27     12     
22/03/1978  0       2.4    27     13     
23/03/1978  0       3.6    33     15     
24/03/1978  0       6.2    33     14     
25/03/1978  3       1.3    26     15     
26/03/1978  45.5    4.8    25     13     
27/03/1978  8       2.4    28     13     
28/03/1978  0       2.4    23     12     
29/03/1978  0       6.2    26     10     
30/03/1978  0       5.6    23     11     
31/03/1978  0       4.8    25     11     
01/04/1978  0       4.4    35     20     
02/04/1978  0       4.8    35     19     
03/04/1978  0       3      36     21     
04/04/1978  1       4.4    35     24     
05/04/1978  0       4.8    36     24     
06/04/1978  0       4.1    37     22     
07/04/1978  0       4.9    39     20     
08/04/1978  0       4.9    40     20     
09/04/1978  0       5.2    40     21     
10/04/1978  0       8.9    38     22     
11/04/1978  5       3.9    35     21     
12/04/1978  3       5.3    25     20     
13/04/1978  2.5     0.8    31     17     
14/04/1978  0       1.9    36     18     
15/04/1978  0       2.6    38     21     
16/04/1978  0       4.1    37     21     
17/04/1978  0       2.3    36     22     
18/04/1978  0       9.6    38     20     
19/04/1978  0       5      40     23     
20/04/1978  0       4.7    38     22     
21/04/1978  0       5.8    38     23     
22/04/1978  0       3.9    35     24     
23/04/1978  0       7      38     22     
24/04/1978  0       5.2    35     23     
25/04/1978  0       4.7    32     24     
26/04/1978  0       6.2    32     19     
27/04/1978  0       4.2    38     20     
28/04/1978  0       4.7    38     22     
29/04/1978  0       7.5    38     22     
30/04/1978  0       7.6    40     21     
01/05/1978  0       9.7    35     23     
02/05/1978  0       11.9   35     23     
03/05/1978  0       10.7   33     24     
04/05/1978  0       11.5   32     20     
05/05/1978  0       5.4    34     16     
06/05/1978  0       11     34     17     
07/05/1978  0       11.6   35     24     
08/05/1978  0       5.1    35     24     
09/05/1978  0       8.4    37     21     
10/05/1978  0       5.7    34     22     
11/05/1978  0       5.8    32     21     
12/05/1978  0       7.5    35     20     
13/05/1978  0       5.7    35     20     
14/05/1978  0       6.3    32     19     
15/05/1978  0       5.8    30     20     
16/05/1978  0       6.7    35     19     
17/05/1978  0       10.2   35     20     
18/05/1978  0       9.7    35     20     
19/05/1978  0.5     8.3    34     20     
20/05/1978  0       5      33     21     
21/05/1978  0       4.6    30     20     
22/05/1978  0       6.3    39     20     
23/05/1978  1.5     6.1    32     21     
24/05/1978  49.5    6.4    24     20     
25/05/1978  46      5.3    34     18     
26/05/1978  0       6.5    32     17     
27/05/1978  8       2.5    31     18     
28/05/1978  0       5.8    31     19     
29/05/1978  70      5.2    29     19     
30/05/1978  1       4      27     19     
31/05/1978  47      4.2    33     19     
01/06/1978  8       5.1    30     19     
02/06/1978  3       5.6    29     19     
03/06/1978  0       5.8    30     20     
04/06/1978  17      3.5    22.1   19     
05/06/1978  1       4.9    23     18     
06/06/1978  0       7.4    31     18     
07/06/1978  0       6.2    30     19     
08/06/1978  1       8.5    30     20     
09/06/1978  55      3.2    30     19     
10/06/1978  14      5.1    29     18     
11/06/1978  3       2.3    27     18     
12/06/1978  93      3      23     18     
13/06/1978  19.5    6.5    29     18     
14/06/1978  6       4.2    28     19     
15/06/1978  37      3.1    25     19     
16/06/1978  13      0.9    25     19     
17/06/1978  9       4      24     18     
18/06/1978  12      2.4    26     18     
19/06/1978  9       0.6    25     17     
20/06/1978  1       2.7    28     18     
21/06/1978  12      5.9    28     18     
22/06/1978  27      3.2    26     18     
23/06/1978  20      4.6    23     17     
24/06/1978  43      1.9    26     18     
25/06/1978  3       3.5    30     18     
26/06/1978  13.5    6.2    31     18     
27/06/1978  4       2.8    29     18     
28/06/1978  67      2.6    25     19     
29/06/1978  3       1.3    25     17     
30/06/1978  28.4    2.1    27     17     
01/07/1978  6       3.3    27     18     
02/07/1978  10      2.3    29     18     
03/07/1978  7       4.6    22     18     
04/07/1978  15.7    3.6    28     19     
05/07/1978  9       0.6    28     19     
06/07/1978  1       4.7    28     19     
07/07/1978  25      2.1    28     18     
08/07/1978  35      3.8    27     17     
09/07/1978  50      4      25     17     
10/07/1978  23      4.3    26     17     
11/07/1978  11      5.3    26     16     
12/07/1978  4       4.1    29     16     
13/07/1978  6.5     5.3    29     17     
14/07/1978  12      5.3    28     18     
15/07/1978  1       3      28     19     
16/07/1978  1       2.9    29     19     
17/07/1978  5       3.5    30     19     
18/07/1978  15      4.2    26     19     
19/07/1978  3.5     2.8    27     17     
20/07/1978  67      4.1    28     17     
21/07/1978  11      2.7    25     18     
22/07/1978  1       1.6    24     17     
23/07/1978  8       2.7    27     17     
24/07/1978  7.5     3.6    27     18     
25/07/1978  1       4.3    30     19     
26/07/1978  0       4.1    28     19     
27/07/1978  4       2.9    32     19     
28/07/1978  11.5    4.4    31     19     
29/07/1978  0       6.2    25     18     
30/07/1978  0       5.1    30     18     
31/07/1978  0       4      32     20     
01/08/1978  0       5.7    29     20     
02/08/1978  0       6      30     19     
03/08/1978  0       5.9    30     18     
04/08/1978  5       2.6    28     18     
05/08/1978  3       4.6    29     18     
06/08/1978  2       1.8    27     18     
07/08/1978  1       1.2    25     19     
08/08/1978  12.5    8.3    28     17     
09/08/1978  38      4.8    25     19     
10/08/1978  11      5.9    25     18     
11/08/1978  10.5    3.9    28     19     
12/08/1978  7       4.5    24     19     
13/08/1978  2       4.1    27     18     
14/08/1978  4       5.6    25     18     
15/08/1978  20      4.3    27     18     
16/08/1978  0.4     3.2    27     18     
17/08/1978  6       8      29     19     
18/08/1978  8       4.1    30     20     
19/08/1978  26      2.9    27     18     
20/08/1978  183     4.2    27     17     
21/08/1978  9       3.7    25     17     
22/08/1978  53      3.6    23     11     
23/08/1978  52      3.9    25     17     
24/08/1978  21      4.2    27     17     
25/08/1978  22      4.9    27     19     
26/08/1978  0       5.3    30     19     
27/08/1978  0       5.9    27     18     
28/08/1978  0       5.5    30     18     
29/08/1978  56      1.4    32     19     
30/08/1978  45      3      38     19     
31/08/1978  30.5    4.5    27     19     
01/09/1978  65      2.4    26     20     
02/09/1978  15      3.6    27     16     
03/09/1978  23      3.1    24     16     
04/09/1978  12      3.3    24     17     
05/09/1978  205     1.8    25     18     
06/09/1978  25      3.7    23     18     
07/09/1978  0       4.7    30     17     
08/09/1978  3       4.1    30     17     
09/09/1978  20      5.2    28     17     
10/09/1978  0       4.1    31     18     
11/09/1978  0       5.4    31     16     
12/09/1978  0       6.4    32     16     
13/09/1978  1       6      32     18     
14/09/1978  8       4.5    33     18     
15/09/1978  9       4      31     17     
16/09/1978  1       6.4    30     17     
17/09/1978  1       6.5    29     17     
18/09/1978  0       6.7    30     18     
19/09/1978  142     2.6    23     18     
20/09/1978  22      4.2    27     18     
21/09/1978  1       6.7    25     18     
22/09/1978  77      2.8    23     18     
23/09/1978  6       4.4    28     17     
24/09/1978  32      3.5    27     17     
25/09/1978  28      3      27     17     
26/09/1978  14      5.3    27     18     
27/09/1978  14      4.1    29     18     
28/09/1978  63      2.7    27     18     
29/09/1978  66      3      25     18     
30/09/1978  81      2.5    25     18     
01/10/1978  41      2      27     17     
02/10/1978  39      1.9    25     17     
03/10/1978  23      1.7    27     17     
04/10/1978  193     1.4    28     18     
05/10/1978  36      1.3    28     18     
06/10/1978  32      0.5    24     18     
07/10/1978  32      0.6    27     19     
08/10/1978  27      0.6    22     19     
09/10/1978  40      1.2    24     19     
10/10/1978  25      2.9    25     18     
11/10/1978  0       2.3    27     19     
12/10/1978  0       5.6    25     18     
13/10/1978  5       2.9    26     17     
14/10/1978  13      1.5    25     18     
15/10/1978  43      2.3    19     16     
16/10/1978  20      1.8    19     15     
17/10/1978  23      2.5    19     15     
18/10/1978  22      1.4    20     16     
19/10/1978  28      2.4    19     16     
20/10/1978  0       5.4    23     16     
21/10/1978  0       2.5    24     16     
22/10/1978  0       5      25     14     
23/10/1978  0       2.7    26     13     
24/10/1978  5       2.4    25     13     
25/10/1978  0       3.8    25     15     
26/10/1978  0       4.4    18     14     
27/10/1978  0       2.9    27     15     
28/10/1978  22      3.3    25     15     
29/10/1978  48      1.8    21     16     
30/10/1978  7       2.8    21     18     
31/10/1978  0.9     2.7    26     16     
01/11/1978  5       2.6    23     15     
02/11/1978  21      1      22     16     
03/11/1978  2       3.5    23     17     
04/11/1978  0       2      25     15     
05/11/1978  0       2.6    27     15     
06/11/1978  3.5     2.6    28     16     
07/11/1978  9       3.2    22     18     
08/11/1978  7       1      20     16     
09/11/1978  0       1.7    23     16     
10/11/1978  0       2.1    22     16     
11/11/1978  0       3.2    25     17     
12/11/1978  0       2.3    27     18     
13/11/1978  0       1.3    25     18     
14/11/1978  0       1.1    28     18     
15/11/1978  0       1.1    28     18     
16/11/1978  0       2.9    27     19     
17/11/1978  105     2.8    25     19     
18/11/1978  13      2.8    25     19     
19/11/1978  0       2.1    24     17     
20/11/1978  0       1.8    23     18     
21/11/1978  17      3      22     17     
22/11/1978  14      1.2    20     17     
23/11/1978  23      2.8    20     17     
24/11/1978  84      3.9    24     18     
25/11/1978  0       2      25     18     
26/11/1978  0       2.9    28     19     
27/11/1978  0       4.2    30     17     
28/11/1978  4       3.6    25     17     
29/11/1978  0       3.5    21     17     
30/11/1978  0       3.9    22     18     
01/12/1978  0       3.8    23     18     
02/12/1978  0       2.2    28     18     
03/12/1978  0       5.1    30     17     
04/12/1978  80      2.9    30     16     
05/12/1978  0       1.8    24     17     
06/12/1978  0       1.7    29     17     
07/12/1978  0       1.2    30     14     
08/12/1978  0       2.2    32     15     
09/12/1978  25.5    3.4    21     18     
10/12/1978  0       2.3    28     9      
11/12/1978  0       2.9    18     9      
12/12/1978  86      2.8    17     10     
13/12/1978  12.5    2      17     9      
14/12/1978  0       2      20     15     
15/12/1978  0       8.9    23     14     
16/12/1978  36      3.1    21     13     
17/12/1978  21.5    2.6    20     14     
18/12/1978  3.5     1.5    23     17     
19/12/1978  0       1.7    20     17     
20/12/1978  0       2.1    28     16     
21/12/1978  4       1.1    27     13     
22/12/1978  0       1.8    21     14     
23/12/1978  0       1.9    26     15     
24/12/1978  0       2.5    29     15     
25/12/1978  0       1.1    23     14     
26/12/1978  0       3.8    25     15     
27/12/1978  3       3.2    25     15     
28/12/1978  0       1.8    21     16     
29/12/1978  0       4.5    24     16     
30/12/1978  0       2.5    26     17     
31/12/1978  0       3.5    25     17     
01/01/1979  9       1      25     15     
02/01/1979  53      1      15     10     
03/01/1979  8       0.8    13     6      
04/01/1979  3       0.7    15     6      
05/01/1979  7       0.8    17     10     
06/01/1979  0       1.8    24     13     
07/01/1979  1       0.8    29     13     
08/01/1979  43      1.3    19     12     
09/01/1979  10      1.2    14     11     
10/01/1979  0       1.5    19     11     
11/01/1979  2.5     0.6    19     10     
12/01/1979  1       1.2    20     14     
13/01/1979  11      2.6    28     13     
14/01/1979  22      0.8    17     10     
15/01/1979  1       0.4    15     9      
16/01/1979  0       1.2    15     10     
17/01/1979  15      1      19     10     
18/01/1979  3       0.6    18     12     
19/01/1979  0       0.7    23     16     
20/01/1979  22.5    1.4    28     13     
21/01/1979  3.5     1.7    14     13     
22/01/1979  0       2.4    21     11     
23/01/1979  7.5     1.3    26     11     
24/01/1979  15      2.8    17     15     
25/01/1979  1       2.1    20     13     
26/01/1979  0       2.5    29     11     
27/01/1979  3       0.8    28     11     
28/01/1979  6       0.8    18     11     
29/01/1979  0       0.9    20     11     
30/01/1979  0       0.9    30     14     
31/01/1979  16      1.8    18     14     
01/02/1979  4       1.8    16     13     
02/02/1979  0       1.6    20     13     
03/02/1979  0       2.1    25     13     
04/02/1979  0       3.3    25     15     
05/02/1979  0       2.6    22     14     
06/02/1979  0       2.2    29     11     
07/02/1979  20      2.2    24     12     
08/02/1979  6       1.6    17     13     
09/02/1979  4       2.1    16     12     
10/02/1979  1       2.5    20     12     
11/02/1979  0       2.8    17     12     
12/02/1979  0       1.4    21     13     
13/02/1979  0       2      23     14     
14/02/1979  0       3.6    22     12     
15/02/1979  0       1.4    30     11     
16/02/1979  0       2.4    30     12     
17/02/1979  8       1.9    25     15     
18/02/1979  25      2.4    16     14     
19/02/1979  8       1.4    16     11     
20/02/1979  1       1.3    16     12     
21/02/1979  0       2.6    15     13     
22/02/1979  0       1.6    27     13     
23/02/1979  0       2.2    32     14     
24/02/1979  0       1.5    32     13     
25/02/1979  4       1.2    30     15     
26/02/1979  0       2      19     12     
27/02/1979  0       1.7    26     9      
28/02/1979  0       2.8    26     9      
01/03/1979  0       2.9    27     15     
02/03/1979  0       3.6    31     14     
03/03/1979  0       2.7    30     13     
04/03/1979  0       4.6    19     14     
05/03/1979  6       2.9    20     15     
06/03/1979  3       1.6    19     14     
07/03/1979  1       2.8    20     14     
08/03/1979  0       4.6    20     13     
09/03/1979  0       3      27     12     
10/03/1979  0       4.4    31     13     
11/03/1979  10      3.3    20     16     
12/03/1979  10      1.8    20     14     
13/03/1979  1       4.4    23     13     
14/03/1979  4       3.2    27     15     
15/03/1979  2       2.8    24     16     
16/03/1979  0       3.4    26     17     
17/03/1979  0       4.1    26     16     
18/03/1979  0       4.3    29     16     
19/03/1979  0       2.2    32     16     
20/03/1979  0       3.5    32     14     
21/03/1979  0       5      32     13     
22/03/1979  0       2.8    32     14     
23/03/1979  1       3.6    31     12     
24/03/1979  11      4.3    35     15     
25/03/1979  2       3.6    20     14     
26/03/1979  0       3.2    25     14     
27/03/1979  0       4.2    25     15     
28/03/1979  0       3      26     17     
29/03/1979  0       3.6    30     17     
30/03/1979  0       4.4    32     16     
31/03/1979  0       2.8    33     18     
01/04/1979  0       3.4    33     17     
02/04/1979  0       2.1    35     17     
03/04/1979  0       2.2    34     17     
04/04/1979  1       2.9    33     12     
05/04/1979  4       3.1    25     13     
06/04/1979  5       3.4    26     18     
07/04/1979  0       3.2    29     17     
08/04/1979  0       2.6    30     17     
09/04/1979  0       2.8    33     15     
10/04/1979  0       2.2    32     14     
11/04/1979  0       4.4    32     22     
12/04/1979  0       1.7    33     23     
13/04/1979  0       3.3    35     14     
14/04/1979  0       2.6    29     17     
15/04/1979  0       3.5    30     20     
16/04/1979  0       5      30     20     
17/04/1979  0       4.2    30     18     
18/04/1979  0       6.7    34     14     
19/04/1979  0       3.7    35     14     
20/04/1979  23      5.8    32     16     
21/04/1979  74      3.7    32     15     
22/04/1979  0       2.2    25     16     
23/04/1979  1       2      30     17     
24/04/1979  0       6      31     15     
25/04/1979  0       2      34     17     
26/04/1979  0       3.5    35     14     
27/04/1979  0       2.9    33     13     
28/04/1979  0       2.3    32     14     
29/04/1979  0       3.9    34     16     
30/04/1979  0       7.1    34     12     
01/05/1979  0       1.1    33     19     
02/05/1979  0       2.8    35     18     
03/05/1979  0       2.9    35     18     
04/05/1979  1       2.6    34     18     
05/05/1979  30      1.9    22     21     
06/05/1979  0       3.7    27     12     
07/05/1979  0       3.1    33     16     
08/05/1979  0       1.8    33     16     
09/05/1979  0       2.1    34     17     
10/05/1979  0       3.7    36     20     
11/05/1979  0       1.1    36     13     
12/05/1979  21      3.4    35     15     
13/05/1979  20      9.5    29     15     
14/05/1979  24      2.6    24     16     
15/05/1979  13      2.6    24     17     
16/05/1979  5       2.4    25     18     
17/05/1979  0       4.6    27     18     
18/05/1979  0       4.6    28     11     
19/05/1979  0       2.5    28     13     
20/05/1979  0       5.8    36     13     
21/05/1979  0       2.1    36     16     
22/05/1979  0       2      34     15     
23/05/1979  0       2.9    35     16     
24/05/1979  24      2.1    26     18     
25/05/1979  21      2      28     19     
26/05/1979  1       2.9    31     17     
27/05/1979  1       2.5    36     16     
28/05/1979  0       4.5    33     16     
29/05/1979  0       1.3    32     17     
30/05/1979  0       3.4    32     18     
31/05/1979  0       2.8    30     19     
01/06/1979  43      2      29     17     
02/06/1979  12      2.8    29     17     
03/06/1979  11      0.9    30     19     
04/06/1979  0       2.5    32     19     
05/06/1979  0       2.4    32     19     
06/06/1979  0       1.2    31     16     
07/06/1979  10      2.9    33     16     
08/06/1979  0       1.8    37     19     
09/06/1979  24      2      28     18     
10/06/1979  20      0.8    26     18     
11/06/1979  24      3      26     16     
12/06/1979  5       2.6    24     17     
13/06/1979  0       2.5    25     17     
14/06/1979  3       3.8    27     16     
15/06/1979  2       1.1    27     16     
16/06/1979  0       4.2    30     15     
17/06/1979  0       3.5    32     16     
18/06/1979  0       3      33     18     
19/06/1979  17      2.7    37     19     
20/06/1979  1       2.1    31     17     
21/06/1979  0       2.8    30     18     
22/06/1979  0       2.4    29     17     
23/06/1979  0       3.6    30     17     
24/06/1979  19      3.2    26     17     
25/06/1979  52      2      24     17     
26/06/1979  113     2.9    24     18     
27/06/1979  5       2.8    26     18     
28/06/1979  32      2.6    29     19     
29/06/1979  30      3.7    29     18     
30/06/1979  0       1.9    30     18     
01/07/1979  0       5.4    30     18     
02/07/1979  1       5.2    30     19     
03/07/1979  11      2.9    31     18     
04/07/1979  20      3.8    30     16     
05/07/1979  25      3.9    29     17     
06/07/1979  140     2.6    27     19     
07/07/1979  35      4.2    28     19     
08/07/1979  0       5.5    30     17     
09/07/1979  2       1.4    31     16     
10/07/1979  0       3      30     19     
11/07/1979  0       2.3    32     19     
12/07/1979  0       3.1    31     16     
13/07/1979  0       1.9    29     17     
14/07/1979  2       2      32     17     
15/07/1979  16      3.3    32     16     
16/07/1979  6       0.9    31     17     
17/07/1979  9       2.3    30     18     
18/07/1979  7       2.9    30     18     
19/07/1979  0       2.5    31     17     
20/07/1979  90.7    2      28     17     
21/07/1979  10      3.3    30     19     
22/07/1979  0       2      31     17     
23/07/1979  0       4      33     16     
24/07/1979  0       2.8    32     17     
25/07/1979  0       6.3    32     17     
26/07/1979  0       3.7    33     19     
27/07/1979  56      3      29     19     
28/07/1979  30      2.5    29     17     
29/07/1979  0       1.7    29     19     
30/07/1979  31      4      30     19     
31/07/1979  0       3.4    31     18     
01/08/1979  2       1.7    30     17     
02/08/1979  5       1.7    29     18     
03/08/1979  43      2.3    28     17     
04/08/1979  87      3.3    26     17     
05/08/1979  21      2.9    25     20     
06/08/1979  0       4      29     20     
07/08/1979  35      2.6    27     18     
08/08/1979  13      3.8    29     13     
09/08/1979  18      4.8    29     17     
10/08/1979  17      5.4    28     17     
11/08/1979  17      3.7    30     17     
12/08/1979  1       2      29     18     
13/08/1979  73      3.4    27     19     
14/08/1979  47      5.3    27     18     
15/08/1979  36      2.2    28     19     
16/08/1979  17      4.8    27     19     
17/08/1979  24      4.2    26     19     
18/08/1979  16      2.8    26     19     
19/08/1979  14      3.1    25     20     
20/08/1979  61      2.9    26     19     
21/08/1979  60      3.5    24     19     
22/08/1979  0       2.5    27     18     
23/08/1979  5       2.1    28     19     
24/08/1979  72      3.2    26     19     
25/08/1979  18      3      26     18     
26/08/1979  6       1.9    24     17     
27/08/1979  5       3.8    30     18     
28/08/1979  47      6.9    32     19     
29/08/1979  24      5.5    30     19     
30/08/1979  4       3.6    29     18     
31/08/1979  107     4.2    29     19     
01/09/1979  100     1.1    29     18     
02/09/1979  58      3.4    27     16     
03/09/1979  77      1.8    28     19     
04/09/1979  4       2.3    28     18     
05/09/1979  20      2.5    30     18     
06/09/1979  20      1.3    30     17     
07/09/1979  8       2      27     18     
08/09/1979  27      1.2    28     19     
09/09/1979  2       2.3    28     18     
10/09/1979  0       3.8    29     18     
11/09/1979  12      3.8    30     19     
12/09/1979  1       3.2    30     17     
13/09/1979  0       3.7    29     17     
14/09/1979  15      2.5    27     19     
15/09/1979  11      4.1    39     19     
16/09/1979  2       4.7    26     19     
17/09/1979  6       3.2    25     16     
18/09/1979  7       3.1    29     14     
19/09/1979  12      2.7    30     16     
20/09/1979  28      2.1    27     18     
21/09/1979  20      1.3    30     19     
22/09/1979  7       4      26     16     
23/09/1979  5       4.2    25     16     
24/09/1979  26      2.8    24     17     
25/09/1979  0       3.1    27     14     
26/09/1979  0       3.7    26     14     
27/09/1979  0       3.6    28     15     
28/09/1979  0       3.7    29     14     
29/09/1979  0       5.3    28     15     
30/09/1979  0       5.9    29     16     
01/10/1979  0       2      26     13     
02/10/1979  4       1.9    34     14     
03/10/1979  11      2.1    28     17     
04/10/1979  4.6     1.5    26     17     
05/10/1979  1       1.5    26     16     
06/10/1979  0       3.3    27     16     
07/10/1979  0       2.8    25     16     
08/10/1979  1       3.1    26     17     
09/10/1979  16      2.9    27     18     
10/10/1979  6       2.1    29     18     
11/10/1979  0       3.3    29     17     
12/10/1979  0       4.3    30     15     
13/10/1979  7       2.8    29     15     
14/10/1979  32      2.3    29     17     
15/10/1979  0       2.2    28     15     
16/10/1979  0       4      29     15     
17/10/1979  0       4.1    29     16     
18/10/1979  0       5.3    29     15     
19/10/1979  0       4.1    29     15     
20/10/1979  0       3.4    30     16     
21/10/1979  5       4.2    31     19     
22/10/1979  0       3.9    30     19     
23/10/1979  18      3.3    25     21     
24/10/1979  20      2.2    22     15     
25/10/1979  0       3.5    22     15     
26/10/1979  0       4.9    24     15     
27/10/1979  0       4.4    25     15     
28/10/1979  0       3.8    32     18     
29/10/1979  0       4.9    28     17     
30/10/1979  0       5.8    31     18     
31/10/1979  0       6.2    30     18     
01/11/1979  0       2.2    27     19     
02/11/1979  13      1.8    22     17     
03/11/1979  12      1.5    22     17     
04/11/1979  2       3.3    19     16     
05/11/1979  0       2.9    22     16     
06/11/1979  0       4.6    20     13     
07/11/1979  4       5      21     14     
08/11/1979  0       3.9    25     14     
09/11/1979  0       5.3    30     14     
10/11/1979  0       4.7    31     12     
11/11/1979  0       3.7    28     15     
12/11/1979  0       4.3    29     15     
13/11/1979  69      4.3    29     18     
14/11/1979  0       2      20     15     
15/11/1979  3       4.2    19     14     
16/11/1979  7       3.3    19     12     
17/11/1979  0       3.3    20     14     
18/11/1979  0       4.1    20     14     
19/11/1979  5       4.8    20     15     
20/11/1979  0       3.6    36     16     
21/11/1979  0       3.7    24     16     
22/11/1979  28      1.8    26     16     
23/11/1979  6       1.9    19     16     
24/11/1979  0       3.9    22     15     
25/11/1979  0       4.4    21     14     
26/11/1979  0       3.6    20     15     
27/11/1979  0       2.7    19     12     
28/11/1979  4       3.8    19     13     
29/11/1979  41      3      19     14     
30/11/1979  9       4.9    19     11     
01/12/1979  14      1.9    18     12     
02/12/1979  10      1.6    18     13     
03/12/1979  11      2.3    20     13     
04/12/1979  3       2.8    20     13     
05/12/1979  0       1.9    22     14     
06/12/1979  0       2.6    24     14     
07/12/1979  7       1.7    25     15     
08/12/1979  14      4.6    28     16     
09/12/1979  20      1.9    30     15     
10/12/1979  29      1.8    28     14     
11/12/1979  0       2.1    25     12     
12/12/1979  0       2.4    25     12     
13/12/1979  17      1.7    25     11     
14/12/1979  11      3.2    24     11     
15/12/1979  1       1.6    20     12     
16/12/1979  0       2.6    20     12     
17/12/1979  38      2.4    20     13     
18/12/1979  12      3      22     11     
19/12/1979  0       2.2    22     11     
20/12/1979  0       2.4    23     11     
21/12/1979  0       2.6    21     12     
22/12/1979  0       2.5    21     13     
23/12/1979  0       1.8    22     11     
24/12/1979  7       2.2    26     11     
25/12/1979  0       2.5    28     11     
26/12/1979  0       2.7    28     10     
27/12/1979  0       3.1    25     12     
28/12/1979  0       1.5    25     12     
29/12/1979  0       2.9    25     11     
30/12/1979  0       2.5    26     12     
31/12/1979  0       2.1    27     14     
01/01/1980  0       2.5    23     15     
02/01/1980  0       2.2    23     17     
03/01/1980  1       3.2    24     11     
04/01/1980  7       0.6    17     13     
05/01/1980  2       0.8    18     12     
06/01/1980  0       1.7    22     13     
07/01/1980  0       2      25     11     
08/01/1980  0       2      29     11     
09/01/1980  0       1.7    25     11     
10/01/1980  0       3.5    24     12     
11/01/1980  1       3      32     14     
12/01/1980  7       3      23     15     
13/01/1980  1       1.8    22     11     
14/01/1980  0       2      24     12     
15/01/1980  0       1.8    27     16     
16/01/1980  0       1.7    30     15     
17/01/1980  0       2      30     11     
18/01/1980  0       1.2    30     12     
19/01/1980  0       3.9    29     16     
20/01/1980  50      5      26     13     
21/01/1980  0       3.4    25     16     
22/01/1980  29      1.9    30     15     
23/01/1980  1       1.1    16     13     
24/01/1980  0       2.2    15     13     
25/01/1980  3       0.7    25     11     
26/01/1980  0       0.7    25     12     
27/01/1980  0       1.5    25     14     
28/01/1980  0       0.9    26     15     
29/01/1980  0       2      26     17     
30/01/1980  0       3.1    27     17     
31/01/1980  4       2.9    28     17     
01/02/1980  5       1.1    26     12     
02/02/1980  4       1.8    25     10     
03/02/1980  45      1.8    17     12     
04/02/1980  4       1.8    18     11     
05/02/1980  0       1.9    23     10     
06/02/1980  1       1.5    21     11     
07/02/1980  1       1.2    19     12     
08/02/1980  0       2.4    29     13     
09/02/1980  12      4.1    28     10     
10/02/1980  9       1.3    17     11     
11/02/1980  3       0.6    25     11     
12/02/1980  5       0.8    20     11     
13/02/1980  1       2.4    18     11     
14/02/1980  0       0.8    27     13     
15/02/1980  0       0.8    23     15     
16/02/1980  6       0.7    30     14     
17/02/1980  8       2      29     9      
18/02/1980  1       2.8    16     12     
19/02/1980  0       2.1    25     11     
20/02/1980  0       1.8    31     13     
21/02/1980  0       3.1    36     12     
22/02/1980  0       4.1    31     10     
23/02/1980  0       4.9    31     13     
24/02/1980  1       7.5    28     14     
25/02/1980  2       0.9    27     16     
26/02/1980  1       1.2    15     12     
27/02/1980  5       3.9    15     12     
28/02/1980  0       1.8    26     11     
29/02/1980  0       1.5    30     12     
01/03/1980  38      2      31     13     
02/03/1980  14      1.9    14     11     
03/03/1980  1       0.4    19     10     
04/03/1980  0       2.9    21     12     
05/03/1980  0       2.9    31     11     
06/03/1980  0       3      25     13     
07/03/1980  0       1.5    30     14     
08/03/1980  0       7.5    31     14     
09/03/1980  0       4.4    30     14     
10/03/1980  0       1.6    29     15     
11/03/1980  0       3.8    31     15     
12/03/1980  0       4.9    32     14     
13/03/1980  1       6.4    31     13     
14/03/1980  13      3.2    21     15     
15/03/1980  1.5     3.4    25     14     
16/03/1980  0       1.3    30     14     
17/03/1980  0       1.8    35     16     
18/03/1980  0       4.3    18     12     
19/03/1980  0       4.2    26     12     
20/03/1980  0       3.8    33     14     
21/03/1980  0       3.3    26     15     
22/03/1980  0       2.7    28     16     
23/03/1980  0       4      24     15     
24/03/1980  0       4.8    32     14     
25/03/1980  0       2.6    30     15     
26/03/1980  0       2.8    32     14     
27/03/1980  0       3.1    31     11     
28/03/1980  0       2.2    31     14     
29/03/1980  0       2.5    35     15     
30/03/1980  4       3.6    31     17     
31/03/1980  0       4.9    31     17     
01/04/1980  0       3.7    35     16     
02/04/1980  0       6      35     15     
03/04/1980  0       6      31     21     
04/04/1980  0       7.1    33     16     
05/04/1980  2       3.8    30     17     
06/04/1980  0       2.7    33     20     
07/04/1980  0       6.8    36     18     
08/04/1980  46      5.9    37     17     
09/04/1980  0       1.2    36     16     
10/04/1980  0       4.5    31     15     
11/04/1980  0       6.8    32     11     
12/04/1980  0       8.7    32     13     
13/04/1980  60      6.6    29     24     
14/04/1980  5       3.5    17     14     
15/04/1980  8       4.1    17     13     
16/04/1980  0       3      25     12     
17/04/1980  3       6.4    24     15     
18/04/1980  2       5.9    24     16     
19/04/1980  5       4.1    23     15     
20/04/1980  0       3.6    26     13     
21/04/1980  0       5.2    27     10     
22/04/1980  0       2.9    26     11     
23/04/1980  0       3.4    24     13     
24/04/1980  0       6.5    33     15     
25/04/1980  0       8.8    32     18     
26/04/1980  2.5     4.8    35     17     
27/04/1980  1.1     1.6    26     18     
28/04/1980  0       4.7    27     15     
29/04/1980  0       2.5    30     12     
30/04/1980  0       8.5    30     12     
01/05/1980  0       6.3    35     18     
02/05/1980  0       3.2    34     17     
03/05/1980  0       3.5    33     19     
04/05/1980  0       5.2    33     19     
05/05/1980  0       2.7    34     19     
06/05/1980  0       4.9    33     18     
07/05/1980  0       5.9    37     20     
08/05/1980  0       5.7    31     20     
09/05/1980  0       4.1    36     21     
10/05/1980  0       4.9    39     19     
11/05/1980  0       5      40     19     
12/05/1980  0       5.1    40     16     
13/05/1980  0       6.2    39     19     
14/05/1980  0       4.4    37     16     
15/05/1980  0       5.1    35     22     
16/05/1980  0       5.2    36     18     
17/05/1980  0       4.5    36     18     
18/05/1980  0       4.3    36     20     
19/05/1980  5       8.1    40     22     
20/05/1980  0       3.2    35     19     
21/05/1980  0       2.7    34     19     
22/05/1980  7       5      39     19     
23/05/1980  0       4.9    39     15     
24/05/1980  0       7.6    37     20     
25/05/1980  0       6.5    37     21     
26/05/1980  0       4.9    39     18     
27/05/1980  0       4.5    35     21     
28/05/1980  0       4.6    36     19     
29/05/1980  0       3.7    37     19     
30/05/1980  4       6.8    38     17     
31/05/1980  0       4.9    36     17     
01/06/1980  0       6      35     18     
02/06/1980  3       7      36     20     
03/06/1980  9       5.1    35     20     
04/06/1980  9       2.9    30     17     
05/06/1980  0       2      29     17     
06/06/1980  0       8      35     19     
07/06/1980  0       7.2    35     19     
08/06/1980  10      6.7    29     20     
09/06/1980  0       3      31     18     
10/06/1980  7       5.3    35     18     
11/06/1980  4       5.8    32     20     
12/06/1980  26      2.9    32     18     
13/06/1980  70      1.4    29     20     
14/06/1980  41      5.8    30     20     
15/06/1980  50      1.1    31     20     
16/06/1980  0       4.8    35     19     
17/06/1980  4       2.9    35     18     
18/06/1980  5       5.8    34     19     
19/06/1980  4       5.4    36     21     
20/06/1980  5       2.1    36     20     
21/06/1980  27      2.2    33     20     
22/06/1980  11      2.1    31     20     
23/06/1980  32      6.8    31     19     
24/06/1980  70      1      30     19     
25/06/1980  39      4      33     18     
26/06/1980  21      2.8    30     18     
27/06/1980  18      3.1    29     18     
28/06/1980  5       4.8    31     19     
29/06/1980  8       6.1    35     19     
30/06/1980  0.5     6.4    36     20     
--------------------------------------
